0.1396,0.003458771444382955
0.1397,0.008646928610957387
0.1398,0.010376314333148865
0.1399,0.01383508577753182
0.1401,0.015564471499723297
0.1402,0.017293857221914774
0.1403,0.01902324294410625
0.1404,0.02248201438848921
0.1405,0.024211400110680688
0.1406,0.025940785832872165
0.1408,0.031128942999446595
0.1409,0.0380464858882125
0.1411,0.04150525733259546
0.1412,0.048422800221361376
0.1413,0.05361095738793581
0.1414,0.06571665744327615
0.1416,0.07090481460985058
0.1417,0.07436358605423354
0.1418,0.08128112894299945
0.1419,0.11932761483121196
0.1421,0.13489208633093525
0.1422,0.15045655783065856
0.1423,0.15910348644161593
0.1424,0.2109850581073603
0.1426,0.2628666297731046
0.1427,0.31128942999446596
0.1428,0.3700885445489762
0.1429,0.47731045932484784
0.1431,0.5170863309352518
0.1432,0.5672385168788047
0.1433,0.6173907028223574
0.1434,0.658895960154953
0.1435,0.698671831765357
0.1436,0.7470946319867183
0.1437,0.7799529607083564
0.1438,0.8041643608190371
0.1439,0.8404814609850582
0.144,0.8923630326508024
0.1441,0.9563503043718872
0.1442,1.0186081903707802
0.1443,1.0843248478140566
0.1444,1.1275594908688433
0.1445,1.1828998339789707
0.1446,1.227863862755949
0.1447,1.2866629773104594
0.1448,1.3454620918649696
0.1449,1.390426120641948
0.145,1.433660763696735
0.1451,1.4751660210293303
0.1452,1.5149418926397344
0.1453,1.5547177642501384
0.1454,1.596223021582734
0.1455,1.6308107360265631
0.1456,1.6705866076369675
0.1457,1.701715550636414
0.1458,1.738032650802435
0.1459,1.8002905368013282
0.146,1.846983951300498
0.1461,1.879842280022136
0.1462,1.9351826231322633
0.1463,1.9784172661870503
0.1464,2.0337576092971776
0.1465,2.07180409518539
0.1466,2.11849750968456
0.1467,2.1703790813503043
0.1468,2.2222606530160487
0.1469,2.2620365246264527
0.147,2.313918096292197
0.1471,2.3727172108467074
0.1472,2.4851272827891533
0.1474,2.5439263973436637
0.1475,2.606184283342557
0.1476,2.661524626452684
0.1477,2.7791228555617042
0.1479,2.83273381294964
0.148,2.908826784726065
0.1481,2.979731599335916
0.1482,3.121541228555617
0.1484,3.1699640287769784
0.1485,3.2114692861095735
0.1486,3.266809629219701
0.1487,3.3740315439955726
0.1489,3.4207249584947426
0.149,3.4812534587714445
0.1491,3.5383231876037633
0.1492,3.6835915882678476
0.1494,3.754496402877698
0.1495,3.82713060320974
0.1496,3.8824709463198674
0.1497,3.9291643608190374
0.1498,3.9896928610957385
0.1499,4.058868289983398
0.15,4.138420033204206
0.1501,4.205866076369674
0.1502,4.2594770337576096
0.1503,4.326923076923077
0.1504,4.396098505810736
0.1505,4.4462506917542886
0.1506,4.520614277808523
0.1507,4.5794133923630325
0.1508,4.653776978417266
0.1509,4.717764250138351
0.151,4.790398450470393
0.1511,4.8751383508577755
0.1512,4.958148865522967
0.1513,5.030783065855008
0.1514,5.099958494742667
0.1515,5.141463752075262
0.1516,5.207180409518539
0.1517,5.2919203099059215
0.1518,5.368013281682346
0.1519,5.457941339236303
0.152,5.556516325401217
0.1521,5.662008854454897
0.1522,5.750207526286663
0.1523,5.876452684006641
0.1524,5.999239070282235
0.1525,6.106460985058107
0.1526,6.198118428334256
0.1527,6.307069728832319
0.1528,6.41429164360819
0.1529,6.509407858328721
0.153,6.604524073049253
0.1531,6.666781959048146
0.1532,6.739416159380188
0.1533,6.822426674045379
0.1534,6.919272274488102
0.1535,7.109504703929165
0.1537,7.216726618705035
0.1538,7.344701162147205
0.1539,7.44327614831212
0.154,7.657719977863862
0.1542,7.799529607083564
0.1543,7.956903707802988
0.1544,8.086607636967349
0.1545,8.349474266740453
0.1547,8.460154952960707
0.1548,8.576023796347537
0.1549,8.710915882678472
0.155,8.958218040951854
0.1552,9.120780298837852
0.1553,9.272966242390703
0.1554,9.45801051466519
0.1555,9.743359158826784
0.1557,9.886898173768676
0.1558,10.035625345877145
0.1559,10.177434975096846
0.156,10.326162147205313
0.1561,10.48699501936912
0.1562,10.61496956281129
0.1563,10.758508577753183
0.1564,10.898588821250693
0.1565,11.042127836192584
0.1566,11.220254565578307
0.1567,11.381087437742114
0.1568,11.550567238516878
0.1569,11.699294410625345
0.157,11.861856668511345
0.1571,12.001936912008855
0.1572,12.142017155506364
0.1573,12.316685113447704
0.1574,12.463682899833978
0.1575,12.643539014941894
0.1576,12.785348644161592
0.1577,12.947910902047594
0.1578,13.120849474266741
0.1579,13.290329275041504
0.158,13.480561704482568
0.1581,13.636206419479802
0.1582,13.829897620365248
0.1583,14.02358882125069
0.1584,14.203444936358606
0.1585,14.416159380188157
0.1586,14.613309352517986
0.1587,14.77068345323741
0.1588,14.971292197011621
0.1589,15.154607083563917
0.159,15.32235749861649
0.1591,15.49529607083564
0.1592,15.676881571665744
0.1593,16.088475373547315
0.1595,16.264872717210846
0.1596,16.474128389596014
0.1597,16.697219147758716
0.1598,17.138212506917544
0.16,17.33363309352518
0.1601,17.54461815163254
0.1602,17.764250138350857
0.1603,18.22080796900941
0.1605,18.43179302711677
0.1606,18.658342556723852
0.1607,18.896997786386276
0.1608,19.369120088544552
0.1609,19.37084947426674
0.161,19.597399003873825
0.1611,19.79454897620365
0.1612,20.00207526286663
0.1613,20.40329275041505
0.1615,20.638489208633093
0.1616,20.825262866629775
0.1617,21.03278915329275
0.1618,21.472053126729385
0.162,21.69860265633647
0.1621,21.89921140011068
0.1622,22.0980907581627
0.1623,22.341934144991697
0.1624,22.523519645821803
0.1625,22.748339789706694
0.1626,22.959324847814056
0.1627,23.170309905921414
0.1628,23.39858882125069
0.1629,23.602656336469284
0.163,23.798076923076923
0.1631,24.012520752628667
0.1632,24.232152739346986
0.1633,24.41719701162147
0.1634,24.607429441062536
0.1635,24.82187327061428
0.1636,25.039775871610402
0.1637,25.274972329828444
0.1638,25.48076923076923
0.1639,25.67964858882125
0.164,25.861234089651358
0.1641,26.08605423353625
0.1642,26.31087437742114
0.1643,26.52531820697288
0.1644,26.770890979524076
0.1645,27.000899280575542
0.1646,27.23609573879358
0.1647,27.4955035971223
0.1648,27.699571112340898
0.1649,27.931308799114557
0.165,28.15958771444383
0.1651,28.3083148865523
0.1652,28.502006087437742
0.1653,28.70780298837853
0.1654,28.90149418926397
0.1655,29.079620918649695
0.1656,29.50332042058661
0.1657,29.505049806308797
0.1658,29.695282235749858
0.1659,29.923561151079138
0.166,30.12935805201992
0.1661,30.544410625345876
0.1663,30.764042612064195
0.1664,30.950816270060876
0.1665,31.156613171001663
0.1666,31.54572495849474
0.1668,31.7774626452684
0.1669,31.95040121748755
0.167,32.12852794687327
0.1671,32.51936912008854
0.1673,32.70095462091865
0.1674,32.86005810736027
0.1675,33.00186773657997
0.1676,33.31315716657443
0.1678,33.49128389596016
0.1679,33.62790536801328
0.168,33.81294964028777
0.1681,34.16920309905922
0.1683,34.36116491422247
0.1684,34.56696181516325
0.1685,34.743359158826784
0.1686,34.91283895960155
0.1687,35.07194244604317
0.1688,35.24488101826231
0.1689,35.40571389042612
0.169,35.56481737686774
0.1691,35.75332042058661
0.1692,35.95392916436082
0.1693,36.12686773657997
0.1694,36.2825124515772
0.1695,36.45545102379635
0.1696,36.60936635307139
0.1697,36.76155229662424
0.1698,36.950055340343106
0.1699,37.142017155506366
0.17,37.32879081350304
0.1701,37.48962368566685
0.1702,37.67639734366353
0.1703,37.86144161593802
0.1704,38.039568345323744
0.1705,38.19175428887659
0.1706,38.38371610403984
0.1707,38.556654676258994
0.1708,38.733052019922525
0.1709,38.90599059214167
0.171,39.08757609297177
0.1711,39.26743220807969
0.1712,39.445558937465414
0.1713,39.64097952407305
0.1714,39.836400110680685
0.1715,40.012797454344216
0.1716,40.19265356945213
0.1717,40.37596845600443
0.1718,40.57657719977864
0.1719,40.97779468732706
0.1721,41.16802711676812
0.1722,41.375553403431105
0.1723,41.53984504703929
0.1724,41.927227448810186
0.1725,41.92895683453237
0.1726,42.11400110680687
0.1727,42.321527393469836
0.1728,42.503112894299946
0.1729,42.90605976757056
0.1731,43.127421140011066
0.1732,43.309006640841176
0.1733,43.54074432761483
0.1734,43.92639734366353
0.1736,44.12527670171555
0.1737,44.31032097399004
0.1738,44.49882401770891
0.1739,44.929441062534586
0.1741,45.16117874930824
0.1742,45.36351687880465
0.1743,45.59525456557831
0.1744,46.0224128389596
0.1746,46.212645268400664
0.1747,46.43919479800775
0.1748,46.63980354178196
0.1749,46.83868289983398
0.175,47.013350857775315
0.1751,47.23471223021583
0.1752,47.419756502490316
0.1753,47.59788323187604
0.1754,47.770821804095185
0.1755,47.99910071942446
0.1756,48.211815163254016
0.1757,48.38821250691755
0.1758,48.56979800774765
0.1759,48.77559490868843
0.176,48.96063918096292
0.1761,49.1474128389596
0.1762,49.33591588267847
0.1763,49.5330658550083
0.1764,49.738862755949086
0.1765,49.93601272827892
0.1766,50.10722191477587
0.1767,50.3043718871057
0.1768,50.50843940232429
0.1769,50.67618981737687
0.177,50.84566961815163
0.1771,51.00996126175982
0.1772,51.21575816270061
0.1773,51.412908135030435
0.1774,51.59622302158273
0.1775,51.78299667957942
0.1776,51.97668788046486
0.1777,52.13406198118429
0.1778,52.3139180962922
0.1779,52.5162562257886
0.178,52.69784172661871
0.1781,52.9001798561151
0.1782,53.32560874377421
0.1784,53.50892363032651
0.1785,53.70953237410072
0.1786,53.918788046485886
0.1787,54.31308799114555
0.1789,54.515426120641955
0.179,54.690094078583286
0.1791,54.87167957941339
0.1792,55.20026286662977
0.1793,55.201992252351964
0.1794,55.40087161040399
0.1795,55.61012728278916
0.1796,55.78479524073049
0.1797,56.16353071389043
0.1799,56.31744604316546
0.18,56.52324294410626
0.1801,56.69445213060321
0.1802,57.05070558937465
0.1804,57.23402047592695
0.1805,57.432899833978965
0.1806,57.600650249031546
0.1807,57.951715550636415
0.1809,58.12465412285556
0.181,58.28548699501936
0.1811,58.420379081350305
0.1812,58.58812949640287
0.1813,58.75415052573326
0.1814,58.918442169341446
0.1815,59.084463198671834
0.1816,59.21762589928058
0.1817,59.38364692861096
0.1818,59.542750415052566
0.1819,59.67591311566132
0.182,59.84539291643608
0.1821,59.98547315993359
0.1822,60.129012174875484
0.1823,60.29676258992806
0.1824,60.44894853348091
0.1825,60.5924875484228
0.1826,60.729109020475924
0.1827,60.88302434975097
0.1828,61.0386690647482
0.1829,61.204690094078586
0.183,61.33785279468733
0.1831,61.476203652462644
0.1832,61.628389596015495
0.1833,61.79268123962368
0.1834,61.925843940232426
0.1835,62.069382955174326
0.1836,62.204275041505255
0.1837,62.35300221361373
0.1838,62.47060044272275
0.1839,62.627974543442164
0.184,62.76632540121748
0.1841,62.88911178749308
0.1842,63.05340343110127
0.1843,63.210777531820696
0.1844,63.380257332595455
0.1845,63.69500553403431
0.1847,63.861026563364696
0.1848,63.99245987825124
0.1849,64.13772827891533
0.185,64.4472883231876
0.1852,64.6306032097399
0.1853,64.82775318206973
0.1854,64.97993912562258
0.1855,65.27739346983952
0.1857,65.40363862755949
0.1858,65.57657719977864
0.1859,65.7253043718871
0.186,66.00719424460432
0.1862,66.15073325954621
0.1863,66.28216657443276
0.1864,66.41359988931931
0.1865,66.68684283342556
0.1867,66.82173491975651
0.1868,66.97737963475373
0.1869,67.12783619258438
0.187,67.3889734366353
0.1872,67.53597122302159
0.1873,67.68469839513006
0.1874,67.81267293857222
0.1875,67.94929441062536
0.1876,68.08937465412286
0.1877,68.21907858328721
0.1878,68.34186496956282
0.1879,68.49059214167129
0.188,68.62202545655784
0.1881,68.77248201438849
0.1882,68.8935390149419
0.1883,69.03188987271722
0.1884,69.16332318760377
0.1885,69.29475650249032
0.1886,69.41754288876592
0.1887,69.55243497509684
0.1888,69.67176258992805
0.1889,69.78763143331489
0.189,69.9052296624239
0.1891,70.04703929164361
0.1892,70.17328444936358
0.1893,70.27704759269507
0.1894,70.38081073602656
0.1895,70.48457387935805
0.1896,70.58660763696734
0.1897,70.71112340896514
0.1898,70.83218040951854
0.1899,70.9411317100166
0.19,71.05354178195905
0.1901,71.17459878251246
0.1902,71.27836192584394
0.1903,71.38558384061982
0.1904,71.5118289983398
0.1905,71.631156613171
0.1906,71.74010791366906
0.1907,71.87154122855561
0.1908,72.0600442722745
0.191,72.15516048699502
0.1911,72.27794687327062
0.1912,72.40938018815717
0.1913,72.63765910348644
0.1915,72.74142224681793
0.1916,72.8313503043719
0.1917,72.9299252905368
0.1918,73.14263973436636
0.192,73.26023796347538
0.1921,73.36400110680687
0.1922,73.46084670724959
0.1923,73.70469009407859
0.1925,73.80326508024349
0.1926,73.89492252351964
0.1927,74.0038738240177
0.1928,74.2477172108467
0.193,74.36185666851135
0.1931,74.48291366906474
0.1932,74.58148865522966
0.1933,74.85991975650249
0.1935,74.9412008854455
0.1936,75.05706972883232
0.1937,75.1850442722745
0.1938,75.29053680132817
0.1939,75.40467625899281
0.194,75.49460431654677
0.1941,75.60182623132263
0.1942,75.71423630326508
0.1943,75.7920586607637
0.1944,75.8923630326508
0.1945,75.98920863309353
0.1946,76.09815993359159
0.1947,76.21229939125622
0.1948,76.32816823464306
0.1949,76.43193137797454
0.195,76.52531820697288
0.1951,76.62735196458218
0.1952,76.74149142224682
0.1953,76.84006640841173
0.1954,76.93518262313226
0.1955,77.06315716657444
0.1956,77.15654399557278
0.1957,77.26030713890427
0.1958,77.33640011068069
0.1959,77.48512728278915
0.196,77.59407858328721
0.1961,77.71859435528499
0.1962,77.80679302711677
0.1963,77.90882678472607
0.1964,78.01950747094631
0.1965,78.125
0.1966,78.22011621472053
0.1967,78.31350304371887
0.1968,78.41380741560597
0.1969,78.51238240177089
0.197,78.60058107360265
0.1971,78.76660210293304
0.1973,78.85998893193138
0.1974,78.9343525179856
0.1975,79.0346568898727
0.1976,79.20413669064749
0.1978,79.30962921970116
0.1979,79.38918096292197
0.198,79.47392086330936
0.1981,79.63475373547317
0.1983,79.72468179302712
0.1984,79.80942169341449
0.1985,79.91837299391257
0.1986,80.09131156613171
0.1988,80.16394576646375
0.1989,80.23830935251799
0.199,80.32996679579414
0.1991,80.50809352517986
0.1993,80.58937465412286
0.1994,80.67238516878804
0.1995,80.76058384061982
0.1996,80.83148865522966
0.1997,80.91795794133924
0.1998,80.9854039845047
0.1999,81.02863862755949
0.2,81.22232982844494
0.2001,81.28458771444383
0.2002,81.34684560044272
0.2003,81.41083287216381
0.2004,81.47654952960708
0.2005,81.54399557277256
0.2006,81.6131710016602
0.2007,81.68061704482568
0.2008,81.76535694521306
0.2009,81.82415605976757
0.201,81.89160210293304
0.2011,81.9798007747648
0.2012,82.05416436081904
0.2013,82.11815163254013
0.2014,82.17003320420586
0.2015,82.24958494742668
0.2016,82.34297177642502
0.2017,82.42252351964582
0.2018,82.50553403431101
0.2019,82.5902739346984
0.202,82.67328444936358
0.2021,82.76494189263973
0.2022,82.83411732152739
0.2023,82.90329275041505
0.2024,82.98457387935805
0.2025,83.05201992252353
0.2026,83.12119535141119
0.2027,83.1972883231876
0.2028,83.25262866629774
0.2029,83.30623962368566
0.203,83.39097952407305
0.2031,83.4394023242944
0.2032,83.5033895960155
0.2033,83.56045932484781
0.2034,83.66249308245712
0.2036,83.71783342556724
0.2037,83.79911455451024
0.2038,83.86310182623133
0.2039,83.99280575539568
0.2041,84.0516048699502
0.2042,84.10867459878251
0.2043,84.1692030990592
0.2044,84.293718871057
0.2046,84.34214167127836
0.2047,84.4147758716104
0.2048,84.47876314333149
0.2049,84.54275041505257
0.205,84.61711400110681
0.2051,84.68283065855007
0.2052,84.74854731599336
0.2053,84.78832318760377
0.2054,84.86614554510238
0.2055,84.93359158826784
0.2056,85.02006087437742
0.2057,85.09096568898727
0.2058,85.13420033204206
0.2059,85.21548146098506
0.206,85.26909241837299
0.2061,85.32270337576094
0.2062,85.39533757609297
0.2063,85.45413669064749
0.2064,85.50601826231322
0.2065,85.57000553403431
0.2066,85.60978140564471
0.2067,85.6547454344217
0.2068,85.7152739346984
0.2069,85.7758024349751
0.207,85.83806032097398
0.2071,85.91242390702823
0.2072,85.99197565024903
0.2073,86.05423353624792
0.2074,86.0991975650249
0.2075,86.16491422246818
0.2076,86.20814886552297
0.2077,86.26867736579968
0.2078,86.31018262313226
0.2079,86.38108743774211
0.208,86.43296900940786
0.2081,86.49695628112894
0.2082,86.55921416712783
0.2083,86.59553126729385
0.2084,86.66297731045933
0.2085,86.73734089651356
0.2086,86.80305755395683
0.2087,86.86012728278915
0.2088,86.92065578306585
0.2089,86.98118428334256
0.209,87.04863032650803
0.2091,87.08840619811843
0.2092,87.1368289983398
0.2093,87.174875484228
0.2094,87.21811012728278
0.2095,87.28036801328169
0.2096,87.337437742114
0.2097,87.4014250138351
0.2098,87.45330658550084
0.2099,87.48616491422247
0.21,87.57436358605423
0.2101,87.62797454344216
0.2102,87.68158550083011
0.2103,87.72654952960708
0.2104,87.78188987271722
0.2105,87.8233951300498
0.2106,87.87181793027116
0.2107,87.92888765910348
0.2108,87.97212230215827
0.2109,88.02400387382401
0.211,88.07242667404537
0.2111,88.11047315993359
0.2112,88.16581350304372
0.2113,88.22288323187604
0.2114,88.2695766463752
0.2115,88.30589374654123
0.2116,88.3508577753182
0.2117,88.39409241837299
0.2118,88.45116214720531
0.2119,88.50304371887106
0.212,88.56876037631434
0.2121,88.60853624792475
0.2122,88.65177089097952
0.2123,88.69154676258992
0.2124,88.74169894853348
0.2125,88.78147482014388
0.2126,88.82816823464306
0.2127,88.8610265633647
0.2128,88.91636690647482
0.2129,88.97170724958495
0.213,89.01321250691754
0.2131,89.05471776425014
0.2132,89.10832872163807
0.2133,89.17058660763698
0.2134,89.23111510791367
0.2135,89.27780852241284
0.2136,89.32969009407859
0.2137,89.37465412285556
0.2138,89.42307692307693
0.2139,89.46631156613171
0.214,89.50435805201992
0.2141,89.54759269507471
0.2142,89.5908273381295
0.2143,89.62714443829552
0.2144,89.6686496956281
0.2145,89.71361372440509
0.2146,89.76895406751521
0.2147,89.80872993912563
0.2148,89.85196458218041
0.2149,89.89174045379082
0.215,89.9539983397897
0.2151,89.99031543995572
0.2152,90.05603209739901
0.2153,90.10099612617599
0.2154,90.14423076923077
0.2155,90.18400664084118
0.2156,90.22032374100719
0.2157,90.2791228555617
0.2158,90.32754565578307
0.2159,90.36905091311566
0.216,90.4192030990592
0.2161,90.46935528500276
0.2162,90.5056723851688
0.2163,90.56793027116768
0.2164,90.6232706142778
0.2165,90.66131710016602
0.2166,90.706281128943
0.2167,90.73741007194245
0.2168,90.78237410071942
0.2169,90.83598505810735
0.217,90.88267847260653
0.2171,90.91380741560597
0.2172,90.95185390149419
0.2173,90.99162977310459
0.2174,91.04178195904815
0.2175,91.07636967349197
0.2176,91.112686773658
0.2177,91.17148588821252
0.2178,91.20088544548976
0.2179,91.26660210293304
0.218,91.30291920309907
0.2181,91.34096568898727
0.2182,91.37901217487548
0.2183,91.41359988931931
0.2184,91.44472883231876
0.2185,91.47758716104039
0.2186,91.5156336469286
0.2187,91.54330381848368
0.2188,91.5796209186497
0.2189,91.61074986164914
0.219,91.64533757609297
0.2191,91.67646651909241
0.2192,91.7197011621472
0.2193,91.75083010514665
0.2194,91.78714720531266
0.2195,91.81654676258992
0.2196,91.84594631986718
0.2197,91.8857221914776
0.2198,91.91512174875484
0.2199,91.9462506917543
0.22,91.97910902047593
0.2201,92.01196734919756
0.2202,92.043096292197
0.2203,92.06903707802988
0.2204,92.10881294964028
0.2205,92.13302434975097
0.2206,92.16242390702823
0.2207,92.20565855008302
0.2208,92.23159933591589
0.2209,92.2679164360819
0.221,92.30596292197012
0.2211,92.331903707803
0.2212,92.35438572219148
0.2213,92.37686773657997
0.2214,92.40453790813503
0.2215,92.4304786939679
0.2216,92.46160763696734
0.2217,92.5117598229109
0.2218,92.53597122302159
0.2219,92.56191200885445
0.222,92.58785279468734
0.2221,92.61033480907581
0.2222,92.65184006640841
0.2223,92.68988655229663
0.2224,92.72447426674046
0.2225,92.75214443829552
0.2226,92.78154399557278
0.2227,92.81094355285002
0.2228,92.85244881018262
0.2229,92.88184836745987
0.223,92.9198948533481
0.2231,92.94410625345877
0.2232,92.9786939679026
0.2233,93.00636413945766
0.2234,93.03576369673492
0.2235,93.06689263973436
0.2236,93.09629219701162
0.2237,93.1222329828445
0.2238,93.14644438295517
0.2239,93.16546762589928
0.224,93.19140841173216
0.2241,93.21216104039846
0.2242,93.23983121195351
0.2243,93.26577199778639
0.2244,93.29344216934145
0.2245,93.31419479800775
0.2246,93.34013558384062
0.2247,93.36780575539568
0.2248,93.39720531267294
0.2249,93.41968732706142
0.225,93.4438987271721
0.2251,93.46983951300498
0.2252,93.49578029883784
0.2253,93.5269092418373
0.2254,93.55976757055893
0.2255,93.5857083563918
0.2256,93.60300221361373
0.2257,93.62721361372441
0.2258,93.65661317100165
0.2259,93.68255395683454
0.226,93.70503597122301
0.2261,93.73443552850028
0.2262,93.75
0.2263,93.77248201438849
0.2264,93.79669341449916
0.2265,93.82782235749862
0.2266,93.83992805755396
0.2267,93.85895130049806
0.2268,93.87970392916436
0.2269,93.90737410071942
0.227,93.92985611510791
0.2271,93.95925567238517
0.2272,93.9730907581627
0.2273,93.99730215827337
0.2274,94.01632540121749
0.2275,94.04918372993912
0.2276,94.06820697288323
0.2277,94.08723021582733
0.2278,94.1131710016602
0.2279,94.12527670171555
0.228,94.14084117321528
0.2281,94.15467625899281
0.2282,94.17542888765911
0.2283,94.20828721638074
0.2284,94.22731045932484
0.2285,94.24806308799114
0.2286,94.26362755949087
0.2287,94.28956834532374
0.2288,94.31032097399003
0.2289,94.33280298837853
0.229,94.34317930271168
0.2291,94.35701438848922
0.2292,94.37084947426673
0.2293,94.38987271721085
0.2294,94.40370780298838
0.2295,94.42791920309907
0.2296,94.44867183176535
0.2297,94.46423630326508
0.2298,94.48844770337577
0.2299,94.50574156059768
0.23,94.5420586607637
0.2301,94.5593525179856
0.2302,94.57318760376315
0.2303,94.59566961815163
0.2304,94.6216104039845
0.2305,94.63890426120642
0.2306,94.65619811842834
0.2307,94.67003320420586
0.2308,94.67868013281682
0.2309,94.69770337576094
0.231,94.7236441615938
0.2311,94.7443967902601
0.2312,94.77206696181516
0.2313,94.78763143331489
0.2314,94.806654676259
0.2315,94.8239485334809
0.2316,94.83778361925845
0.2317,94.84815993359159
0.2318,94.87237133370226
0.2319,94.88793580520199
0.232,94.89485334809076
0.2321,94.9069590481461
0.2322,94.92598229109021
0.2323,94.93808799114555
0.2324,94.95365246264527
0.2325,94.97267570558937
0.2326,94.99169894853348
0.2327,95.01245157719977
0.2328,95.0280160486995
0.2329,95.04530990592141
0.233,95.050498063088
0.2331,95.06606253458772
0.2332,95.0902739346984
0.2333,95.10237963475373
0.2334,95.11967349197565
0.2335,95.12659103486442
0.2336,95.1490730492529
0.2337,95.15599059214168
0.2338,95.16290813503043
0.2339,95.18884892086331
0.234,95.20787216380742
0.2341,95.23727172108467
0.2342,95.24764803541782
0.2343,95.27013004980631
0.2344,95.28223574986166
0.2345,95.31163530713891
0.2346,95.33411732152739
0.2347,95.34968179302712
0.2348,95.36870503597122
0.2349,95.38599889319313
0.235,95.39810459324848
0.2351,95.40675152185943
0.2352,95.4326923076923
0.2353,95.44306862202546
0.2354,95.4551743220808
0.2355,95.46555063641394
0.2356,95.47765633646928
0.2357,95.48630326508024
0.2358,95.50532650802435
0.2359,95.52089097952407
0.236,95.53126729385723
0.2361,95.54164360819037
0.2362,95.5572080796901
0.2363,95.56758439402324
0.2364,95.5762313226342
0.2365,95.58833702268954
0.2366,95.59871333702269
0.2367,95.60217210846707
0.2368,95.61773657996679
0.2369,95.62811289429995
0.237,95.6367598229109
0.2371,95.64713613724405
0.2372,95.66270060874378
0.2373,95.67134753735473
0.2374,95.69037078029884
0.2375,95.70074709463199
0.2376,95.72841726618705
0.2377,95.7387935805202
0.2378,95.75089928057554
0.2379,95.75435805201992
0.238,95.76473436635307
0.2381,95.78202822357498
0.2382,95.79413392363033
0.2383,95.80796900940786
0.2384,95.83045102379634
0.2385,95.85120365246264
0.2386,95.8615799667958
0.2387,95.87541505257332
0.2388,95.88579136690647
0.2389,95.90308522412839
0.239,95.9203790813503
0.2391,95.9411317100166
0.2392,95.95496679579414
0.2393,95.97399003873825
0.2394,95.99301328168235
0.2395,96.01030713890427
0.2396,96.025871610404
0.2397,96.03797731045933
0.2398,96.05700055340343
0.2399,96.07083563918096
0.24,96.09331765356946
0.2401,96.11061151079137
0.2402,96.11234089651356
0.2403,96.1244465965689
0.2404,96.13309352517986
0.2405,96.14865799667957
0.2406,96.15384615384616
0.2407,96.17114001106806
0.2408,96.19016325401218
0.2409,96.2057277255119
0.241,96.21610403984505
0.2411,96.23685666851135
0.2412,96.25069175428888
0.2413,96.25760929717764
0.2414,96.26279745434422
0.2415,96.27317376867737
0.2416,96.29738516878804
0.2417,96.30603209739901
0.2418,96.32505534034311
0.2419,96.33370226895407
0.242,96.34407858328721
0.2421,96.35791366906474
0.2422,96.37520752628667
0.2423,96.38385445489762
0.2424,96.39768954067516
0.2425,96.40114831211953
0.2426,96.41152462645269
0.2427,96.42017155506363
0.2428,96.43400664084118
0.2429,96.44438295517432
0.243,96.44611234089652
0.2431,96.46513558384062
0.2432,96.47032374100719
0.2433,96.47551189817378
0.2434,96.48070005534034
0.2435,96.48588821250692
0.2436,96.49453514111788
0.2437,96.50664084117322
0.2438,96.51528776978418
0.2439,96.5308522412839
0.244,96.53604039845047
0.2441,96.54295794133924
0.2442,96.55333425567238
0.2443,96.55852241283895
0.2444,96.56198118428334
0.2445,96.5706281128943
0.2446,96.58792197011621
0.2447,96.59311012728278
0.2448,96.60175705589374
0.2449,96.60867459878251
0.245,96.61732152739347
0.2451,96.62250968456004
0.2452,96.62423907028224
0.2453,96.63288599889319
0.2454,96.64326231322634
0.2455,96.65363862755949
0.2456,96.66055617044826
0.2457,96.66574432761483
0.2458,96.66747371333703
0.2459,96.6709324847814
0.246,96.68130879911455
0.2461,96.6899557277255
0.2462,96.69687327061428
0.2463,96.712437742114
0.2464,96.72108467072495
0.2465,96.72627282789153
0.2466,96.73491975650249
0.2468,96.74529607083564
0.2469,96.75048422800221
0.247,96.7539429994466
0.2471,96.75913115661318
0.2472,96.76604869950194
0.2473,96.78161317100165
0.2474,96.79026009961261
0.2475,96.7954482567792
0.2476,96.80928334255672
0.2477,96.8144714997233
0.2478,96.82311842833425
0.2479,96.8334947426674
0.248,96.84214167127836
0.2481,96.84905921416713
0.2482,96.8542473713337
0.2483,96.86289429994466
0.2484,96.86635307138904
0.2485,96.86808245711124
0.2486,96.88018815716657
0.2487,96.89056447149972
0.2488,96.89921140011069
0.2489,96.9147758716104
0.249,96.91996402877699
0.2491,96.92515218594355
0.2492,96.9337991145545
0.2493,96.93725788599889
0.2494,96.93898727172109
0.2495,96.94763420033205
0.2496,96.9545517432208
0.2497,96.95973990038739
0.2498,96.9753043718871
0.2499,96.98395130049806
0.25,96.9943276148312
0.2501,97.00297454344216
0.2502,97.01162147205312
0.2503,97.02372717210847
0.2505,97.02891532927505
0.2506,97.037562257886
0.2507,97.04275041505257
0.2508,97.05485611510791
0.2509,97.0583148865523
0.251,97.06696181516325
0.2511,97.07387935805201
0.2512,97.08771444382955
0.2513,97.09463198671831
0.2514,97.11192584394023
0.2515,97.12403154399557
0.2516,97.12921970116216
0.2517,97.13440785832871
0.2518,97.14132540121749
0.2519,97.14651355838406
0.252,97.1603486441616
0.2521,97.16553680132817
0.2522,97.17245434421693
0.2523,97.17764250138352
0.2524,97.18456004427227
0.2525,97.19666574432762
0.2526,97.200124515772
0.2527,97.20877144438296
0.2528,97.21741837299392
0.2529,97.22260653016048
0.253,97.23471223021582
0.2531,97.24162977310459
0.2532,97.24854731599336
0.2533,97.25200608743774
0.2534,97.26411178749308
0.2535,97.26929994465966
0.2536,97.27448810182622
0.2537,97.27794687327062
0.2538,97.28486441615938
0.2539,97.29178195904815
0.254,97.29869950193691
0.2541,97.3021582733813
0.2542,97.30907581627007
0.2543,97.31253458771444
0.2544,97.31426397343664
0.2545,97.31945213060321
0.2546,97.32809905921417
0.2547,97.33328721638074
0.2548,97.33847537354731
0.2549,97.34193414499171
0.255,97.35231045932484
0.2551,97.35749861649143
0.2552,97.36441615938018
0.2553,97.36960431654677
0.2554,97.37479247371333
0.2555,97.38171001660211
0.2556,97.39208633093526
0.2557,97.39900387382401
0.2558,97.40592141671279
0.2559,97.40938018815717
0.256,97.41456834532374
0.2561,97.41975650249032
0.2562,97.43013281682347
0.2564,97.43877974543442
0.2565,97.44742667404537
0.2566,97.45953237410072
0.2567,97.46990868843388
0.2569,97.47509684560043
0.257,97.48028500276702
0.2571,97.49066131710016
0.2572,97.49757885998893
0.2574,97.50103763143332
0.2575,97.50795517432208
0.2576,97.51314333148865
0.2577,97.51660210293304
0.2579,97.52006087437742
0.258,97.52697841726618
0.2581,97.53389596015495
0.2582,97.54254288876592
0.2584,97.5460016602103
0.2585,97.55637797454344
0.2586,97.55983674598782
0.2587,97.57021306032098
0.2589,97.57540121748754
0.259,97.58058937465412
0.2591,97.5857775318207
0.2592,97.60134200332043
0.2594,97.61171831765357
0.2595,97.61344770337577
0.2596,97.61517708909795
0.2597,97.6255534034311
0.2599,97.63420033204206
0.26,97.6445766463752
0.2601,97.6463060320974
0.2602,97.65322357498617
0.2604,97.65668234643054
0.2605,97.65841173215274
0.2607,97.66359988931931
0.2609,97.6670586607637
0.261,97.67051743220809
0.2611,97.67397620365246
0.2612,97.68262313226343
0.2614,97.6843525179856
0.2615,97.68954067515219
0.2616,97.69472883231876
0.2617,97.7068345323741
0.2619,97.71029330381849
0.2622,97.72066961815163
0.2623,97.7258577753182
0.2624,97.73450470392916
0.2625,97.73796347537355
0.2626,97.74315163254013
0.2627,97.7466104039845
0.2628,97.75871610403985
0.2629,97.76044548976203
0.263,97.76390426120642
0.2631,97.7656336469286
0.2632,97.77082180409519
0.2633,97.77255118981738
0.2634,97.77773934698395
0.2635,97.78638627559491
0.2636,97.79330381848368
0.2637,97.80022136137244
0.2638,97.80540951853901
0.2639,97.81405644714998
0.264,97.81751521859435
0.2641,97.82097399003874
0.2642,97.82443276148312
0.2643,97.83480907581627
0.2644,97.83999723298284
0.2645,97.84518539014941
0.2646,97.85383231876038
0.2647,97.86247924737134
0.2648,97.8711261759823
0.265,97.87804371887106
0.2651,97.87977310459326
0.2652,97.88496126175981
0.2653,97.8901494189264
0.2654,97.89706696181516
0.2655,97.89879634753736
0.2656,97.90398450470393
0.2658,97.9091726618705
0.2659,97.91263143331489
0.2661,97.91781959048146
0.2662,97.91954897620366
0.2663,97.92473713337023
0.2664,97.9281959048146
0.2665,97.9299252905368
0.2666,97.93857221914776
0.2668,97.94203099059214
0.2669,97.9489485334809
0.267,97.95240730492529
0.2671,97.95413669064749
0.2672,97.95586607636967
0.2673,97.95759546209186
0.2675,97.95932484781406
0.2677,97.96278361925845
0.2678,97.96624239070282
0.2679,97.9697011621472
0.268,97.9714305478694
0.2681,97.98180686220255
0.2682,97.98353624792475
0.2683,97.9887244050913
0.2684,97.99218317653569
0.2685,97.99564194798008
0.2687,97.99737133370226
0.2688,98.00428887659103
0.269,98.00774764803542
0.2691,98.01466519092419
0.2692,98.01639457664638
0.2693,98.02331211953515
0.2695,98.02677089097952
0.2696,98.02850027670172
0.2697,98.0319590481461
0.2698,98.04233536247925
0.27,98.04406474820144
0.2701,98.04752351964582
0.2702,98.0527116768124
0.2703,98.05617044825678
0.2705,98.05962921970116
0.2706,98.06308799114555
0.2707,98.06654676258992
0.2708,98.07692307692307
0.271,98.08038184836747
0.2711,98.08384061981185
0.2712,98.08729939125622
0.2713,98.09767570558937
0.2715,98.10286386275595
0.2716,98.10632263420032
0.2717,98.10978140564471
0.2718,98.11669894853348
0.2721,98.12015771997787
0.2722,98.12188710570005
0.2723,98.13226342003321
0.2725,98.1339928057554
0.2726,98.13745157719977
0.2727,98.13918096292197
0.2728,98.14782789153293
0.2731,98.1530160486995
0.2733,98.16166297731046
0.2735,98.16685113447703
0.2736,98.17203929164361
0.2737,98.1737686773658
0.2738,98.17722744881017
0.274,98.17895683453237
0.2741,98.18068622025457
0.2742,98.18414499169896
0.2743,98.18587437742114
0.2745,98.18760376314333
0.2747,98.1945213060321
0.2748,98.19970946319867
0.2749,98.20662700608743
0.275,98.21008577753182
0.2751,98.2135445489762
0.2752,98.21873270614277
0.2753,98.22392086330936
0.2754,98.22910902047593
0.2755,98.23775594908687
0.2757,98.24121472053126
0.2758,98.24294410625346
0.2759,98.24640287769785
0.276,98.24813226342003
0.2761,98.24986164914222
0.2762,98.2533204205866
0.2763,98.2550498063088
0.2765,98.26023796347538
0.2766,98.26542612064195
0.2767,98.27234366353072
0.2768,98.2740730492529
0.277,98.27926120641948
0.2772,98.28271997786386
0.2773,98.28790813503043
0.2775,98.2948256779192
0.2776,98.2965550636414
0.278,98.30001383508578
0.2783,98.30174322080796
0.2784,98.31211953514112
0.2785,98.3173076923077
0.2788,98.31903707802988
0.2789,98.32249584947427
0.279,98.32595462091865
0.2792,98.33114277808522
0.2793,98.33460154952961
0.2794,98.34151909241837
0.2795,98.34324847814057
0.2796,98.34497786386277
0.2798,98.35535417819591
0.2799,98.36400110680687
0.28,98.36573049252905
0.2802,98.36745987825124
0.2803,98.37437742114001
0.2805,98.37956557830658
0.2806,98.38475373547317
0.2808,98.38648312119535
0.281,98.38821250691754
0.2811,98.38994189263973
0.2812,98.39340066408411
0.2814,98.39685943552851
0.2816,98.39858882125068
0.2817,98.40204759269507
0.2818,98.40896513558384
0.2819,98.41415329275041
0.2821,98.41588267847261
0.2822,98.41934144991698
0.2824,98.42452960708357
0.2826,98.42971776425014
0.2827,98.43144714997233
0.2829,98.43490592141671
0.2831,98.43663530713891
0.2832,98.44009407858329
0.2833,98.44182346430547
0.2834,98.44528223574986
0.2836,98.44701162147206
0.2838,98.44874100719424
0.2839,98.45911732152739
0.2842,98.46084670724959
0.2843,98.46257609297177
0.2844,98.46776425013834
0.2846,98.47468179302712
0.2847,98.47641117874932
0.2848,98.47814056447149
0.2849,98.48159933591589
0.2851,98.48505810736027
0.2852,98.49024626452683
0.2853,98.49370503597122
0.2854,98.49543442169342
0.2856,98.49716380741562
0.2858,98.50062257885999
0.2861,98.50581073602656
0.2862,98.50926950747095
0.2864,98.5179164360819
0.2866,98.52137520752629
0.2867,98.52483397897068
0.2868,98.52829275041505
0.2869,98.53002213613723
0.287,98.53521029330382
0.2871,98.54039845047039
0.2872,98.54385722191478
0.2873,98.54731599335916
0.2874,98.54904537908135
0.2876,98.55250415052573
0.2877,98.55596292197012
0.2879,98.56115107913669
0.2884,98.56288046485888
0.2885,98.56979800774765
0.2888,98.57325677919204
0.2889,98.57671555063642
0.289,98.581903707803
0.2891,98.58536247924738
0.2894,98.58882125069175
0.2896,98.59228002213614
0.2897,98.59400940785832
0.2898,98.59573879358052
0.2899,98.59746817930272
0.29,98.60438572219148
0.2901,98.60611510791367
0.2903,98.60784449363587
0.2904,98.61130326508024
0.2906,98.61476203652462
0.2909,98.61822080796901
0.2911,98.6199501936912
0.2913,98.62340896513558
0.2915,98.62513835085778
0.2916,98.63032650802435
0.2917,98.63378527946874
0.2918,98.63551466519093
0.2919,98.63724405091313
0.2921,98.6407028223575
0.2923,98.64243220807968
0.2924,98.64416159380188
0.2925,98.64762036524627
0.2927,98.65107913669064
0.2928,98.65280852241284
0.2929,98.65453790813503
0.293,98.65626729385723
0.2931,98.65799667957941
0.2932,98.6597260653016
0.2933,98.6614554510238
0.2934,98.66318483674598
0.2935,98.66491422246818
0.2936,98.67529053680133
0.2938,98.67701992252353
0.294,98.69604316546763
0.2942,98.69777255118983
0.2945,98.70641947980077
0.2948,98.70814886552297
0.2949,98.70987825124516
0.295,98.71852517985612
0.2952,98.7202545655783
0.2954,98.72371333702269
0.2955,98.72890149418926
0.2957,98.73063087991144
0.2958,98.73236026563364
0.296,98.73408965135584
0.2962,98.7392778085224
0.2964,98.7410071942446
0.2965,98.74273657996679
0.2967,98.74446596568899
0.2968,98.75138350857775
0.2969,98.75311289429995
0.297,98.7600304371887
0.2972,98.76521859435529
0.2973,98.76867736579968
0.2974,98.77040675152186
0.2975,98.77386552296625
0.2979,98.77559490868843
0.298,98.780783065855
0.2982,98.7825124515772
0.2983,98.78597122302159
0.2984,98.78770060874378
0.2985,98.79288876591035
0.2987,98.79461815163253
0.2988,98.79807692307693
0.299,98.80499446596569
0.2998,98.80845323741008
0.2999,98.81018262313226
0.3,98.9450747094632
0.3001,98.94853348090759
0.3003,98.95026286662977
0.3005,98.95199225235196
0.3006,98.95372163807416
0.3009,98.95890979524073
0.3011,98.96063918096291
0.3012,98.9658273381295
0.3013,98.96755672385169
0.3015,98.96928610957389
0.3016,98.97274488101826
0.3017,98.97447426674046
0.3019,98.97620365246264
0.302,98.97793303818484
0.3024,98.97966242390703
0.3025,98.98312119535142
0.3028,98.9848505810736
0.3031,98.98830935251799
0.3037,98.99003873824019
0.3039,98.99349750968456
0.304,98.99522689540674
0.3041,99.00041505257332
0.3042,99.00214443829552
0.3044,99.0038738240177
0.3046,99.0056032097399
0.3049,99.00733259546209
0.305,99.00906198118429
0.3051,99.01079136690647
0.3057,99.01252075262866
0.3059,99.01597952407305
0.3061,99.01770890979525
0.3062,99.01943829551743
0.3064,99.02116768123962
0.3066,99.03154399557278
0.3068,99.03327338129496
0.3071,99.04192030990592
0.3075,99.0453790813503
0.3076,99.05056723851688
0.3078,99.05229662423906
0.3079,99.05402600996126
0.3083,99.05575539568345
0.3086,99.06094355285002
0.3088,99.06267293857222
0.3089,99.0644023242944
0.3091,99.06786109573879
0.3093,99.06959048146099
0.3095,99.07996679579414
0.3098,99.08169618151632
0.3101,99.08342556723852
0.3103,99.0851549529607
0.3104,99.0868843386829
0.3106,99.08861372440509
0.311,99.0903431101273
0.3111,99.09207249584946
0.3114,99.09726065301605
0.3115,99.10071942446042
0.3116,99.10417819590481
0.312,99.10590758162701
0.3123,99.1076369673492
0.3125,99.1093663530714
0.3126,99.11282512451577
0.3129,99.11455451023797
0.313,99.11628389596015
0.3131,99.11974266740454
0.3135,99.12147205312672
0.3136,99.12320143884892
0.3137,99.12493082457111
0.3138,99.1301189817377
0.314,99.13184836745987
0.3141,99.13530713890427
0.3142,99.13703652462645
0.3148,99.14049529607084
0.3149,99.14222468179302
0.3156,99.14568345323741
0.3159,99.14741283895961
0.3161,99.1491422246818
0.3165,99.150871610404
0.3168,99.15260099612617
0.317,99.15433038184837
0.3172,99.15605976757055
0.3173,99.15951853901494
0.3175,99.16124792473713
0.3176,99.16297731045933
0.318,99.16470669618151
0.3183,99.16643608190371
0.3184,99.1681654676259
0.3186,99.17162423907028
0.3187,99.17335362479247
0.3194,99.17508301051467
0.3195,99.17681239623685
0.3196,99.18200055340343
0.3202,99.1889180962922
0.3205,99.1906474820144
0.3207,99.19237686773657
0.321,99.19583563918096
0.3211,99.19756502490316
0.3212,99.20275318206973
0.3217,99.20621195351411
0.3221,99.2079413392363
0.3225,99.2096707249585
0.3226,99.21140011068069
0.3227,99.21485888212507
0.3229,99.22004703929164
0.3232,99.22523519645821
0.3234,99.22696458218041
0.3236,99.2304233536248
0.3241,99.23215273934699
0.3242,99.23561151079137
0.3247,99.23734089651356
0.3248,99.23907028223576
0.325,99.24079966795794
0.3251,99.24252905368013
0.3255,99.2477172108467
0.3256,99.2494465965689
0.3257,99.25290536801327
0.3258,99.25636413945766
0.3259,99.26155229662423
0.326,99.26328168234643
0.3262,99.26674045379082
0.3263,99.268469839513
0.3265,99.2701992252352
0.3272,99.27192861095739
0.3276,99.27538738240177
0.3277,99.27711676812396
0.328,99.27884615384616
0.3281,99.28057553956835
0.3282,99.28403431101273
0.3283,99.28749308245712
0.329,99.29268123962368
0.3291,99.29441062534588
0.3295,99.29614001106806
0.3297,99.29786939679026
0.3298,99.29959878251246
0.33,99.30132816823465
0.3306,99.30305755395683
0.331,99.30478693967902
0.3312,99.30651632540122
0.3313,99.3082457111234
0.3321,99.3099750968456
0.3323,99.31516325401218
0.3327,99.31862202545656
0.3328,99.32035141117875
0.333,99.32208079690093
0.3331,99.32381018262313
0.3333,99.3307277255119
0.3335,99.33245711123408
0.3338,99.33418649695628
0.3341,99.33591588267848
0.3343,99.33764526840066
0.3347,99.33937465412286
0.3348,99.34110403984505
0.3353,99.34802158273382
0.3355,99.34975096845601
0.3356,99.35148035417821
0.3358,99.35320973990038
0.336,99.35839789706696
0.3363,99.36185666851135
0.3365,99.36358605423354
0.3366,99.36704482567792
0.3367,99.36877421140011
0.337,99.37050359712231
0.3372,99.3722329828445
0.3373,99.37396236856668
0.3374,99.37569175428888
0.3375,99.37915052573327
0.3376,99.38087991145545
0.3377,99.38260929717764
0.3379,99.38433868289984
0.3381,99.38606806862202
0.3382,99.38779745434422
0.339,99.38952684006641
0.3391,99.39298561151078
0.3396,99.39644438295517
0.3398,99.39817376867737
0.3399,99.39990315439957
0.3401,99.40509131156612
0.3404,99.40682069728832
0.3406,99.41027946873271
0.3408,99.4120088544549
0.341,99.41373824017708
0.3414,99.41546762589928
0.342,99.42757332595463
0.3421,99.42930271167681
0.3422,99.43103209739901
0.3423,99.4327614831212
0.3424,99.43449086884338
0.3425,99.43622025456558
0.3431,99.43794964028777
0.3435,99.43967902600997
0.3437,99.44140841173216
0.3438,99.44313779745434
0.3443,99.44486718317653
0.3444,99.44659656889873
0.3447,99.44832595462091
0.3448,99.45524349750968
0.3449,99.45870226895407
0.3456,99.46216104039846
0.3459,99.46389042612064
0.3467,99.46907858328721
0.3468,99.47080796900941
0.3471,99.47426674045379
0.3473,99.47772551189817
0.3474,99.48118428334256
0.3476,99.48291366906474
0.3477,99.48464305478694
0.3479,99.48637244050913
0.3482,99.48810182623133
0.3483,99.48983121195351
0.3484,99.49674875484227
0.3488,99.50020752628667
0.3491,99.50539568345323
0.3493,99.50712506917543
0.3496,99.50885445489762
0.35,99.53825401217487
0.3506,99.53998339789707
0.3511,99.54171278361926
0.3513,99.54344216934145
0.3516,99.54517155506363
0.352,99.54690094078583
0.3521,99.54863032650803
0.3526,99.55035971223022
0.3528,99.55208909795242
0.3529,99.55381848367459
0.3535,99.55554786939679
0.3537,99.55900664084118
0.3538,99.56073602656336
0.3542,99.56246541228556
0.3543,99.56592418372993
0.3544,99.56765356945213
0.3545,99.56938295517432
0.3549,99.57630049806309
0.3552,99.57802988378528
0.3556,99.57975926950748
0.3558,99.58148865522966
0.3563,99.58321804095185
0.3565,99.58494742667405
0.3567,99.58667681239623
0.357,99.58840619811843
0.3573,99.59013558384062
0.3575,99.59359435528499
0.358,99.59705312672938
0.3582,99.60051189817378
0.3584,99.60397066961815
0.3585,99.60742944106254
0.3588,99.60915882678472
0.359,99.61088821250692
0.3593,99.61261759822911
0.3608,99.6160763696735
0.3613,99.61780575539568
0.3615,99.61953514111788
0.3617,99.62126452684006
0.3618,99.62299391256226
0.3619,99.62472329828445
0.362,99.62645268400664
0.3624,99.62818206972884
0.3628,99.62991145545102
0.3629,99.63164084117322
0.363,99.6368289983398
0.3631,99.63855838406198
0.3632,99.64028776978418
0.3636,99.64201715550637
0.3646,99.64374654122855
0.3647,99.64720531267294
0.3649,99.64893469839512
0.3654,99.65066408411732
0.3655,99.6541228555617
0.3657,99.6558522412839
0.3661,99.65758162700608
0.3665,99.65931101272828
0.3668,99.66104039845047
0.3675,99.66276978417267
0.3678,99.66622855561704
0.3679,99.66795794133924
0.3684,99.66968732706142
0.3691,99.67141671278362
0.3695,99.67314609850581
0.3701,99.6766048699502
0.3705,99.67833425567238
0.3706,99.68006364139458
0.3715,99.68179302711677
0.3716,99.68352241283895
0.3721,99.68698118428334
0.3723,99.68871057000554
0.3726,99.69216934144993
0.373,99.6956281128943
0.3734,99.70081627006088
0.3735,99.70254565578307
0.3741,99.70427504150526
0.3746,99.70600442722744
0.3752,99.70773381294964
0.3754,99.70946319867183
0.3757,99.71119258439403
0.3758,99.7163807415606
0.376,99.71811012728278
0.3764,99.71983951300498
0.3767,99.72156889872717
0.3773,99.72329828444937
0.3785,99.72502767017156
0.379,99.72675705589374
0.3791,99.72848644161594
0.3798,99.73021582733813
0.38,99.73194521306033
0.3807,99.73367459878251
0.3816,99.7354039845047
0.3821,99.7371333702269
0.3825,99.74232152739347
0.3826,99.74405091311566
0.3829,99.74750968456004
0.3832,99.75096845600443
0.3844,99.75269784172663
0.3852,99.7544272274488
0.3855,99.756156613171
0.3856,99.75961538461539
0.3861,99.76134477033757
0.3862,99.76480354178196
0.3867,99.76826231322634
0.3869,99.76999169894853
0.3874,99.77172108467073
0.3879,99.77345047039292
0.3881,99.7751798561151
0.3886,99.77863862755949
0.3897,99.78209739900387
0.3901,99.78382678472607
0.3906,99.78728555617045
0.3908,99.78901494189265
0.391,99.79074432761483
0.3911,99.79247371333703
0.3912,99.7959324847814
0.3914,99.79766187050359
0.3917,99.79939125622579
0.3918,99.80112064194799
0.392,99.80285002767017
0.3923,99.80457941339236
0.3928,99.80630879911455
0.3936,99.80803818483675
0.3943,99.80976757055893
0.3947,99.81322634200332
0.3948,99.8149557277255
0.3953,99.8166851134477
0.3973,99.82014388489209
0.3978,99.82533204205866
0.3991,99.82706142778085
0.4,99.84089651355839
0.4013,99.84262589928058
0.4024,99.84435528500276
0.4026,99.84608467072495
0.404,99.84781405644715
0.405,99.84954344216933
0.4051,99.85127282789153
0.4064,99.85300221361373
0.4069,99.8547315993359
0.4092,99.8564609850581
0.4096,99.85819037078029
0.4104,99.85991975650249
0.4106,99.86337852794688
0.4116,99.86510791366906
0.4137,99.86683729939125
0.4141,99.86856668511345
0.4146,99.87202545655784
0.4156,99.87375484228002
0.4161,99.87548422800221
0.4187,99.87721361372441
0.4212,99.8789429994466
0.4213,99.88240177089098
0.4221,99.88413115661318
0.4235,99.88586054233537
0.4249,99.88758992805755
0.428,99.88931931377975
0.4294,99.89104869950194
0.4296,99.89277808522414
0.431,99.89450747094631
0.4332,99.89623685666851
0.4407,99.8979662423907
0.442,99.8996956281129
0.4437,99.9014250138351
0.4484,99.90315439955728
0.4497,99.90488378527947
0.45,99.91526009961261
0.4511,99.918718871057
0.4523,99.9204482567792
0.4524,99.92217764250138
0.4538,99.92390702822358
0.4573,99.92563641394577
0.4602,99.92736579966795
0.4676,99.92909518539015
0.4728,99.93428334255672
0.4747,99.93601272827891
0.4763,99.93774211400111
0.48,99.95157719977864
0.4879,99.95503597122301
0.4883,99.95676535694521
0.4892,99.9584947426674
0.5,99.9602241283896
0.5244,99.96195351411178
0.5292,99.96368289983398
0.5355,99.96541228555617
0.5394,99.96714167127836
0.584,99.96887105700056
0.64,99.97060044272274
0.6815,99.97232982844494
0.8,99.9809767570559
0.84,99.99135307138904
0.849,99.99481184283343
0.882,99.9982706142778
2.0,100.0
