0.0686,0.002448519869738743
0.0687,0.012242599348693714
0.0688,0.02448519869738743
0.0689,0.029382238436864917
0.069,0.0342792781763424
0.0691,0.036727798046081145
0.0692,0.04407335765529737
0.0693,0.05386743713425234
0.0694,0.06366151661320732
0.0695,0.07835263583163977
0.0696,0.08814671531059474
0.0697,0.09794079478954971
0.0698,0.11263191400798218
0.0699,0.1322200729658921
0.07,0.17384491075145075
0.0701,0.22036678827648684
0.0702,0.2864768247594329
0.0703,0.3746235400700277
0.0704,0.5778506892583434
0.0706,0.6439607257412894
0.0707,0.7345559609216229
0.0708,0.8153571166230014
0.0709,0.9916505472441909
0.0711,1.094488381773218
0.0712,1.2462966136970202
0.0713,1.410347444969516
0.0714,1.7898680247790213
0.0716,1.9735070150094267
0.0717,2.171837124458265
0.0718,2.3260938762518055
0.0719,2.514629906221689
0.072,2.752136333586347
0.0721,3.0043338801694377
0.0722,3.239391787664357
0.0723,3.464655615680321
0.0724,3.6923679635660243
0.0725,3.937219950539898
0.0726,4.157586738816386
0.0727,4.34367424891653
0.0728,4.510173600058764
0.0729,4.6546362723733505
0.073,4.796650424818197
0.0731,4.9802894150486035
0.0732,5.232486961631694
0.0733,5.457750789647657
0.0734,5.670772018314929
0.0735,5.927866604637496
0.0736,6.184961190960064
0.0737,6.417570578585245
0.0738,6.929311231360642
0.074,7.242721774687201
0.0741,7.546338238534806
0.0742,7.871991381210059
0.0743,8.459636149947357
0.0745,8.790186332362088
0.0746,9.103596875688647
0.0747,9.453735217061286
0.0748,9.838152836610268
0.0749,10.180945618373693
0.075,10.511495800788422
0.0751,10.7881785460689
0.0752,11.059964251609902
0.0753,11.358683675718028
0.0754,11.642711980607723
0.0755,11.926740285497416
0.0756,12.191180431429201
0.0757,12.42623833892412
0.0758,12.63925956759139
0.0759,12.827795597561273
0.076,13.033471266619328
0.0761,13.26118361450503
0.0762,13.528072280306555
0.0763,13.799857985847556
0.0764,14.061849611909603
0.0765,14.29690751940452
0.0766,14.561347665336305
0.0767,15.13430131485517
0.0769,15.433020738963297
0.077,15.714600523983252
0.0771,16.008422908351903
0.0772,16.569133958522073
0.0774,16.855610783281506
0.0775,17.11760240934355
0.0776,17.379594035405596
0.0777,17.913371367008644
0.0779,18.17536299307069
0.078,18.4226634999143
0.0781,18.672412526627653
0.0782,18.897676354643618
0.0783,19.110697583310888
0.0784,19.331064371587374
0.0785,19.563673759212556
0.0786,19.80362870644695
0.0787,20.028892534462916
0.0788,20.246810802869668
0.0789,20.464729071276412
0.079,20.692441419162115
0.0791,20.92260228691756
0.0792,21.187042432849342
0.0793,21.424548860214003
0.0794,21.637570088881272
0.0795,21.843245757939325
0.0796,22.330501212017335
0.0798,22.582698758600426
0.0799,22.837344825053254
0.08,23.126270169682428
0.0801,23.64535638206704
0.0803,23.946524326044905
0.0804,24.237898190543817
0.0805,24.55620577360985
0.0806,25.16343870130506
0.0808,25.44012144658554
0.0809,25.73149531108445
0.081,26.032663255062317
0.0811,26.33138267917044
0.0812,26.62030802379961
0.0813,26.921475967777482
0.0814,27.203055752797432
0.0815,27.499326657035823
0.0816,27.81273720036238
0.0817,28.113905144340244
0.0818,28.422418647927326
0.0819,28.68685879385911
0.082,28.956195979530374
0.0821,29.237775764550328
0.0822,29.48507627139394
0.0823,29.781347175632327
0.0824,30.121691437526017
0.0825,30.40816826228545
0.0826,30.69954212678436
0.0827,30.97622487206484
0.0828,31.2896354153914
0.0829,31.588354839499523
0.083,32.202933326803944
0.0832,32.47471903234494
0.0833,32.74650473788594
0.0834,33.02808452290591
0.0835,33.61328077177346
0.0837,33.870375358096034
0.0838,34.07605102715409
0.0839,34.313557454518744
0.084,34.791018829117796
0.0842,35.00648857765481
0.0843,35.21950980632208
0.0844,35.41294287603144
0.0845,35.58189074704341
0.0846,35.767978257143554
0.0847,35.971205406331876
0.0848,36.189123674738624
0.0849,36.42418158223354
0.085,36.68372468842585
0.0851,36.95306187409711
0.0852,37.2052594206802
0.0853,37.48439068583041
0.0854,37.70965451384638
0.0855,37.99123429886633
0.0856,38.24588036531916
0.0857,38.537254229818075
0.0858,38.816385494968294
0.0859,39.38689062461742
0.0861,39.59746333341495
0.0862,39.86680051908621
0.0863,40.160622903454865
0.0864,40.75561323180138
0.0866,41.01515633799368
0.0867,41.318772801841284
0.0868,41.59055850738228
0.0869,42.065571362111605
0.0871,42.354496706740775
0.0872,42.57976053475674
0.0873,42.849097720428006
0.0874,43.12822898557822
0.0875,43.39022061164026
0.0876,43.66200631718126
0.0877,43.91910090350383
0.0878,44.20312920839353
0.0879,44.43573859601871
0.088,44.6879361426018
0.0881,44.915648490487506
0.0882,45.16784603707059
0.0883,45.38576430547734
0.0884,45.630616292451215
0.0885,45.86322568007639
0.0886,46.11787174652922
0.0887,46.31130481623858
0.0888,46.5145319654269
0.0889,46.75693543253103
0.089,46.97975074067726
0.0891,47.20746308856296
0.0892,47.41558727749076
0.0893,47.932224970005635
0.0895,48.15014323841238
0.0896,48.37785558629808
0.0897,48.608016454053526
0.0898,49.10996302734997
0.09,49.34502093484488
0.0901,49.61680664038589
0.0902,49.891040865796626
0.0903,50.43216375700889
0.0905,50.706397982419624
0.0906,50.951249969393494
0.0907,51.18630787688843
0.0908,51.44340246321099
0.0909,51.678460370705906
0.091,51.930657917289004
0.0911,52.14123062608653
0.0912,52.366494454102494
0.0913,52.60155236159741
0.0914,52.82926470948311
0.0915,53.06677113684778
0.0916,53.314071643691385
0.0917,53.512401753140225
0.0918,53.745011140765406
0.0919,53.9972086873485
0.092,54.17595063783942
0.0921,54.36203814793957
0.0922,54.746455767488555
0.0924,54.94233735706765
0.0925,55.14801302612571
0.0926,55.38307093362063
0.0927,55.84584118900124
0.0929,56.08824465610538
0.093,56.32085404373056
0.0931,56.57305159031365
0.0932,56.97705736882055
0.0934,57.20476971670625
0.0935,57.45207022354987
0.0936,57.694473690654
0.0937,57.88300972062388
0.0938,58.0544061115056
0.0939,58.24783918121496
0.094,58.39719889326902
0.0941,58.575940843759945
0.0942,58.710609436595576
0.0943,58.855072108910164
0.0944,58.98239514213658
0.0945,59.14889449327882
0.0946,59.312945324551315
0.0947,59.48189319556329
0.0948,59.63614994735682
0.0949,59.81978893758723
0.095,60.0328101662545
0.0951,60.228691755833594
0.0952,60.40008814671531
0.0953,60.569036017727285
0.0954,60.74777796821821
0.0955,60.948556597536786
0.0956,61.30114345877917
0.0958,61.47743688940036
0.0959,61.64148772067285
0.096,61.803090032075616
0.0961,62.13853725422982
0.0963,62.30013956563257
0.0964,62.49602115521168
0.0965,62.718836463357896
0.0966,63.17181263925957
0.0968,63.375039788447886
0.0969,63.583163977375676
0.097,63.73252368942974
0.0971,63.89657452070223
0.0972,64.06307387184447
0.0973,64.26385250116304
0.0974,64.4499400112632
0.0975,64.67275531940942
0.0976,64.86863690898852
0.0977,65.02779070052154
0.0978,65.21632673049142
0.0979,65.37548052202443
0.098,65.53708283342719
0.0981,65.72561886339707
0.0982,65.89946377414853
0.0983,66.06351460542102
0.0984,66.26674175460934
0.0985,66.62422565559119
0.0987,66.76868832790578
0.0988,66.94253323865723
0.0989,67.14820890771529
0.099,67.56445728557087
0.0992,67.72605959697363
0.0993,67.93663230577116
0.0994,68.11047721652261
0.0995,68.51938003476899
0.0997,68.70057050512966
0.0998,68.85972429666268
0.0999,69.03112068754437
0.1,69.3224945520433
0.1001,69.52817022110135
0.1002,69.71670625107123
0.1003,69.88320560221347
0.1004,70.0815357116623
0.1005,70.27496878137165
0.1006,70.47085037095076
0.1007,70.65693788105091
0.1008,70.84792243089053
0.1009,71.02176734164198
0.101,71.19316373252369
0.1011,71.38414828236331
0.1012,71.59227247129111
0.1013,71.80774221982811
0.1014,71.9766900908401
0.1015,72.17502020028893
0.1016,72.36355623025881
0.1017,72.53740114101026
0.1018,72.71614309150118
0.1019,73.01486251560931
0.1021,73.15442814818442
0.1022,73.29889082049901
0.1023,73.4629416517715
0.1024,73.5951617247374
0.1025,73.7469699566612
0.1026,73.8742929898876
0.1027,74.01630714233247
0.1028,74.16321833451678
0.1029,74.32726916578928
0.103,74.43010700031832
0.1031,74.56967263289341
0.1032,74.67251046742246
0.1033,74.77045126221199
0.1034,74.88798021595944
0.1035,74.99571509022796
0.1036,75.08386180553856
0.1037,75.2136333586347
0.1038,75.32136823290321
0.1039,75.44379422639015
0.104,75.60049949805344
0.1041,75.70333733258245
0.1042,75.85024852476678
0.1043,75.94084375994711
0.1044,76.09265199187092
0.1045,76.2126294654881
0.1046,76.38647437623956
0.1047,76.48441517102911
0.1048,76.64356896256214
0.1049,76.72681863813325
0.105,76.91290614823339
0.1051,77.00350138341373
0.1052,77.15775813520726
0.1053,77.27773560882446
0.1054,77.40261012218113
0.1055,77.5005509169707
0.1056,77.63032247006684
0.1057,77.76743958277221
0.1058,77.88741705638941
0.1059,78.0000489703974
0.106,78.13471756323302
0.1061,78.28162875541736
0.1062,78.39426066942534
0.1063,78.52403222252148
0.1064,78.63666413652946
0.1065,78.74684753066771
0.1066,78.86437648441516
0.1067,78.98435395803237
0.1068,79.06760363360348
0.1069,79.15330182904434
0.107,79.27327930266154
0.1071,79.38101417693004
0.1072,79.47160941211038
0.1073,79.56465316716044
0.1074,79.69687324012634
0.1075,79.78501995543694
0.1076,79.86582111113832
0.1077,79.98335006488577
0.1078,80.0543571411082
0.1079,80.18657721407409
0.108,80.28451800886364
0.1081,80.46325995935457
0.1082,80.51712739648882
0.1083,80.61261967140864
0.1084,80.75708234372321
0.1085,80.8819568570799
0.1086,80.98479469160893
0.1087,81.08763252613795
0.1088,81.21250703949462
0.1089,81.32269043363287
0.109,81.42797678803163
0.1091,81.53571166230013
0.1092,81.67527729487524
0.1093,81.78301216914376
0.1094,81.91033520237016
0.1095,82.02541563624789
0.1096,82.11845939129796
0.1097,82.23843686491516
0.1098,82.32413506035601
0.1099,82.42207585514556
0.11,82.54939888837198
0.1101,82.64244264342206
0.1102,82.80159643495507
0.1103,82.87015499130776
0.1104,82.97544134570653
0.1105,83.07338214049607
0.1106,83.15418329619744
0.1107,83.24233001150805
0.1108,83.34271932616734
0.1109,83.4602482799148
0.111,83.56553463431355
0.1111,83.67816654832154
0.1112,83.77855586298082
0.1113,83.90098185646777
0.1114,83.9915770916481
0.1115,84.0552386082613
0.1116,84.10420900565609
0.1117,84.18501016135745
0.1118,84.30253911510492
0.1119,84.3710976714576
0.112,84.51800886364192
0.1121,84.59146445973408
0.1122,84.6551259763473
0.1123,84.7310300923092
0.1124,84.77265493009476
0.1125,84.79958864866188
0.1126,84.86325016527509
0.1127,84.94894836071595
0.1128,85.01016135745941
0.1129,85.08116843368184
0.113,85.15462402977401
0.1131,85.21583702651748
0.1132,85.2746015033912
0.1133,85.32846894052545
0.1134,85.37988785778997
0.1135,85.45334345388213
0.1136,85.50965941088612
0.1137,85.57087240762958
0.1138,85.62473984476384
0.1139,85.68105580176784
0.114,85.73737175877181
0.1141,85.80348179525477
0.1142,85.84755515291008
0.1143,85.88428295095615
0.1144,85.92835630861144
0.1145,85.98467226561543
0.1146,86.04343674248916
0.1147,86.1022012193629
0.1148,86.14627457701819
0.1149,86.1903479346735
0.115,86.25890649102618
0.1151,86.30297984868147
0.1152,86.36174432555521
0.1153,86.40336916334076
0.1154,86.46458216008422
0.1155,86.54048627604612
0.1156,86.59925075291987
0.1157,86.64822115031463
0.1158,86.70208858744888
0.1159,86.729022306016
0.116,86.78533826302001
0.1161,86.81472050145686
0.1162,86.86369089885164
0.1163,86.9175583359859
0.1164,86.95183761416224
0.1165,87.01305061090571
0.1166,87.06446952817022
0.1167,87.11833696530448
0.1168,87.15996180309004
0.1169,87.1893440415269
0.117,87.23096887931246
0.1171,87.26769667735854
0.1172,87.32646115423228
0.1173,87.36074043240862
0.1174,87.41950490928234
0.1175,87.4733723464166
0.1176,87.53213682329032
0.1177,87.5811072206851
0.1178,87.64721725716804
0.1179,87.71332729365099
0.118,87.75740065130628
0.1181,87.82351068778922
0.1182,87.88227516466296
0.1183,87.92390000244852
0.1184,87.97042187997356
0.1185,88.03408339658677
0.1186,88.07081119463285
0.1187,88.11733307215788
0.1188,88.15895790994344
0.1189,88.19568570798953
0.119,88.23486202590533
0.1191,88.2887294630396
0.1192,88.33035430082515
0.1193,88.35483949952254
0.1194,88.40136137704758
0.1195,88.4405376949634
0.1196,88.48461105261869
0.1197,88.53847848975295
0.1198,88.58010332753851
0.1199,88.62907372493328
0.12,88.72211747998335
0.1201,88.76619083763865
0.1202,88.82250679464263
0.1203,88.85678607281898
0.1204,88.89596239073481
0.1205,88.93758722852036
0.1206,88.99635170539409
0.1207,89.03797654317965
0.1208,89.08449842070468
0.1209,89.12857177835998
0.121,89.16529957640607
0.1211,89.20447589432187
0.1212,89.22406405327979
0.1213,89.27058593080483
0.1214,89.32690188780882
0.1215,89.35138708650621
0.1216,89.38321784481282
0.1217,89.4077030435102
0.1218,89.43463676207732
0.1219,89.47871011973263
0.122,89.51054087803922
0.1221,89.54482015621556
0.1222,89.5790994343919
0.1223,89.59868759334982
0.1224,89.63296687152616
0.1225,89.66479762983278
0.1226,89.6917313483999
0.1227,89.7235621067065
0.1228,89.73580470605519
0.1229,89.76273842462231
0.123,89.79212066305918
0.1231,89.82150290149605
0.1232,89.85578217967239
0.1233,89.88026737836977
0.1234,89.92678925589482
0.1235,89.96596557381064
0.1236,90.00024485198698
0.1237,90.046766729512
0.1238,90.08104600768834
0.1239,90.10553120638573
0.124,90.14225900443182
0.1241,90.18388384221738
0.1242,90.215714600524
0.1243,90.24509683896085
0.1244,90.26958203765824
0.1245,90.31610391518328
0.1246,90.33814059401092
0.1247,90.37241987218727
0.1248,90.41159619010308
0.1249,90.43363286893073
0.125,90.4630151073676
0.1251,90.4826032663255
0.1252,90.51198550476236
0.1253,90.53402218359003
0.1254,90.55850738228742
0.1255,90.58788962072427
0.1256,90.61482333929139
0.1257,90.64175705785853
0.1258,90.67358781616512
0.1259,90.69562449499277
0.126,90.73235229303886
0.1261,90.76173453147572
0.1262,90.79601380965207
0.1263,90.83029308782841
0.1264,90.8547782865258
0.1265,90.87926348522318
0.1266,90.89150608457187
0.1267,90.90619720379031
0.1268,90.94537352170613
0.1269,90.96741020053378
0.127,90.9869983594917
0.1271,91.02372615753777
0.1272,91.05555691584438
0.1273,91.07269655493255
0.1274,91.10207879336942
0.1275,91.1265639920668
0.1276,91.15839475037339
0.1277,91.1779829093313
0.1278,91.20001958815895
0.1279,91.22205626698661
0.128,91.27347518425111
0.1281,91.29061482333928
0.1282,91.31754854190642
0.1283,91.36162189956171
0.1285,91.3861070982591
0.1286,91.39590117773805
0.1287,91.44976861487231
0.1288,91.49873901226708
0.129,91.518327171225
0.1291,91.55750348914081
0.1292,91.58688572757768
0.1293,91.64565020445141
0.1295,91.66034132366984
0.1296,91.68237800249749
0.1297,91.69951764158566
0.1298,91.75828211845939
0.13,91.78031879728704
0.1301,91.81949511520287
0.1302,91.84887735363972
0.1303,91.88070811194633
0.1305,91.93212702921085
0.1306,91.94436962855953
0.1307,91.98844298621484
0.1308,92.02517078426091
0.131,92.04475894321882
0.1311,92.06434710217674
0.1312,92.08883230087412
0.1313,92.11576601944125
0.1314,92.1378026982689
0.1315,92.16228789696629
0.1316,92.18677309566368
0.1317,92.20391273475185
0.1318,92.23084645331897
0.1319,92.25288313214661
0.132,92.26267721162557
0.1321,92.28226537058349
0.1322,92.30430204941113
0.1323,92.33613280771773
0.1324,92.36306652628487
0.1325,92.38265468524277
0.1326,92.41448544354938
0.1327,92.44631620185598
0.1328,92.46345584094415
0.1329,92.47814696016258
0.133,92.50263215885997
0.1331,92.51977179794814
0.1332,92.53691143703631
0.1333,92.55649959599423
0.1334,92.59077887417057
0.1335,92.605469993389
0.1336,92.61771259273769
0.1337,92.64709483117456
0.1338,92.6568889106535
0.1339,92.67647706961142
0.134,92.70830782791802
0.1341,92.71810190739697
0.1342,92.74258710609436
0.1343,92.77196934453123
0.1344,92.79890306309836
0.1345,92.81604270218654
0.1346,92.84297642075366
0.1348,92.87480717906026
0.1349,92.89439533801817
0.135,92.91398349697609
0.1351,92.96050537450111
0.1353,93.0094757718959
0.1354,93.02171837124457
0.1355,93.05599764942093
0.1356,93.0976224872065
0.1358,93.12210768590387
0.1359,93.14169584486179
0.136,93.17107808329864
0.1361,93.20780588134473
0.1363,93.21759996082368
0.1364,93.23473959991185
0.1365,93.25432775886976
0.1366,93.27881295756714
0.1368,93.30329815626453
0.1369,93.31064371587375
0.137,93.32533483509219
0.1371,93.35226855365931
0.1372,93.3767537523567
0.1373,93.38654783183566
0.1374,93.39634191131461
0.1375,93.41103303053305
0.1376,93.44041526896991
0.1377,93.4526578683186
0.1378,93.47469454714626
0.1379,93.48448862662521
0.138,93.49673122597389
0.1381,93.52121642467128
0.1382,93.54325310349894
0.1383,93.55059866310815
0.1384,93.56528978232659
0.1385,93.58977498102398
0.1386,93.59712054063318
0.1387,93.63139981880953
0.1388,93.63874537841875
0.1389,93.64609093802795
0.139,93.65343649763717
0.1391,93.66812761685561
0.1392,93.6803702162043
0.1393,93.69506133542274
0.1394,93.7122009745109
0.1395,93.73178913346882
0.1396,93.73913469307803
0.1397,93.75872285203594
0.1398,93.78320805073334
0.1399,93.80279620969124
0.14,93.8566636468255
0.1401,93.88114884552287
0.1402,93.89339144487158
0.1403,93.90318552435053
0.1404,93.92522220317818
0.1405,93.93501628265713
0.1406,93.9521559217453
0.1407,93.96929556083347
0.1408,93.97908964031242
0.1409,93.99867779927034
0.1411,94.03295707744668
0.1412,94.04764819666511
0.1413,94.0843759947112
0.1414,94.1162067530178
0.1416,94.13579491197571
0.1417,94.14558899145466
0.1418,94.16762567028232
0.1419,94.19700790871917
0.1421,94.21659606767709
0.1422,94.24597830611395
0.1423,94.26311794520213
0.1424,94.29005166376925
0.1426,94.30963982272716
0.1427,94.32922798168507
0.1428,94.3561617002522
0.1429,94.38309541881932
0.1431,94.39778653803775
0.1432,94.40268357777724
0.1433,94.41492617712592
0.1434,94.43206581621409
0.1435,94.44675693543253
0.1436,94.45655101491148
0.1437,94.46144805465096
0.1438,94.47369065399965
0.1439,94.48593325334835
0.144,94.51776401165496
0.1441,94.52021253152469
0.1442,94.52755809113391
0.1443,94.5398006904826
0.1444,94.5520432898313
0.1445,94.56673440904973
0.1446,94.57407996865894
0.1447,94.5961166474866
0.1448,94.59856516735633
0.145,94.6157048064445
0.1451,94.63529296540241
0.1452,94.65488112436033
0.1453,94.65732964423006
0.1454,94.66712372370901
0.1455,94.6793663230577
0.1456,94.69405744227615
0.1457,94.69650596214588
0.1458,94.71364560123405
0.1459,94.71854264097354
0.146,94.73078524032222
0.1461,94.74302783967093
0.1462,94.75037339928014
0.1463,94.7675130383683
0.1464,94.78220415758673
0.1465,94.79689527680517
0.1466,94.80668935628412
0.1467,94.81893195563282
0.1468,94.83117455498152
0.1469,94.83852011459074
0.147,94.90463015107368
0.1471,94.91932127029212
0.1472,94.93401238951054
0.1474,94.94625498885924
0.1475,94.96339462794741
0.1476,94.97808574716584
0.1477,94.98543130677506
0.1479,94.99032834651453
0.148,95.00012242599348
0.1481,95.01481354521192
0.1482,95.03440170416982
0.1485,95.04174726377904
0.1486,95.04909282338826
0.1487,95.06623246247644
0.1489,95.07602654195539
0.149,95.10296026052252
0.1491,95.10540878039225
0.1492,95.11765137974095
0.1494,95.13234249895937
0.1496,95.14213657843833
0.1497,95.15682769765677
0.1498,95.16417325726599
0.1499,95.16662177713572
0.15,95.18376141622389
0.1502,95.19845253544233
0.1503,95.21314365466075
0.1504,95.2229377341397
0.1505,95.23762885335815
0.1506,95.25476849244632
0.1507,95.26945961166476
0.1508,95.27435665140422
0.1509,95.29149629049239
0.151,95.29884185010161
0.1511,95.3037388898411
0.1512,95.31843000905951
0.1513,95.33312112827795
0.1514,95.3429152077569
0.1515,95.35515780710561
0.1516,95.36250336671482
0.1517,95.36495188658456
0.1518,95.36984892632404
0.1519,95.38698856541221
0.152,95.38943708528194
0.1521,95.40167968463064
0.1522,95.4114737641096
0.1523,95.41637080384908
0.1524,95.42371636345828
0.1525,95.43351044293725
0.1526,95.4433045224162
0.1527,95.45799564163462
0.1528,95.46289268137411
0.1529,95.46778972111358
0.153,95.47023824098333
0.1531,95.48492936020175
0.1532,95.48982639994124
0.1533,95.49717195955046
0.1534,95.51186307876888
0.1535,95.54369383707548
0.1537,95.54859087681497
0.1538,95.56083347616365
0.1539,95.57307607551235
0.154,95.59266423447026
0.1542,95.59756127420974
0.1543,95.60245831394921
0.1544,95.62449499277686
0.1545,95.63673759212557
0.1547,95.64653167160452
0.1548,95.65142871134398
0.1549,95.65387723121374
0.155,95.66367131069269
0.1552,95.67346539017164
0.1553,95.68081094978086
0.1554,95.6832594696506
0.1555,95.70284762860851
0.1557,95.71019318821772
0.1558,95.71264170808746
0.1559,95.71753874782694
0.156,95.72488430743616
0.1561,95.74202394652433
0.1562,95.74447246639406
0.1563,95.7591635856125
0.1564,95.76406062535197
0.1565,95.77630322470067
0.1566,95.78120026444014
0.1567,95.79833990352832
0.1568,95.80078842339805
0.1569,95.81058250287701
0.1571,95.82037658235598
0.1572,95.82772214196518
0.1573,95.83261918170466
0.1575,95.84241326118361
0.1576,95.85465586053232
0.1577,95.85710438040205
0.1578,95.86444994001127
0.1579,95.86934697975073
0.158,95.87669253935995
0.1582,95.89383217844812
0.1583,95.90117773805734
0.1584,95.90362625792709
0.1585,95.90607477779682
0.1586,95.90852329766656
0.1587,95.91097181753629
0.1588,95.91831737714551
0.1589,95.93055997649421
0.1591,95.93790553610343
0.1593,95.9428025758429
0.1595,95.94769961558238
0.1596,95.95014813545212
0.1597,95.9550451751916
0.1598,95.96483925467055
0.16,95.97218481427977
0.1601,95.9746333341495
0.1602,95.97708185401925
0.1603,95.98442741362845
0.1606,95.98687593349821
0.1607,95.99422149310742
0.1608,96.00891261232584
0.1611,96.01136113219559
0.1612,96.01380965206533
0.1613,96.02115521167455
0.1615,96.02850077128376
0.1616,96.0309492911535
0.1617,96.03339781102324
0.1618,96.03584633089297
0.162,96.03829485076272
0.1621,96.04074337063246
0.1622,96.05298596998114
0.1623,96.05788300972063
0.1624,96.0627800494601
0.1625,96.06767708919958
0.1626,96.07257412893905
0.1627,96.0750226488088
0.1628,96.07747116867853
0.1629,96.07991968854827
0.163,96.0872652481575
0.1631,96.09216228789697
0.1632,96.09705932763644
0.1633,96.09950784750619
0.1634,96.1068534071154
0.1635,96.11419896672462
0.1636,96.11909600646409
0.1637,96.12154452633384
0.1638,96.12399304620357
0.164,96.13623564555226
0.1642,96.14113268529174
0.1643,96.14602972503123
0.1644,96.14847824490096
0.1645,96.15337528464043
0.1646,96.16072084424965
0.1647,96.1631693641194
0.1648,96.16806640385886
0.165,96.18030900320757
0.1651,96.18520604294703
0.1652,96.18765456281679
0.1654,96.195000122426
0.1655,96.19989716216547
0.1656,96.21458828138391
0.1658,96.21948532112337
0.166,96.23417644034181
0.1663,96.23662496021154
0.1664,96.23907348008129
0.1665,96.24152199995103
0.1666,96.24886755956025
0.1668,96.25131607942998
0.1669,96.25376459929971
0.167,96.25621311916946
0.1671,96.2586616390392
0.1673,96.26355867877868
0.1674,96.26845571851815
0.1675,96.2709042383879
0.1676,96.27580127812737
0.1678,96.28559535760633
0.168,96.28804387747607
0.1681,96.31008055630372
0.1684,96.31742611591292
0.1687,96.32232315565241
0.1688,96.32722019539189
0.169,96.33211723513136
0.1691,96.34191131461031
0.1693,96.34435983448006
0.1694,96.34925687421953
0.1695,96.35170539408927
0.1696,96.35660243382875
0.1697,96.36149947356823
0.1698,96.3786391126564
0.1699,96.38353615239588
0.17,96.38843319213535
0.1701,96.40312431135378
0.1702,96.40802135109327
0.1703,96.410469870963
0.1705,96.41291839083274
0.1706,96.41781543057222
0.1707,96.43005802992091
0.1709,96.43250654979066
0.1712,96.43985210939987
0.1714,96.45209470874856
0.1716,96.46188878822751
0.1717,96.47902842731568
0.1718,96.48147694718543
0.1719,96.48882250679465
0.1721,96.49616806640385
0.1722,96.50351362601307
0.1723,96.50596214588282
0.1724,96.51330770549204
0.1726,96.5182047452315
0.1727,96.53044734458021
0.1728,96.53289586444994
0.1729,96.54268994392889
0.1732,96.54513846379864
0.1733,96.55248402340784
0.1734,96.55982958301706
0.1736,96.56227810288681
0.1737,96.56717514262628
0.1738,96.58186626184472
0.1739,96.58921182145393
0.1741,96.59655738106315
0.1742,96.60145442080263
0.1743,96.60390294067236
0.1744,96.62349109963027
0.1747,96.63328517910924
0.1748,96.6381822188487
0.175,96.64797629832766
0.1751,96.65532185793688
0.1754,96.65777037780661
0.1756,96.66756445728556
0.1757,96.67001297715531
0.1758,96.67735853676453
0.1759,96.69204965598296
0.176,96.6944981758527
0.1761,96.7018437354619
0.1762,96.70918929507113
0.1763,96.71898337455008
0.1765,96.72143189441982
0.1769,96.72388041428957
0.177,96.73367449376852
0.1771,96.738571533508
0.1772,96.7459170931172
0.1773,96.75326265272642
0.1774,96.75815969246591
0.1775,96.76305673220537
0.1777,96.77285081168434
0.1778,96.77774785142381
0.1779,96.7826448911633
0.178,96.7899904507725
0.1781,96.79243897064225
0.1782,96.79978453025146
0.1784,96.8144756494699
0.1785,96.81692416933963
0.1787,96.8218212090791
0.1789,96.82426972894885
0.179,96.8340638084278
0.1791,96.83896084816729
0.1792,96.84385788790676
0.1794,96.85120344751597
0.1795,96.86099752699494
0.1796,96.87324012634363
0.1797,96.88303420582258
0.1799,96.88548272569231
0.18,96.89527680517128
0.1802,96.9099679243897
0.1805,96.91241644425943
0.1806,96.91731348399892
0.1807,96.92710756347788
0.181,96.93200460321737
0.1812,96.9344531230871
0.1815,96.94424720256605
0.1817,96.94669572243578
0.1818,96.94914424230554
0.1819,96.95159276217527
0.182,96.95648980191474
0.1823,96.96138684165422
0.1824,96.97607796087266
0.1825,96.97852648074239
0.1826,96.98097500061213
0.1827,96.98587204035161
0.1829,96.9981146397003
0.183,97.010357239049
0.1832,97.01525427878848
0.1834,97.02015131852795
0.1837,97.02749687813717
0.1839,97.03729095761612
0.184,97.03973947748587
0.1841,97.0421879973556
0.1842,97.04708503709507
0.1843,97.04953355696482
0.1844,97.05687911657404
0.1845,97.06422467618324
0.1848,97.06667319605299
0.1849,97.07157023579246
0.185,97.08136431527143
0.1852,97.08381283514116
0.1853,97.08870987488064
0.1855,97.09115839475038
0.1857,97.09605543448984
0.1859,97.10095247422933
0.186,97.12054063318723
0.1862,97.13033471266618
0.1863,97.13278323253593
0.1865,97.1499228716241
0.1867,97.15481991136357
0.1869,97.16461399084254
0.187,97.17440807032149
0.1872,97.17685659019124
0.1873,97.17930511006097
0.1874,97.18175362993071
0.1875,97.18665066967019
0.1876,97.19154770940966
0.1877,97.19644474914914
0.1878,97.2062388286281
0.1879,97.21113586836758
0.1881,97.21358438823731
0.1882,97.21603290810705
0.1883,97.21848142797678
0.1884,97.22337846771627
0.1885,97.22827550745575
0.1889,97.24051810680444
0.1891,97.25276070615313
0.1892,97.25765774589262
0.1894,97.26500330550184
0.1895,97.26745182537157
0.1896,97.27234886511104
0.1897,97.27969442472025
0.1898,97.29193702406896
0.1899,97.29438554393869
0.1901,97.30173110354791
0.1904,97.30662814328738
0.1905,97.31152518302686
0.1906,97.31887074263608
0.1907,97.32131926250581
0.1908,97.32376778237555
0.191,97.3262163022453
0.1911,97.33111334198476
0.1915,97.33601038172425
0.1917,97.34335594133347
0.1918,97.36294410029137
0.1921,97.37273817977032
0.1923,97.38253225924929
0.1926,97.38498077911902
0.193,97.3898778188585
0.1931,97.39232633872824
0.1932,97.39722337846771
0.1933,97.40456893807693
0.1936,97.41191449768614
0.1938,97.41681153742563
0.1939,97.42660561690458
0.1941,97.43150265664406
0.1942,97.43639969638353
0.1944,97.44129673612302
0.1945,97.44619377586248
0.1946,97.44864229573224
0.1949,97.45598785534145
0.195,97.46088489508092
0.1952,97.46823045469014
0.1954,97.4780245341691
0.1956,97.48292157390857
0.1958,97.49026713351779
0.1959,97.49271565338753
0.196,97.49516417325727
0.1961,97.50006121299674
0.1962,97.50495825273622
0.1964,97.5098552924757
0.1965,97.51475233221517
0.1967,97.51964937195466
0.1969,97.52209789182439
0.197,97.52454641169413
0.1971,97.52944345143361
0.1973,97.53189197130334
0.1974,97.53678901104283
0.1976,97.53923753091256
0.198,97.54903161039152
0.1981,97.55882568987047
0.1983,97.56372272960995
0.1985,97.57106828921917
0.1986,97.59555348791655
0.1988,97.60534756739551
0.1991,97.61514164687446
0.1993,97.61759016674421
0.1994,97.62003868661394
0.1995,97.62248720648368
0.1997,97.62493572635343
0.1998,97.63228128596265
0.2,97.65676648466001
0.2001,97.6616635243995
0.2002,97.66411204426923
0.2003,97.67145760387845
0.2004,97.67635464361794
0.2005,97.67880316348767
0.2006,97.6812516833574
0.2007,97.68370020322715
0.2008,97.68614872309689
0.2009,97.68859724296662
0.201,97.69594280257584
0.2013,97.69839132244557
0.2015,97.70328836218506
0.2016,97.70818540192454
0.2018,97.71308244166401
0.2019,97.72042800127323
0.2021,97.72287652114296
0.2022,97.73022208075218
0.2023,97.73511912049166
0.2024,97.7375676403614
0.2025,97.74001616023114
0.2027,97.74246468010088
0.2028,97.74491319997061
0.2029,97.74736171984036
0.203,97.7498102397101
0.2032,97.7571557993193
0.2034,97.76694987879827
0.2037,97.77184691853775
0.2039,97.78408951788644
0.2041,97.78653803775617
0.2043,97.78898655762592
0.2044,97.79143507749566
0.2046,97.7938835973654
0.2047,97.79633211723512
0.2049,97.79878063710487
0.205,97.80612619671409
0.2051,97.81102323645356
0.2056,97.81592027619304
0.206,97.82081731593252
0.2063,97.82326583580226
0.2064,97.83061139541147
0.2067,97.83305991528121
0.2069,97.84285399476018
0.207,97.84775103449964
0.2071,97.85264807423913
0.2072,97.85509659410886
0.2073,97.85754511397859
0.2074,97.85999363384835
0.2075,97.86244215371808
0.2076,97.86733919345755
0.2077,97.8697877133273
0.2079,97.87223623319703
0.208,97.87468475306677
0.2081,97.87958179280625
0.2082,97.88447883254572
0.2086,97.89427291202469
0.2087,97.89672143189442
0.2089,97.9016184716339
0.209,97.94079478954971
0.2091,97.94324330941946
0.2092,97.94814034915893
0.2093,97.95058886902868
0.2094,97.95303738889841
0.2096,97.95548590876815
0.2097,97.96038294850763
0.2099,97.96283146837736
0.2101,97.97262554785632
0.2103,97.9775225875958
0.2104,97.97997110746553
0.2108,97.98241962733528
0.2113,97.98731666707475
0.2116,97.98976518694448
0.2118,97.99466222668397
0.212,97.9971107465537
0.2121,97.99955926642345
0.2122,98.01180186577214
0.2128,98.01914742538136
0.2129,98.02649298499058
0.213,98.02894150486031
0.2136,98.03383854459979
0.2137,98.03628706446953
0.2139,98.03873558433926
0.214,98.041184104209
0.2142,98.04608114394848
0.2143,98.0534267035577
0.2144,98.05587522342744
0.2145,98.06566930290639
0.2148,98.06811782277613
0.2149,98.07056634264588
0.2154,98.07791190225508
0.2155,98.08280894199456
0.2156,98.08770598173405
0.216,98.09015450160378
0.2161,98.09260302147352
0.2163,98.09505154134325
0.2166,98.097500061213
0.2167,98.09994858108274
0.2169,98.10239710095247
0.2173,98.1097426605617
0.2176,98.11463970030117
0.2177,98.11953674004064
0.2179,98.12198525991039
0.2182,98.12443377978012
0.2183,98.12688229964986
0.2185,98.1293308195196
0.2186,98.13177933938934
0.2187,98.13667637912882
0.219,98.13912489899856
0.2197,98.14157341886829
0.2198,98.14402193873804
0.2201,98.14647045860777
0.2202,98.14891897847751
0.2203,98.15381601821699
0.2204,98.15626453808673
0.2206,98.15871305795648
0.2207,98.1611615778262
0.2208,98.16361009769594
0.2213,98.16850713743543
0.2219,98.17095565730516
0.2223,98.17585269704465
0.2225,98.18074973678411
0.2229,98.1856467765236
0.223,98.18809529639333
0.2233,98.19054381626306
0.2234,98.19299233613282
0.2236,98.19788937587228
0.2239,98.20278641561177
0.224,98.2052349354815
0.2241,98.21258049509072
0.2243,98.2174775348302
0.2245,98.21992605469994
0.2247,98.22237457456967
0.2249,98.2248230944394
0.225,98.23216865404862
0.2253,98.23461717391837
0.2255,98.23951421365784
0.2256,98.24441125339732
0.2257,98.24685977326706
0.2262,98.24930829313679
0.2263,98.25175681300654
0.2266,98.25420533287628
0.2267,98.25665385274601
0.227,98.26155089248549
0.2274,98.26644793222496
0.2275,98.26889645209471
0.2276,98.27624201170393
0.2277,98.27869053157366
0.2279,98.2811390514434
0.2283,98.28603609118288
0.2294,98.28848461105262
0.2295,98.29093313092235
0.2297,98.29583017066183
0.2298,98.29827869053157
0.2301,98.30072721040132
0.2306,98.30317573027105
0.2309,98.3056242501408
0.2317,98.31052128988027
0.2319,98.31296980975
0.232,98.31786684948949
0.2324,98.32031536935922
0.2326,98.3252124090987
0.233,98.32766092896844
0.2332,98.33010944883817
0.2334,98.33255796870792
0.2336,98.33500648857766
0.2338,98.33745500844739
0.2343,98.34235204818688
0.2346,98.34480056805661
0.2349,98.34724908792634
0.235,98.35214612766583
0.2351,98.35459464753556
0.2355,98.3570431674053
0.2356,98.35949168727505
0.2357,98.36683724688426
0.236,98.369285766754
0.2364,98.37907984623295
0.2365,98.38152836610269
0.2384,98.38397688597243
0.2385,98.38642540584217
0.2387,98.39132244558164
0.239,98.39377096545138
0.2391,98.39866800519086
0.2395,98.4011165250606
0.2396,98.40356504493035
0.2397,98.40601356480008
0.2398,98.40846208466981
0.2399,98.41091060453955
0.24,98.4133591244093
0.2402,98.41580764427903
0.2405,98.41825616414877
0.241,98.42315320388825
0.2414,98.42560172375798
0.2415,98.42805024362772
0.242,98.43049876349747
0.2424,98.4329472833672
0.2429,98.43539580323694
0.243,98.43784432310669
0.2434,98.44029284297642
0.2437,98.44763840258564
0.2439,98.45008692245537
0.2441,98.45253544232511
0.2442,98.45498396219486
0.2445,98.45743248206459
0.2456,98.45988100193433
0.2461,98.46232952180407
0.2467,98.46477804167381
0.2468,98.46967508141329
0.2475,98.47212360128303
0.2479,98.47457212115276
0.248,98.47946916089224
0.2481,98.48191768076198
0.2484,98.48436620063173
0.2493,98.48681472050146
0.2494,98.4892632403712
0.2498,98.49171176024093
0.25,98.63862295242527
0.2505,98.641071472295
0.2507,98.64351999216474
0.2513,98.64596851203447
0.2514,98.64841703190422
0.2522,98.65821111138317
0.253,98.66065963125291
0.2531,98.66310815112264
0.2535,98.66555667099239
0.2537,98.66800519086213
0.2547,98.6729022306016
0.2551,98.67535075047134
0.2554,98.67779927034108
0.2565,98.68024779021081
0.2569,98.68269631008056
0.2571,98.6851448299503
0.2572,98.69004186968976
0.2574,98.69249038955951
0.2576,98.69493890942925
0.2577,98.69983594916873
0.258,98.70228446903847
0.2582,98.7096300286477
0.2591,98.71207854851743
0.2599,98.71452706838716
0.2601,98.71942410812665
0.2602,98.72187262799638
0.2612,98.72676966773585
0.2615,98.7292181876056
0.2617,98.73166670747533
0.262,98.73901226708455
0.2621,98.74390930682402
0.2628,98.75125486643324
0.2644,98.75615190617272
0.2667,98.7610489459122
0.267,98.76349746578194
0.2675,98.76594598565167
0.268,98.76839450552141
0.2682,98.77084302539116
0.2687,98.77574006513062
0.2692,98.77818858500036
0.2693,98.78063710487011
0.27,98.78308562473984
0.2703,98.78553414460958
0.2717,98.78798266447933
0.2718,98.79043118434906
0.2721,98.79532822408854
0.2723,98.79777674395828
0.2728,98.80022526382801
0.2733,98.80267378369776
0.2736,98.8051223035675
0.2737,98.80757082343723
0.274,98.81001934330698
0.2742,98.8124678631767
0.2766,98.81491638304645
0.2769,98.81736490291618
0.2771,98.81981342278593
0.2772,98.82226194265567
0.2776,98.8247104625254
0.2785,98.82715898239515
0.2789,98.82960750226488
0.279,98.83205602213462
0.2793,98.83450454200435
0.2794,98.8369530618741
0.28,98.83940158174383
0.2803,98.84429862148332
0.2836,98.8491956612228
0.2849,98.85164418109254
0.2852,98.85898974070174
0.2853,98.86143826057149
0.2857,98.86633530031096
0.2858,98.86878382018071
0.2864,98.87123234005044
0.287,98.87612937978992
0.2872,98.87857789965966
0.2891,98.88347493939914
0.2901,98.88592345926888
0.2904,98.88837197913861
0.2905,98.89082049900834
0.2909,98.89326901887809
0.2917,98.89571753874783
0.2921,98.89816605861756
0.2926,98.9006145784873
0.2927,98.90551161822678
0.2929,98.91040865796626
0.2934,98.912857177836
0.2938,98.91530569770573
0.294,98.91775421757546
0.2947,98.92020273744522
0.2949,98.92265125731495
0.295,98.92509977718468
0.2958,98.92754829705443
0.296,98.92999681692417
0.2967,98.9324453367939
0.2994,98.93489385666363
0.2998,98.9373423765334
0.2999,98.93979089640312
0.3,98.97162165470974
0.3001,98.97407017457947
0.3004,98.9765186944492
0.3012,98.97896721431894
0.3016,98.98141573418869
0.3018,98.98386425405842
0.3021,98.9887612937979
0.3029,98.99120981366764
0.3034,98.99365833353738
0.3035,98.99610685340711
0.3038,99.00100389314659
0.3039,99.00345241301633
0.3049,99.00590093288606
0.3057,99.00834945275581
0.3068,99.01079797262555
0.3078,99.01324649249528
0.3079,99.01569501236503
0.3084,99.01814353223476
0.3085,99.0205920521045
0.3086,99.02304057197424
0.3091,99.02548909184398
0.3096,99.02793761171372
0.3101,99.03038613158346
0.3103,99.0328346514532
0.3106,99.03773169119268
0.3114,99.0401802110624
0.3129,99.04262873093215
0.3133,99.0450772508019
0.3136,99.04752577067163
0.3146,99.04997429054137
0.315,99.05242281041112
0.3173,99.05487133028085
0.3175,99.05731985015058
0.3184,99.0646654097598
0.3189,99.06956244949929
0.3192,99.07201096936902
0.3197,99.07445948923875
0.3219,99.0769080091085
0.3237,99.07935652897824
0.3249,99.08425356871771
0.3257,99.08915060845719
0.3261,99.09159912832692
0.3282,99.09404764819666
0.3298,99.09649616806641
0.3299,99.09894468793614
0.3302,99.10384172767563
0.331,99.10629024754536
0.3315,99.10873876741509
0.3318,99.11118728728484
0.332,99.11608432702431
0.3328,99.11853284689404
0.3353,99.1209813667638
0.3373,99.128326926373
0.3382,99.13077544624275
0.339,99.13322396611248
0.3394,99.13812100585197
0.3396,99.1405695257217
0.3403,99.14301804559143
0.3409,99.14546656546118
0.3423,99.14791508533092
0.3426,99.15526064494014
0.3427,99.15770916480987
0.3432,99.16260620454935
0.3439,99.1650547244191
0.3448,99.16750324428882
0.3479,99.16995176415857
0.3486,99.1724002840283
0.3499,99.17484880389804
0.3504,99.17729732376777
0.3567,99.17974584363752
0.3573,99.18219436350726
0.3574,99.184642883377
0.3578,99.18709140324674
0.359,99.19198844298622
0.3595,99.19443696285596
0.3602,99.19933400259544
0.3603,99.20423104233491
0.361,99.20667956220464
0.3633,99.21157660194413
0.3639,99.21402512181386
0.3647,99.22137068142308
0.3652,99.22381920129281
0.3672,99.22626772116256
0.3676,99.2287162410323
0.3687,99.23116476090203
0.3691,99.23361328077178
0.3695,99.23606180064152
0.3729,99.23851032051125
0.3773,99.24095884038098
0.3776,99.24340736025073
0.3789,99.24585588012047
0.38,99.2483043999902
0.381,99.25075291985993
0.3812,99.2532014397297
0.3815,99.25564995959942
0.3817,99.2605469993389
0.3822,99.26299551920864
0.3829,99.26544403907837
0.3839,99.2678925589481
0.386,99.27034107881786
0.3883,99.2727895986876
0.3888,99.27523811855733
0.3965,99.27768663842707
0.3973,99.28013515829682
0.3975,99.28258367816655
0.4,99.31686295634289
0.4014,99.31931147621263
0.4063,99.32175999608236
0.4064,99.32420851595211
0.4069,99.32665703582184
0.4083,99.32910555569158
0.4092,99.33155407556133
0.41,99.3364511153008
0.4115,99.34134815504028
0.4116,99.34624519477975
0.4118,99.3486937146495
0.4131,99.35114223451923
0.4132,99.35359075438897
0.4189,99.37562743321662
0.419,99.39521559217454
0.42,99.40011263191401
0.44,99.43928894982983
0.441,99.49560490683382
0.464,99.50539898631277
0.4641,99.52988418501016
0.5,99.76983913224456
0.51,99.79677285081169
0.551,99.83839768859724
0.6,99.84329472833672
0.75,99.84574324820646
0.8,99.8481917680762
0.882,99.86043436742489
0.9,99.86288288729463
1.1025,99.87267696677358
1.323,99.88247104625255
1.764,99.89471364560123
1.856,99.90205920521045
1.9845,99.9045077250802
2.205,99.9559266423447
2.5,99.95837516221444
2.646,99.96082368208418
4.64,100.0
