0.1288,0.00334459346466437
0.1292,0.00668918692932874
0.1303,0.01003378039399311
0.1306,0.01337837385865748
0.131,0.01672296732332185
0.1312,0.02006756078798622
0.1313,0.02675674771731496
0.1314,0.03010134118197933
0.1316,0.0334459346466437
0.1317,0.03679052811130807
0.1318,0.04013512157597244
0.1319,0.04347971504063681
0.132,0.05016890196996555
0.1321,0.05351349543462992
0.1324,0.05685808889929429
0.1325,0.06020268236395866
0.1326,0.06354727582862303
0.1327,0.07023646275795177
0.1328,0.07692564968728051
0.1329,0.08695943008127362
0.133,0.09699321047526674
0.1331,0.10368239740459546
0.1332,0.11037158433392422
0.1333,0.12040536472791732
0.1334,0.13043914512191043
0.1335,0.1438175189805679
0.1336,0.16054048630388976
0.1337,0.16388507976855413
0.1339,0.16722967323321852
0.134,0.17391886016254723
0.1341,0.18060804709187597
0.1342,0.1872972340212047
0.1343,0.19733101441519785
0.1344,0.20402020134452659
0.1345,0.21070938827385532
0.1346,0.2341215425265059
0.1348,0.2474999163851634
0.1349,0.26422288370848523
0.135,0.27425666410247834
0.1351,0.2809458510318071
0.1353,0.28429044449647145
0.1354,0.2909796314258002
0.1355,0.30435800528445767
0.1356,0.3210809726077795
0.1358,0.34783772032509447
0.1359,0.38797284190106696
0.136,0.4180741830830463
0.1361,0.44483093080036124
0.1363,0.4515201177296899
0.1364,0.4582093046590187
0.1365,0.461553898123683
0.1366,0.4849660523763337
0.1368,0.488310645840998
0.1369,0.4916552393056624
0.137,0.5083782066289843
0.1371,0.525101173952306
0.1373,0.5384795478109635
0.1374,0.5485133282049567
0.1375,0.5719254824576072
0.1376,0.5953376367102579
0.1377,0.6154051974982441
0.1378,0.6254389778922372
0.1379,0.6354727582862303
0.138,0.6555403190742165
0.1381,0.6789524733268671
0.1382,0.6856416602561959
0.1383,0.7023646275795177
0.1384,0.7358105622261614
0.1385,0.7625673099434763
0.1386,0.7792902772667982
0.1387,0.7893240576607914
0.1388,0.8160808053781063
0.1389,0.8528713334894144
0.139,0.8863172681360579
0.1391,0.9197632027827017
0.1392,0.9799658851466605
0.1393,1.0267901936519617
0.1394,1.0535469413692766
0.1395,1.103715843339242
0.1396,1.1605739322385364
0.1397,1.2073982407438375
0.1398,1.2809792969664537
0.1399,1.327803605471755
0.14,1.3445265727950768
0.1401,1.4047292551590354
0.1402,1.481654904846316
0.1403,1.5552359610689321
0.1404,1.6120940499682264
0.1405,1.6722967323321851
0.1406,1.7324994146961437
0.1407,1.7826683166661095
0.1408,1.8562493728887255
0.1409,1.9465533964346633
0.1411,1.9866885180106357
0.1412,2.016789859192615
0.1413,2.0535803873039233
0.1414,2.1305060369912034
0.1416,2.187364125890498
0.1417,2.2208100605371417
0.1418,2.2642897755777787
0.1419,2.367972172982374
0.1421,2.4114518880230107
0.1422,2.4816883507809626
0.1423,2.565303187397572
0.1424,2.658951804408174
0.1426,2.735877454095455
0.1427,2.789390949530085
0.1428,2.8362152580353857
0.1429,2.980032777015954
0.1431,3.05361383323857
0.1432,3.1104719221378643
0.1433,3.1840529783604805
0.1434,3.2609786280477606
0.1435,3.364661025452356
0.1436,3.4415866751396367
0.1437,3.478377203250945
0.1438,3.5385798856149036
0.1439,3.6121609418375193
0.144,3.712498745777451
0.1441,3.8295595170407037
0.1442,3.9399311013746283
0.1443,3.983410816415265
0.1444,4.06368105956721
0.1445,4.167363456971805
0.1446,4.254322887053079
0.1447,4.321214756346366
0.1448,4.364694471387003
0.1449,4.451653901468276
0.145,4.602160607378173
0.1451,4.692464630924111
0.1452,4.799491621793371
0.1453,4.903174019197967
0.1454,5.003511823137898
0.1455,5.067059098966521
0.1456,5.143984748653801
0.1457,5.2175658048764175
0.1458,5.33462657613967
0.1459,5.428275193150273
0.146,5.488477875514231
0.1461,5.568748118666176
0.1462,5.638984581424128
0.1463,5.675775109535436
0.1464,5.725944011505401
0.1465,5.779457506940031
0.1466,5.829626408909997
0.1467,5.909896652061942
0.1468,6.003545269072545
0.1469,6.103883073012476
0.147,6.2142546573464
0.1471,6.317937054750995
0.1472,6.542024816883507
0.1474,6.618950466570789
0.1475,6.739355831298706
0.1476,6.846382822167965
0.1477,7.103916518947122
0.1479,7.224321883675039
0.148,7.3413826549382915
0.1481,7.4517542392722165
0.1482,7.695909562192716
0.1484,7.816314926920633
0.1485,7.93672029164855
0.1486,8.037058095588481
0.1487,8.318003946620287
0.1489,8.471855245994849
0.149,8.622361951904747
0.1491,8.799625405531957
0.1492,9.080571256563765
0.1494,9.227733369008998
0.1495,9.35148332720158
0.1496,9.495300846182147
0.1497,9.632429178233386
0.1498,9.77290210374929
0.1499,9.92675340312385
0.15,10.083949295963075
0.1501,10.257868156125623
0.1502,10.391651894712197
0.1503,10.548847787551423
0.1504,10.749523395431284
0.1505,10.933476035987825
0.1506,11.100705709221044
0.1507,11.28800294324225
0.1508,11.448543429546138
0.1509,11.615773102779357
0.151,11.783002776012577
0.1511,11.92347570152848
0.1512,12.067293220509047
0.1513,12.288036389176895
0.1514,12.518813338238738
0.1515,12.702765978795277
0.1516,12.913475367069132
0.1517,13.167664470383626
0.1518,13.42519816716278
0.1519,13.699454831265259
0.152,13.916853406468444
0.1521,14.097461453560319
0.1522,14.241278972540888
0.1523,14.408508645774107
0.1524,14.595805879795313
0.1525,14.756346366099201
0.1526,14.94698819358507
0.1527,15.157697581858926
0.1528,15.321582661627478
0.1529,15.502190708719354
0.153,15.65938660155858
0.1531,15.769758185892504
0.1532,15.950366232984381
0.1533,16.10421753235894
0.1534,16.26475801866283
0.1535,16.592528178199938
0.1537,16.75306866450383
0.1538,16.93702130506037
0.1539,17.12097394561691
0.154,17.522325161376635
0.1542,17.783203451620455
0.1543,17.96381149871233
0.1544,18.174520886986187
0.1545,18.549115355028597
0.1547,18.806649051807753
0.1548,19.084250309374895
0.1549,19.348473193083382
0.155,19.870229773571022
0.1552,20.157864811532157
0.1553,20.485634971069267
0.1554,20.723101107060437
0.1555,21.14786447707281
0.1557,21.381986019599317
0.1558,21.569283253620522
0.1559,21.806749389611692
0.156,21.994046623632897
0.1561,22.221478979230074
0.1562,22.321816783170007
0.1563,22.525836984514534
0.1564,22.71313421853574
0.1565,22.890397672162948
0.1566,23.027526004214188
0.1567,23.201444864376736
0.1568,23.395431285327266
0.1569,23.616174453995118
0.157,23.826883842268973
0.1571,24.017525669754843
0.1572,24.097795912906786
0.1573,24.265025586140005
0.1574,24.418876885514564
0.1575,24.55934981103047
0.1576,24.696478143081706
0.1577,24.870397003244253
0.1578,25.074417204588784
0.1579,25.251680658215992
0.158,25.37208602294391
0.1581,25.53597110271247
0.1582,25.703200775945685
0.1583,25.857052075320247
0.1584,26.024281748553463
0.1585,26.181477641392686
0.1586,26.308572193049933
0.1587,26.475801866283156
0.1588,26.646376132981036
0.1589,26.780159871567612
0.159,26.974146292518142
0.1591,27.154754339610022
0.1592,27.355429947489885
0.1593,27.750091976320277
0.1595,27.96749055152346
0.1596,28.14140941168601
0.1597,28.362152580353854
0.1598,28.733402454931607
0.16,28.910665908558812
0.1601,29.08458476872136
0.1602,29.201645539984618
0.1603,29.59965216227968
0.1605,29.84715207866484
0.1606,29.97090203685742
0.1607,30.14482089701997
0.1608,30.469246463092407
0.161,30.700023412154252
0.1611,30.90404361349878
0.1612,31.121442188701963
0.1613,31.549550152179002
0.1615,31.76694872738219
0.1616,31.954245961403394
0.1617,32.17498913007124
0.1618,32.58637412622496
0.162,32.76698217331683
0.1621,32.950934813873374
0.1622,33.185056356399876
0.1623,33.365664403491756
0.1624,33.49944814207833
0.1625,33.67002240877621
0.1626,33.77370480618081
0.1627,34.01117094217198
0.1628,34.268704638951135
0.1629,34.40248837753771
0.163,34.62992073313489
0.1631,34.75701528479213
0.1632,34.93762333188401
0.1633,35.071407070470585
0.1634,35.27208267835044
0.1635,35.47275828623031
0.1636,35.62326499214021
0.1637,35.74367035686812
0.1638,36.04468376868792
0.1639,36.141676979163186
0.164,36.40924445633633
0.1641,36.50289307334694
0.1642,36.673467340044816
0.1643,36.89421050871267
0.1644,37.0413726211579
0.1645,37.245392822502424
0.1646,37.375831967624336
0.1647,37.4828589584936
0.1648,37.69356834676746
0.1649,37.88755476771799
0.165,38.07150740827453
0.1651,38.181878992608446
0.1652,38.29225057694237
0.1653,38.516338339074885
0.1654,38.599953175691496
0.1655,38.82738553128867
0.1656,39.131743536573126
0.1658,39.319040770594334
0.1659,39.53643934579752
0.166,39.66353389745477
0.1661,40.01471621124452
0.1663,40.205358038730395
0.1664,40.345830964246296
0.1665,40.546506572126155
0.1666,40.880965918592594
0.1668,41.00806047024984
0.1669,41.16860095655373
0.167,41.35589819057493
0.1671,41.68366835011204
0.1673,41.86427639720392
0.1674,41.998060135790496
0.1675,42.1385330613064
0.1676,42.41947891233821
0.1678,42.576674805177426
0.1679,42.78738419345128
0.168,42.92116793203786
0.1681,43.34593130205023
0.1683,43.4997826014248
0.1684,43.71718117662798
0.1685,43.8375865413559
0.1686,44.04829592962975
0.1687,44.208836415933646
0.1688,44.355998528378876
0.1689,44.58343088397606
0.169,44.837619987290545
0.1691,45.0015050670591
0.1692,45.205525268403626
0.1693,45.41289006321282
0.1694,45.580119736446036
0.1695,45.74066022274992
0.1696,45.94133583062979
0.1697,46.145356031974316
0.1698,46.31927489213686
0.1699,46.49653834576407
0.17,46.667112612461956
0.1701,46.87782200073581
0.1702,47.101909762868324
0.1703,47.20559216027292
0.1704,47.379511020435466
0.1705,47.58018662831533
0.1706,47.75745008194254
0.1707,47.92467975517576
0.1708,48.14876751730827
0.1709,48.339409344794134
0.171,48.473193083380714
0.1711,48.71065921937189
0.1712,48.88123348606977
0.1713,49.05849693969698
0.1714,49.23910498678886
0.1715,49.352821164587446
0.1716,49.550152179002644
0.1717,49.707348071841864
0.1718,49.85116559082244
0.1719,50.1822803438242
0.172,50.18562493728888
0.1721,50.32944245626943
0.1722,50.456537007926684
0.1723,50.603699120371914
0.1724,50.9348138733737
0.1726,51.145523261647554
0.1727,51.352888056456734
0.1728,51.433158299608685
0.1729,51.80106358072176
0.1731,51.97498244088431
0.1732,52.148901301046855
0.1733,52.29271882002743
0.1734,52.65393491421118
0.1736,52.78102946586842
0.1737,52.93488076524299
0.1738,53.00511722800094
0.1739,53.21248202281013
0.1741,53.36633332218469
0.1742,53.480049499983274
0.1743,53.63055620589318
0.1744,53.92488043078364
0.1746,54.082076323622864
0.1747,54.25265059032075
0.1748,54.4065018896953
0.1749,54.500150506705914
0.175,54.62390046489849
0.1751,54.834609853172346
0.1752,54.934947657112275
0.1753,55.118900297668816
0.1754,55.195825947356106
0.1755,55.342988059801336
0.1756,55.49683935917589
0.1757,55.64734606508579
0.1758,55.75771764941971
0.1759,55.95504866383491
0.176,56.001872972340216
0.1761,56.18248101943208
0.1762,56.34971069266531
0.1763,56.433325529281916
0.1764,56.62396735676779
0.1765,56.76778487574835
0.1766,56.93501454898156
0.1767,57.02197397906284
0.1768,57.142379343790765
0.1769,57.32298739088264
0.177,57.4400481621459
0.1771,57.64741295695508
0.1772,57.73437238703636
0.1773,57.848088564834946
0.1774,58.02535201846215
0.1775,58.15913575704873
0.1776,58.31633164988796
0.1777,58.426703234221876
0.1778,58.620689655172406
0.1779,58.791263921870296
0.178,58.891601725810226
0.1781,58.96518278203284
0.1782,59.22606107227667
0.1783,59.23275025920599
0.1784,59.29629753503461
0.1785,59.42673668015652
0.1786,59.56720960567243
0.1787,59.78460818087561
0.1789,59.94849326064416
0.179,60.0387972841901
0.1791,60.12575671427138
0.1792,60.42677012609118
0.1794,60.497006588849125
0.1795,60.56724305160708
0.1796,60.80136459413358
0.1797,61.00204020201344
0.1798,61.005384795478115
0.1799,61.08899963209472
0.18,61.32646576808589
0.1801,61.4100806047025
0.1802,61.67095889494632
0.1804,61.9351817786548
0.1805,62.07231011070604
0.1806,62.21947222315127
0.1807,62.470316733001106
0.1808,62.4803505133951
0.1809,62.59741128465836
0.181,62.711127462456936
0.1811,62.84825579450818
0.1812,62.99541790695341
0.1813,63.10913408475199
0.1814,63.24960701026791
0.1815,63.329877253419845
0.1816,63.4469380246831
0.1817,63.55396501555236
0.1818,63.67437038028028
0.1819,63.77470818422021
0.182,63.8783905816248
0.1821,63.99210675942339
0.1822,64.07572159604
0.1823,64.20616074116191
0.1824,64.35332285360714
0.1825,64.43693769022374
0.1826,64.55065386802235
0.1827,64.63761329810362
0.1828,64.75467406936687
0.1829,64.9018361818121
0.183,64.9854510184287
0.1831,65.0790996354393
0.1832,65.1928158132379
0.1833,65.27308605638986
0.1834,65.3700792668651
0.1835,65.4938292250577
0.1836,65.62092377671495
0.1837,65.72460617411954
0.1838,65.79818723034215
0.1839,65.93197096892872
0.184,66.008896618616
0.1841,66.08582226830329
0.1842,66.20957222649587
0.1843,66.27980868925381
0.1844,66.39018027358775
0.1845,66.57078832067963
0.1847,66.66109234422557
0.1848,66.74136258737751
0.1849,66.84504498478209
0.185,67.0423759991973
0.1852,67.12933542927857
0.1853,67.1828489247132
0.1854,67.25642998093582
0.1855,67.40693668684571
0.1856,67.41028128031039
0.1857,67.49724071039165
0.1858,67.60426770126091
0.1859,67.64440282283688
0.186,67.78487574835279
0.1862,67.88521355229273
0.1863,67.96548379544465
0.1864,68.06247700591993
0.1865,68.2163283052945
0.1867,68.2999431419111
0.1868,68.38690257199237
0.1869,68.43707147396233
0.187,68.63440248837753
0.1872,68.72470651192347
0.1873,68.78490919428744
0.1874,68.88524699822737
0.1875,68.99227398909663
0.1876,69.09595638650123
0.1877,69.20967256429981
0.1878,69.31001036823974
0.1879,69.38693601792703
0.188,69.45717248068497
0.1881,69.58092243887755
0.1882,69.64112512124152
0.1883,69.71470617746412
0.1884,69.81838857486873
0.1885,69.89196963109134
0.1886,70.02575336967791
0.1887,70.08595605204188
0.1888,70.17626007558782
0.1889,70.28328706645706
0.189,70.34014515535637
0.1891,70.4404829592963
0.1892,70.52075320244823
0.1893,70.61774641292351
0.1894,70.74149637111609
0.1895,70.81173283387405
0.1896,70.86859092277334
0.1897,70.95555035285462
0.1898,71.0124084417539
0.1899,71.10940165222918
0.19,71.17963811498711
0.1901,71.2665975450684
0.1902,71.34352319475568
0.1903,71.44051640523095
0.1904,71.54419880263553
0.1905,71.60774607846416
0.1906,71.68132713468678
0.1907,71.71477306933343
0.1908,71.92548245760729
0.191,71.98568513997124
0.1911,72.09940131776983
0.1912,72.15960400013378
0.1913,72.33017826683167
0.1915,72.37365798187231
0.1916,72.49406334660023
0.1917,72.53754306164085
0.1918,72.65125923943944
0.192,72.7114619218034
0.1921,72.76497541723803
0.1922,72.82852269306666
0.1923,72.9556172447239
0.1925,73.02919830094652
0.1926,73.08940098331048
0.1927,73.14625907220977
0.1928,73.27000903040235
0.193,73.31683333890766
0.1931,73.36365764741296
0.1932,73.44727248402957
0.1933,73.55095488143417
0.1935,73.63791431151544
0.1936,73.70146158734407
0.1937,73.75497508277869
0.1938,73.79845479781932
0.1939,73.84527910632463
0.194,73.92889394294123
0.1941,73.95899528412322
0.1942,74.05264390113382
0.1943,74.12956955082109
0.1944,74.15632629853842
0.1945,74.22321816783169
0.1946,74.280076256731
0.1947,74.33024515870096
0.1948,74.40048162145891
0.1949,74.46068430382286
0.195,74.52423157965148
0.1951,74.59446804240945
0.1952,74.68477206595539
0.1953,74.72490718753136
0.1954,74.76838690257199
0.1955,74.82190039800662
0.1956,74.87206929997659
0.1957,74.90217064115858
0.1958,74.9657179169872
0.1959,75.06271112746245
0.196,75.09950165557376
0.1961,75.12625840329108
0.1962,75.18311649219036
0.1963,75.21656242683702
0.1964,75.25335295494833
0.1965,75.34031238502959
0.1966,75.40051506739356
0.1967,75.45068396936352
0.1968,75.4908190909395
0.1969,75.54098799290946
0.197,75.5844677079501
0.1971,75.75504197464798
0.1973,75.88882571323455
0.1974,75.89551490016389
0.1975,75.98581892370983
0.1976,76.12629184922572
0.1978,76.18649453158969
0.1979,76.20990668584233
0.198,76.3068998963176
0.1981,76.46075119569217
0.1983,76.52095387805612
0.1984,76.57112278002609
0.1985,76.62798086892538
0.1986,76.73166326632997
0.1988,76.80189972908794
0.1989,76.84872403759323
0.199,76.93568346767451
0.1991,77.02598749122043
0.1993,77.0861901735844
0.1994,77.13970366901903
0.1995,77.20659553831231
0.1996,77.32365630957557
0.1997,77.36044683768688
0.1998,77.41061573965683
0.1999,77.45744004816214
0.2,77.52098732399077
0.2001,77.55108866517276
0.2002,77.6213251279307
0.2003,77.658115656042
0.2004,77.67483862336533
0.2005,77.71162915147663
0.2006,77.75845345998194
0.2007,77.79524398809325
0.2008,77.88889260510385
0.2009,77.93571691360916
0.201,77.97585203518513
0.2011,78.04943309140774
0.2012,78.0895682129837
0.2013,78.12301414763036
0.2014,78.16314926920633
0.2015,78.20997357771164
0.2016,78.23004113849962
0.2017,78.28355463393424
0.2018,78.32703434897488
0.2019,78.35379109669219
0.202,78.43071674637947
0.2021,78.46081808756146
0.2022,78.54777751764273
0.2023,78.56784507843072
0.2024,78.59460182614804
0.2025,78.66483828890598
0.2026,78.70497341048195
0.2027,78.74510853205793
0.2028,78.79862202749256
0.2029,78.8588247098565
0.203,78.92237198568513
0.2031,78.94578413993779
0.2032,78.96919629419044
0.2033,79.03274357001906
0.2034,79.10632462624167
0.2036,79.16318271514098
0.2037,79.18993946285829
0.2038,79.25348673868692
0.2039,79.30365564065688
0.2041,79.34044616876818
0.2042,79.40064885113215
0.2043,79.44747315963745
0.2044,79.57791230475935
0.2046,79.59797986554734
0.2047,79.6213920198
0.2048,79.65818254791131
0.2049,79.71169604334594
0.205,79.76520953878055
0.2051,79.85216896886183
0.2052,79.87892571657915
0.2053,79.95250677280177
0.2054,79.9959864878424
0.2055,80.04281079634771
0.2056,80.05953376367103
0.2057,80.15987156761095
0.2058,80.17993912839894
0.2059,80.22341884343957
0.206,80.25017559115689
0.2061,80.2869661192682
0.2062,80.35720258202616
0.2063,80.39399311013746
0.2064,80.4006822970668
0.2065,80.43078363824877
0.2066,80.46757416636008
0.2067,80.50436469447139
0.2068,80.56791197030002
0.2069,80.577945750694
0.207,80.61473627880531
0.2071,80.6247700591993
0.2072,80.6816281480986
0.2073,80.71172948928059
0.2074,80.76189839125054
0.2075,80.76858757817988
0.2076,80.80872269975585
0.2077,80.84885782133182
0.2078,80.88899294290779
0.2079,80.9257834710191
0.208,80.97595237298907
0.2081,81.01274290110038
0.2082,81.03949964881768
0.2083,81.06960098999967
0.2084,81.09635773771699
0.2085,81.12980367236362
0.2086,81.15321582661628
0.2087,81.18666176126293
0.2088,81.21007391551557
0.2089,81.26024281748553
0.209,81.30706712599084
0.2091,81.33382387370816
0.2092,81.38733736914277
0.2093,81.41743871032476
0.2094,81.4508846449714
0.2095,81.4977089534767
0.2096,81.51108732733536
0.2097,81.55456704237601
0.2098,81.5913575704873
0.2099,81.62480350513394
0.21,81.66828322017459
0.2101,81.70841834175056
0.2102,81.74855346332653
0.2103,81.77531021104384
0.2104,81.80206695876116
0.2105,81.8555804541958
0.2106,81.86895882805445
0.2107,81.90574935616576
0.2108,81.92581691695374
0.2109,81.95591825813572
0.211,81.9960533797117
0.2111,82.06963443593432
0.2112,82.11645874443961
0.2113,82.13987089869227
0.2114,82.16662764640958
0.2115,82.17666142680358
0.2116,82.21010736145021
0.2117,82.24355329609686
0.2118,82.2870330111375
0.2119,82.32716813271347
0.212,82.36395866082478
0.2121,82.39071540854209
0.2122,82.4275059366534
0.2123,82.46095187130005
0.2124,82.46429646476471
0.2125,82.47767483862336
0.2126,82.54791130138132
0.2127,82.58470182949263
0.2128,82.62149235760393
0.2129,82.63821532492726
0.213,82.65493829225058
0.2131,82.66831666610923
0.2132,82.70176260075588
0.2133,82.72183016154386
0.2134,82.77868825044315
0.2135,82.8121341850898
0.2136,82.85226930666578
0.2137,82.88237064784776
0.2138,82.90912739556508
0.2139,82.92250576942372
0.214,82.9626408909997
0.2141,82.97601926485837
0.2142,83.01615438643432
0.2143,83.04291113415164
0.2144,83.1031138165156
0.2145,83.12987056423292
0.2146,83.15328271848557
0.2147,83.19007324659687
0.2148,83.21348540084954
0.2149,83.23020836817285
0.215,83.24358674203151
0.2151,83.27034348974883
0.2152,83.28372186360747
0.2153,83.33054617211279
0.2154,83.34057995250677
0.2155,83.36399210675943
0.2156,83.3840596675474
0.2157,83.40078263487072
0.2158,83.40747182180006
0.2159,83.42753938258805
0.216,83.46098531723469
0.2161,83.47101909762868
0.2162,83.50446503227533
0.2163,83.54125556038665
0.2164,83.5446001538513
0.2165,83.56466771463928
0.2166,83.5914244623566
0.2167,83.62821499046791
0.2168,83.6750392989732
0.2169,83.6951068597612
0.217,83.71182982708451
0.2171,83.72855279440785
0.2172,83.74862035519583
0.2173,83.79210007023646
0.2174,83.7987892571658
0.2175,83.82889059834777
0.2176,83.85230275260042
0.2177,83.8924378741764
0.2178,83.90247165457039
0.2179,83.91585002842903
0.218,83.92253921535837
0.2181,83.93591758921704
0.2182,83.95932974346968
0.2183,84.00615405197497
0.2184,84.04294458008629
0.2185,84.07639051473294
0.2186,84.09311348205625
0.2187,84.09645807552091
0.2188,84.11318104284425
0.2189,84.11652563630891
0.2191,84.1466269774909
0.2192,84.15666075788488
0.2193,84.16669453827888
0.2194,84.19345128599619
0.2195,84.22355262717817
0.2196,84.2402755945015
0.2198,84.26703234221881
0.2199,84.2770661226128
0.22,84.30382287033011
0.2201,84.30716746379477
0.2202,84.33057961804742
0.2203,84.36068095922941
0.2204,84.37405933308806
0.2205,84.4175390481287
0.2206,84.43760660891668
0.2207,84.45098498277534
0.2208,84.45432957624
0.2209,84.48108632395733
0.221,84.49780929128065
0.2211,84.52122144553329
0.2212,84.54128900632128
0.2213,84.57807953443259
0.2214,84.59145790829125
0.2215,84.62824843640256
0.2216,84.64831599719054
0.2217,84.65500518411987
0.2218,84.65834977758453
0.2219,84.66169437104921
0.222,84.66838355797853
0.2221,84.67507274490785
0.2222,84.68845111876652
0.2223,84.69514030569584
0.2224,84.71520786648384
0.2225,84.74865380113047
0.2226,84.77541054884779
0.2227,84.81889026388842
0.2228,84.83561323121175
0.2229,84.8489916050704
0.2231,84.85902538546439
0.2232,84.87909294625238
0.2233,84.91253888089902
0.2234,84.93929562861634
0.2235,84.96605237633365
0.2236,84.97608615672765
0.2237,84.98946453058632
0.2238,85.0195658717683
0.2239,85.05970099334425
0.224,85.17341717114284
0.2241,85.19014013846618
0.2242,85.1968293253955
0.2243,85.21689688618348
0.2244,85.23027526004215
0.2245,85.23361985350681
0.2246,85.24030904043613
0.2247,85.24699822736547
0.2248,85.25703200775946
0.225,85.28378875547678
0.2251,85.30720090972942
0.2252,85.32392387705275
0.2253,85.3373022509114
0.2254,85.35068062477006
0.2255,85.40084952674003
0.2256,85.41757249406334
0.2257,85.42426168099267
0.2258,85.43429546138667
0.226,85.43764005485134
0.2261,85.45101842870999
0.2262,85.4777751764273
0.2263,85.4978427372153
0.2264,85.50787651760928
0.2265,85.51122111107395
0.2266,85.52125489146795
0.2267,85.52459948493261
0.2268,85.54466704572059
0.2269,85.5814575738319
0.227,85.60821432154921
0.2271,85.64500484966052
0.2272,85.65169403658986
0.2273,85.6751061908425
0.2274,85.69182915816582
0.2275,85.69517375163049
0.2276,85.70855212548915
0.2277,85.71524131241847
0.2278,85.71858590588313
0.2279,85.72527509281247
0.228,85.72861968627713
0.2281,85.7419980601358
0.2282,85.75203184052978
0.2283,85.76541021438844
0.2284,85.79551155557043
0.2285,85.8356466771464
0.2286,85.84568045754038
0.2287,85.87912639218703
0.2288,85.90588313990435
0.2289,85.94601826148032
0.229,85.94936285494498
0.2291,85.95939663533898
0.2292,85.97946419612697
0.2293,85.99618716345027
0.2294,86.00622094384428
0.2295,86.00956553730894
0.2296,86.02294391116759
0.2297,86.04635606542026
0.2299,86.06976821967291
0.23,86.11993712164286
0.2301,86.13666008896618
0.2302,86.15672764975417
0.2303,86.17679521054215
0.2304,86.2102411451888
0.2305,86.2202749255828
0.2306,86.23030870597678
0.2307,86.24703167330011
0.2308,86.28047760794676
0.2309,86.3038897621994
0.231,86.32730191645206
0.2311,86.34402488377538
0.2312,86.35740325763403
0.2313,86.38750459881601
0.2314,86.40422756613934
0.2315,86.41091675306866
0.2316,86.43098431385665
0.2317,86.45774106157397
0.2318,86.48449780929128
0.2319,86.49118699622062
0.232,86.51459915047326
0.2321,86.53132211779658
0.2322,86.56142345897855
0.2323,86.58149101976655
0.2324,86.59821398708986
0.2325,86.61159236094853
0.2326,86.63500451520117
0.2327,86.65172748252449
0.2328,86.66510585638315
0.2329,86.70189638449448
0.233,86.7085855714238
0.2331,86.73534231914111
0.2332,86.74872069299977
0.2333,86.76209906685843
0.2334,86.78551122111108
0.2335,86.8122679688284
0.2336,86.8490584969397
0.2337,86.85240309040437
0.2339,86.87915983812168
0.234,86.89922739890966
0.2341,86.91595036623299
0.2342,86.92598414662697
0.2343,86.94939630087963
0.2344,86.96946386166762
0.2345,87.01628817017291
0.2346,87.01963276363757
0.2347,87.04973410481955
0.2348,87.05976788521356
0.2349,87.0831800394662
0.235,87.10659219371885
0.2351,87.11328138064817
0.2352,87.14338272183016
0.2353,87.15676109568882
0.2354,87.16010568915348
0.2355,87.1868624368708
0.2356,87.19020703033547
0.2357,87.22030837151745
0.2358,87.22699755844677
0.2359,87.25375430616408
0.236,87.2805110538814
0.2361,87.29723402120472
0.2362,87.32399076892203
0.2364,87.35409211010402
0.2365,87.374159670892
0.2366,87.39088263821533
0.2367,87.39757182514465
0.2368,87.42432857286197
0.2369,87.44774072711462
0.237,87.48118666176127
0.2371,87.49456503561991
0.2372,87.50125422254925
0.2373,87.51797718987258
0.2374,87.52801097026656
0.2375,87.55142312451922
0.2376,87.59155824609519
0.2378,87.63169336767116
0.2379,87.66179470885314
0.2381,87.70192983042911
0.2383,87.7119636108231
0.2384,87.73537576507576
0.2385,87.73872035854042
0.2386,87.74540954546974
0.2387,87.80895682129837
0.2389,87.84909194287435
0.239,87.88253787752099
0.2391,87.91932840563229
0.2392,87.9661527141376
0.2393,87.98287568146091
0.2394,88.00628783571356
0.2395,88.01632161610756
0.2396,88.02969998996622
0.2397,88.05311214421887
0.2399,88.06314592461287
0.24,88.25713234556339
0.2401,88.26716612595739
0.2402,88.29057828021004
0.2403,88.31399043446268
0.2405,88.31733502792736
0.2406,88.33740258871534
0.2407,88.35747014950333
0.2408,88.360814742968
0.2409,88.39091608414998
0.241,88.41432823840262
0.2411,88.42770661226128
0.2412,88.44108498611993
0.2414,88.45111876651393
0.2415,88.46115254690793
0.2416,88.47787551423124
0.2418,88.48456470116058
0.242,88.51801063580722
0.2421,88.53138900966587
0.2422,88.54811197698919
0.2423,88.55814575738319
0.2424,88.59159169202984
0.2425,88.61500384628248
0.2426,88.61834843974715
0.2427,88.63841600053513
0.2429,88.65848356132312
0.243,88.67186193518178
0.2431,88.70865246329309
0.2432,88.75213217833372
0.2433,88.78223351951571
0.2435,88.78557811298037
0.2436,88.79561189337436
0.2437,88.80230108030369
0.2439,88.80899026723303
0.244,88.81902404762701
0.2441,88.82571323455633
0.2442,88.84243620187966
0.2443,88.85915916920298
0.2445,88.86584835613232
0.2446,88.87922672999096
0.2447,88.89260510384963
0.2448,88.8959496973143
0.2449,88.92270644503161
0.245,88.9327402254256
0.2451,88.93942941235493
0.2452,88.94611859928425
0.2453,88.97287534700156
0.2454,88.98625372086023
0.2455,88.99963209471889
0.2456,89.00632128164821
0.2457,89.02973343590087
0.2458,89.03307802936553
0.2459,89.04311180975952
0.246,89.04980099668886
0.2461,89.07655774440617
0.2462,89.09328071172949
0.2463,89.09662530519415
0.2464,89.14344961369946
0.2466,89.18692932874009
0.2467,89.20030770259875
0.2468,89.21703066992207
0.2469,89.23040904378072
0.2471,89.27723335228603
0.2472,89.29395631960935
0.2474,89.33074684772066
0.2475,89.33409144118532
0.2476,89.3641927823673
0.2477,89.37088196929663
0.2478,89.3742265627613
0.2479,89.39094953008461
0.248,89.39763871701395
0.2481,89.44111843205458
0.2482,89.45449680591324
0.2483,89.4578413993779
0.2484,89.49463192748921
0.2485,89.49797652095388
0.2486,89.5146994882772
0.2487,89.54480082945918
0.2488,89.56152379678251
0.2489,89.57824676410581
0.249,89.60165891835847
0.2491,89.6284156660758
0.2492,89.63176025954044
0.2493,89.64179403993444
0.2494,89.64848322686377
0.2495,89.67189538111643
0.2496,89.68861834843975
0.2497,89.69865212883374
0.2498,89.7120305026924
0.2499,89.72540887655106
0.25,89.75216562426837
0.2502,89.7588548111977
0.2503,89.76219940466237
0.2504,89.78226696545035
0.2505,89.80233452623834
0.2506,89.805679119703
0.2508,89.81571290009698
0.2509,89.83243586742032
0.251,89.85919261513763
0.2511,89.8993277367136
0.2514,89.90601692364292
0.2515,89.92608448443092
0.2516,89.93946285828957
0.2517,89.94280745175423
0.2518,89.9561858256129
0.2519,89.97290879293622
0.2521,89.99632094718886
0.2522,90.00969932104753
0.2523,90.01638850797686
0.2524,90.0498344426235
0.2525,90.05986822301749
0.2526,90.06321281648215
0.2528,90.08328037727014
0.2529,90.0866249707348
0.253,90.0966587511288
0.2531,90.11003712498746
0.2532,90.11672631191678
0.2533,90.12676009231078
0.2534,90.15686143349276
0.2536,90.17023980735142
0.2537,90.22375330278605
0.2538,90.23044248971537
0.2539,90.25385464396803
0.254,90.273922204756
0.2541,90.28061139168534
0.2542,90.28395598515
0.2543,90.29064517207934
0.2544,90.29733435900866
0.2545,90.31740191979665
0.2546,90.33078029365531
0.2547,90.36088163483728
0.2548,90.37760460216062
0.2549,90.38094919562528
0.255,90.39432756948393
0.2551,90.41439513027191
0.2552,90.42777350413057
0.2553,90.45118565838322
0.2554,90.45787484531255
0.2555,90.46121943877722
0.2558,90.48463159302986
0.2559,90.50469915381785
0.256,90.54148968192916
0.2561,90.55486805578782
0.2562,90.57828021004048
0.2564,90.5849693969698
0.2565,90.59165858389913
0.2566,90.60503695775779
0.2567,90.62844911201043
0.2569,90.64517207933376
0.257,90.64851667279842
0.2571,90.67527342051574
0.2572,90.69199638783905
0.2574,90.69868557476839
0.2575,90.73213150941503
0.2576,90.73882069634436
0.2577,90.772266630991
0.2579,90.79567878524365
0.258,90.80236797217299
0.2581,90.82578012642564
0.2582,90.85253687414296
0.2584,90.85588146760762
0.2586,90.86257065453694
0.2587,90.90270577611291
0.2589,90.9127395565069
0.259,90.94953008461822
0.2591,90.97628683233553
0.2592,90.98966520619419
0.2594,91.00973276698218
0.2595,91.01307736044684
0.2596,91.04986788855814
0.2597,91.0532124820228
0.2599,91.07662463627545
0.26,91.08665841666945
0.2601,91.09334760359879
0.2602,91.10672597745744
0.2604,91.1301381317101
0.2606,91.14351650556874
0.2607,91.19703000100337
0.2609,91.20037459446804
0.2612,91.20706378139737
0.2615,91.22713134218536
0.2616,91.24050971604402
0.2617,91.28064483761999
0.262,91.31743536573128
0.2621,91.32412455266062
0.2622,91.34084751998395
0.2623,91.35088130037794
0.2624,91.36091508077193
0.2626,91.3910164219539
0.2627,91.4010502023479
0.2628,91.42780695006522
0.2629,91.4311515435299
0.263,91.45456369778253
0.2632,91.46125288471187
0.2633,91.47463125857051
0.2634,91.47797585203519
0.2635,91.48466503896452
0.2636,91.51142178668182
0.2637,91.52814475400515
0.2638,91.55490150172247
0.264,91.55824609518713
0.2641,91.57831365597512
0.2643,91.59503662329844
0.2645,91.6084149971571
0.2646,91.61510418408642
0.2647,91.65189471219773
0.2648,91.65523930566239
0.2649,91.6819960533797
0.265,91.6920298337737
0.2651,91.69871902070304
0.2652,91.70540820763236
0.2653,91.72213117495568
0.2654,91.72882036188501
0.2655,91.73216495534969
0.2658,91.74888792267299
0.2659,91.75557710960233
0.266,91.81243519850162
0.2661,91.81912438543095
0.2663,91.82246897889561
0.2665,91.82915816582494
0.2667,91.86260410047159
0.2668,91.87263788086558
0.2669,91.87598247433024
0.267,91.9094284089769
0.2672,91.92615137630021
0.2673,91.94956353055287
0.2675,91.97632027827018
0.2676,92.00642161945215
0.2677,92.00976621291682
0.2678,92.02648918024015
0.2679,92.04321214756347
0.2681,92.04655674102813
0.2682,92.05659052142212
0.2683,92.0866918626041
0.2684,92.0967256429981
0.2685,92.10341482992742
0.2686,92.12348239071541
0.2687,92.13017157764473
0.2688,92.13686076457407
0.269,92.17365129268538
0.2691,92.17699588615004
0.2692,92.18702966654403
0.2693,92.22047560119067
0.2696,92.24054316197866
0.2697,92.24388775544332
0.2698,92.26061072276664
0.27,92.26395531623132
0.2702,92.2840228770193
0.2703,92.31412421820127
0.2705,92.3308471855246
0.2707,92.34422555938325
0.271,92.35760393324192
0.2711,92.37432690056524
0.2712,92.3877052744239
0.2713,92.40108364828255
0.2715,92.42115120907054
0.2716,92.45459714371718
0.272,92.54824576072778
0.2721,92.5649687280511
0.2723,92.58169169537442
0.2725,92.60844844309175
0.2727,92.62517141041506
0.2728,92.63520519080906
0.273,92.64523897120304
0.2732,92.64858356466772
0.2733,92.66196193852637
0.2736,92.67199571892036
0.2737,92.68537409277903
0.2738,92.68871868624369
0.274,92.69206327970835
0.2741,92.69540787317302
0.2742,92.70878624703167
0.2744,92.71882002742566
0.2745,92.72885380781966
0.2749,92.73554299474898
0.275,92.73888758821364
0.2751,92.74557677514298
0.2752,92.76898892939563
0.2754,92.77902270978963
0.2755,92.79574567711295
0.2757,92.79909027057761
0.2758,92.81581323790094
0.276,92.82584701829492
0.2761,92.83253620522426
0.2762,92.85260376601224
0.2763,92.8659821398709
0.2764,92.88939429412355
0.2765,92.89273888758821
0.2767,92.9027726679822
0.2769,92.90946185491154
0.2772,92.91949563530552
0.2773,92.9228402287702
0.2774,92.94290778955818
0.2775,92.94625238302284
0.2776,92.95628616341683
0.2777,92.96297535034617
0.2779,92.97635372420481
0.2782,92.99976587845748
0.2783,93.00311047192213
0.2784,93.01314425231612
0.2785,93.0164888457808
0.2786,93.03321181310412
0.279,93.04993478042744
0.2791,93.05327937389211
0.2793,93.06331315428609
0.2794,93.07000234121543
0.2795,93.07334693468009
0.2796,93.07669152814475
0.2798,93.09006990200342
0.2799,93.1101374627914
0.2801,93.11682664972074
0.2803,93.13689421050871
0.2805,93.14358339743805
0.2811,93.15361717783203
0.2812,93.193752299408
0.2814,93.19709689287266
0.2816,93.20713067326668
0.2819,93.22385364058998
0.2822,93.23388742098398
0.2823,93.23723201444865
0.2824,93.25395498177197
0.2826,93.27067794909529
0.2827,93.27402254255995
0.2829,93.28405632295394
0.2831,93.30077929027726
0.2833,93.31415766413592
0.2836,93.33422522492391
0.2837,93.34760359878257
0.2838,93.37101575303521
0.2839,93.37770493996454
0.2841,93.3910833138232
0.2842,93.39777250075252
0.2844,93.40780628114652
0.2847,93.42118465500519
0.2848,93.42452924846984
0.2851,93.42787384193451
0.2852,93.44459680925783
0.2853,93.4479414027225
0.2854,93.46466437004582
0.2856,93.47804274390448
0.2857,93.49142111776314
0.2858,93.50814408508646
0.2859,93.52152245894511
0.2861,93.52486705240977
0.2864,93.53155623933911
0.2868,93.53490083280377
0.2871,93.54827920666243
0.2873,93.55162380012709
0.2875,93.5783805478444
0.2876,93.5884143282384
0.2878,93.60848188902638
0.288,93.64861701060236
0.2881,93.65865079099636
0.2883,93.66199538446102
0.2886,93.67537375831968
0.2889,93.682062945249
0.2893,93.68540753871368
0.2894,93.692096725643
0.2895,93.72554266028963
0.29,93.72888725375431
0.2901,93.73557644068363
0.2902,93.74226562761297
0.2903,93.7489548145423
0.2904,93.75898859493628
0.2906,93.76902237533028
0.2909,93.78240074918894
0.2912,93.79243452958292
0.2913,93.79912371651226
0.2914,93.80915749690625
0.2915,93.81250209037091
0.2916,93.81584668383557
0.2921,93.81919127730023
0.2922,93.82588046422957
0.2925,93.82922505769423
0.2928,93.8325696511589
0.2932,93.8426034315529
0.2933,93.86267099234088
0.2934,93.87604936619954
0.2935,93.88273855312886
0.2936,93.89611692698753
0.2937,93.91618448777551
0.2938,93.92956286163417
0.294,93.93625204856349
0.2942,93.93959664202816
0.2944,93.94294123549282
0.2945,93.95297501588682
0.2949,93.96635338974548
0.295,93.96969798321014
0.2953,93.97973176360414
0.2958,93.98976554399813
0.296,94.01317769825079
0.2962,94.03324525903876
0.2964,94.03658985250343
0.2965,94.04662363289742
0.2969,94.06000200675608
0.2972,94.07003578715008
0.2975,94.08341416100873
0.2978,94.09344794140272
0.2979,94.09679253486739
0.298,94.10013712833205
0.2982,94.11351550219071
0.2985,94.11686009565537
0.2988,94.1235492825847
0.2989,94.13692765644336
0.299,94.16033981069602
0.2993,94.16368440416068
0.3,94.17706277801933
0.3001,94.18375196494866
0.3003,94.18709655841333
0.3004,94.19044115187799
0.3007,94.19378574534265
0.3008,94.20047493227199
0.301,94.20381952573665
0.3011,94.20716411920131
0.3012,94.21385330613063
0.3014,94.23057627345396
0.3015,94.23726546038328
0.3016,94.24395464731262
0.3018,94.25398842770662
0.3019,94.28074517542393
0.302,94.29077895581793
0.3023,94.29746814274725
0.3024,94.3108465166059
0.3026,94.31419111007057
0.3027,94.3208802969999
0.3029,94.32756948392922
0.3031,94.33091407739389
0.3032,94.33425867085856
0.3037,94.33760326432322
0.3042,94.34094785778788
0.3043,94.34763704471722
0.3046,94.36436001204054
0.3047,94.37104919896987
0.3049,94.39111675975785
0.305,94.40115054015185
0.3052,94.4044951336165
0.3053,94.40783972708118
0.3056,94.4145289140105
0.3057,94.41787350747516
0.3068,94.42121810093983
0.3071,94.44128566172782
0.3073,94.44463025519248
0.3074,94.45800862905114
0.3076,94.4613532225158
0.3079,94.47807618983913
0.3081,94.50148834409178
0.3083,94.5282450918091
0.3084,94.53493427873842
0.3086,94.54162346566774
0.309,94.54496805913242
0.3091,94.5650356199204
0.3094,94.56838021338505
0.3096,94.57172480684973
0.31,94.57841399377905
0.3103,94.58844777417305
0.3106,94.60517074149637
0.3109,94.6118599284257
0.3113,94.61520452189036
0.3114,94.62858289574902
0.312,94.63527208267834
0.3122,94.64196126960768
0.3126,94.65533964346633
0.3129,94.67540720425433
0.313,94.68544098464832
0.3133,94.6954747650423
0.3134,94.72892069968896
0.3135,94.73895448008295
0.314,94.74564366701227
0.3142,94.75902204087093
0.3144,94.77240041472959
0.3147,94.77574500819426
0.3151,94.80250175591158
0.3153,94.81588012977022
0.3155,94.8192247232349
0.3159,94.82256931669956
0.316,94.82925850362889
0.3161,94.83929228402287
0.3163,94.84263687748754
0.3164,94.84932606441687
0.3166,94.85267065788153
0.317,94.85935984481087
0.3172,94.86270443827553
0.3175,94.87608281213419
0.3176,94.88277199906351
0.3177,94.88611659252818
0.318,94.88946118599284
0.3182,94.9028395598515
0.3184,94.91621793371016
0.3186,94.93628549449814
0.3189,94.94297468142747
0.319,94.94631927489213
0.3192,94.94966386835681
0.3196,94.95969764875079
0.32,95.05334626576139
0.3204,95.05669085922605
0.3205,95.06003545269073
0.3209,95.07341382654938
0.3211,95.07675842001404
0.3214,95.0801030134787
0.3216,95.09348138733736
0.3221,95.10351516773137
0.3222,95.11354894812536
0.3225,95.12023813505468
0.3227,95.12358272851935
0.323,95.12692732198401
0.3231,95.13027191544867
0.3232,95.14030569584267
0.3237,95.14699488277199
0.324,95.15033947623667
0.3245,95.15368406970133
0.3246,95.16706244355998
0.3252,95.1737516304893
0.3256,95.1837854108833
0.326,95.18713000434798
0.3265,95.19047459781264
0.3268,95.2038529716713
0.327,95.20719756513596
0.3273,95.23729890631793
0.3274,95.24398809324727
0.3275,95.25736646710592
0.3277,95.26071106057059
0.3278,95.27074484096458
0.3287,95.27408943442924
0.329,95.28077862135858
0.3297,95.2874678082879
0.3302,95.3075353690759
0.3304,95.31756914946989
0.3305,95.32091374293455
0.3308,95.33763671025787
0.3309,95.34098130372253
0.3312,95.35101508411653
0.3313,95.35435967758119
0.3316,95.35770427104585
0.3318,95.36104886451052
0.3322,95.36773805143984
0.3323,95.37442723836918
0.3331,95.3911502056925
0.3332,95.39783939262183
0.3333,95.42459614033915
0.3336,95.43462992073314
0.334,95.44131910766247
0.3343,95.44466370112713
0.3353,95.46473126191512
0.3357,95.4747650423091
0.3363,95.48145422923844
0.3372,95.49148800963243
0.3374,95.4948326030971
0.3386,95.49817719656176
0.339,95.50821097695575
0.3393,95.51155557042041
0.3396,95.53831231813773
0.3398,95.54165691160239
0.3399,95.56172447239038
0.3401,95.56506906585504
0.3405,95.57175825278438
0.3407,95.5784474397137
0.3411,95.58179203317837
0.3421,95.59517040703702
0.3423,95.60520418743101
0.3433,95.62192715475433
0.3437,95.62527174821899
0.3443,95.62861634168367
0.3444,95.63196093514833
0.3447,95.63865012207766
0.3451,95.64199471554232
0.3454,95.645339309007
0.3457,95.65871768286564
0.3464,95.66875146325964
0.3469,95.67209605672431
0.3474,95.67878524365364
0.3476,95.6821298371183
0.3478,95.68547443058296
0.3481,95.69550821097695
0.3484,95.70888658483561
0.3489,95.72226495869427
0.3493,95.74233251948226
0.3499,95.74567711294692
0.35,95.74902170641158
0.3504,95.75905548680558
0.3505,95.76240008027024
0.3512,95.76574467373491
0.3513,95.7757784541289
0.3515,95.77912304759356
0.3516,95.79250142145223
0.3517,95.79584601491689
0.3521,95.79919060838155
0.3523,95.80587979531087
0.3524,95.80922438877555
0.3525,95.81256898224021
0.353,95.81925816916954
0.3536,95.82594735609887
0.3541,95.82929194956353
0.3544,95.83263654302819
0.3546,95.83598113649285
0.3547,95.84935951035152
0.355,95.85270410381618
0.3552,95.85604869728085
0.3554,95.8694270711395
0.3555,95.87277166460417
0.357,95.87611625806883
0.358,95.88949463192749
0.3582,95.89283922539215
0.3584,95.89618381885681
0.3585,95.89952841232147
0.3592,95.90287300578615
0.3594,95.90621759925081
0.3595,95.9162513796448
0.3597,95.91959597310947
0.3605,95.92628516003879
0.3613,95.9463527208268
0.3617,95.9530419077561
0.3619,95.9630756881501
0.3629,95.96642028161477
0.363,95.9731094685441
0.3634,95.97645406200877
0.3636,95.98314324893809
0.3638,95.98983243586741
0.365,95.99317702933209
0.3652,95.99986621626141
0.3663,96.00321080972608
0.3667,96.00655540319075
0.3671,96.0098999966554
0.3676,96.02327837051406
0.3681,96.0299675574434
0.3687,96.03331215090806
0.369,96.03665674437272
0.3691,96.04334593130204
0.3694,96.05003511823138
0.3695,96.05672430516071
0.3696,96.07344727248403
0.3698,96.08013645941335
0.3699,96.08348105287803
0.3709,96.08682564634269
0.3711,96.09017023980735
0.3715,96.09685942673669
0.3725,96.12027158098934
0.3729,96.123616174454
0.373,96.13364995484798
0.3731,96.15037292217131
0.3738,96.15371751563598
0.3741,96.16375129602997
0.3743,96.16709588949463
0.375,96.17712966988863
0.3758,96.18047426335329
0.3767,96.18381885681795
0.3776,96.18716345028263
0.3778,96.19385263721195
0.3781,96.19719723067661
0.3783,96.2072310110706
0.3785,96.22060938492926
0.3787,96.22395397839392
0.3794,96.23398775878792
0.3795,96.23733235225258
0.3807,96.24736613264658
0.3812,96.25071072611124
0.3814,96.25739991304056
0.3817,96.26743369343457
0.3827,96.27077828689923
0.3837,96.28415666075789
0.3847,96.29753503461654
0.3851,96.30422422154588
0.3852,96.30756881501054
0.3855,96.32094718886918
0.3862,96.32429178233386
0.3871,96.32763637579852
0.3876,96.3309809692632
0.3881,96.3477039365865
0.3883,96.3677714973745
0.3886,96.37111609083917
0.3887,96.38449446469781
0.3895,96.39118365162714
0.3903,96.39787283855648
0.3907,96.40121743202114
0.3918,96.41125121241512
0.3921,96.4145958058798
0.3924,96.41794039934446
0.3934,96.4246295862738
0.394,96.42797417973846
0.3943,96.44469714706177
0.3952,96.44804174052643
0.3958,96.45807552092043
0.3963,96.4614201143851
0.3965,96.46810930131441
0.3976,96.47145389477909
0.3983,96.48483226863775
0.3985,96.48817686210242
0.3986,96.49486604903174
0.3991,96.5082444228904
0.3992,96.52496739021372
0.3994,96.52831198367838
0.4,96.67881868958827
0.4001,96.68216328305294
0.4002,96.6855078765176
0.4004,96.6955416569116
0.4007,96.7055754373056
0.4011,96.70892003077026
0.4024,96.71895381116425
0.4028,96.72564299809359
0.4043,96.73233218502291
0.4048,96.73567677848757
0.4055,96.74571055888157
0.4056,96.74905515234623
0.4058,96.7523997458109
0.4073,96.75574433927557
0.4081,96.76243352620489
0.4089,96.76577811966955
0.4097,96.76912271313421
0.4099,96.77581190006354
0.4107,96.78584568045754
0.4108,96.81594702163952
0.4109,96.86277133014482
0.4116,96.86611592360948
0.4119,96.86946051707415
0.412,96.87614970400348
0.4133,96.89621726479146
0.4137,96.9029064517208
0.4141,96.90625104518546
0.4145,96.90959563865013
0.4155,96.91294023211479
0.416,96.91628482557945
0.4164,96.91962941904411
0.4172,96.94973076022609
0.4176,96.95307535369075
0.4177,96.97314291447874
0.4179,96.9764875079434
0.4194,96.97983210140806
0.4201,96.9865212883374
0.4208,96.99321047526674
0.4211,96.99989966219607
0.4215,97.0065888491254
0.4219,97.01662262951938
0.4221,97.02331181644871
0.4223,97.03000100337805
0.423,97.03669019030737
0.4231,97.04337937723669
0.4237,97.04672397070136
0.4241,97.05341315763069
0.4244,97.06010234456002
0.4258,97.070136124954
0.4265,97.07348071841868
0.427,97.08351449881268
0.4273,97.08685909227734
0.429,97.090203685742
0.4293,97.09354827920666
0.4313,97.10692665306532
0.4318,97.11027124652999
0.4319,97.11696043345931
0.4324,97.12030502692399
0.4333,97.12699421385331
0.4337,97.1370279942473
0.434,97.14037258771197
0.4348,97.14371718117663
0.4349,97.15375096157062
0.4361,97.15709555503528
0.4372,97.16044014849994
0.4373,97.16712933542928
0.4379,97.21060905046993
0.4381,97.21395364393459
0.4386,97.22064283086391
0.4387,97.22398742432857
0.4394,97.22733201779323
0.4396,97.2306766112579
0.4398,97.23736579818723
0.4401,97.2407103916519
0.4413,97.24405498511656
0.4422,97.24739957858122
0.443,97.25074417204588
0.4441,97.28419010669253
0.4445,97.2875347001572
0.4462,97.29422388708653
0.4463,97.29756848055119
0.4477,97.30091307401585
0.4479,97.30425766748053
0.4497,97.30760226094517
0.4499,97.31094685440983
0.4509,97.31763604133917
0.4511,97.32766982173317
0.4512,97.33101441519784
0.4518,97.3343590086625
0.4519,97.33770360212716
0.4523,97.36111575637982
0.4532,97.36780494330914
0.4544,97.38787250409713
0.4552,97.39121709756179
0.4554,97.40125087795577
0.456,97.40459547142045
0.4568,97.40794006488511
0.4569,97.41462925181445
0.4574,97.43135221913776
0.4592,97.43469681260243
0.4598,97.44138599953176
0.4603,97.44473059299642
0.4605,97.45476437339042
0.4613,97.45810896685508
0.4615,97.46145356031974
0.4629,97.4647981537844
0.4634,97.46814274724908
0.4635,97.4748319341784
0.4637,97.4848657145724
0.464,97.49824408843105
0.4643,97.50158868189571
0.4645,97.50493327536039
0.4646,97.50827786882505
0.4653,97.51162246228971
0.4654,97.52500083614837
0.4659,97.52834542961303
0.467,97.5316900230777
0.4686,97.53503461654236
0.47,97.54506839693636
0.4704,97.55510217733034
0.4706,97.57516973811833
0.472,97.578514331583
0.4727,97.58185892504765
0.4733,97.60192648583565
0.4736,97.61196026622963
0.4744,97.6153048596943
0.4746,97.61864945315897
0.476,97.6253386400883
0.4767,97.65543998127028
0.4777,97.65878457473494
0.4797,97.66881835512893
0.4806,97.67550754205826
0.4813,97.67885213552293
0.4815,97.69223050938159
0.4824,97.69557510284625
0.4825,97.70226428977557
0.4826,97.70560888324025
0.4828,97.72233185056356
0.4847,97.72567644402824
0.4849,97.72902103749288
0.4854,97.73236563095755
0.4862,97.73905481788688
0.487,97.74239941135156
0.488,97.74574400481622
0.4898,97.75243319174555
0.491,97.75912237867487
0.4911,97.7658115656042
0.4928,97.77918993946287
0.4933,97.78587912639219
0.4966,97.80929128064484
0.4976,97.81932506103882
0.4979,97.82601424796816
0.498,97.83939262182682
0.4996,97.84608180875615
0.4997,97.85277099568547
0.5,97.87283855647347
0.5002,97.87618314993813
0.502,97.88287233686745
0.5028,97.88621693033211
0.5046,97.88956152379679
0.5048,97.90293989765544
0.5052,97.9062844911201
0.5057,97.90962908458476
0.5063,97.91297367804943
0.5074,97.93638583230208
0.5084,97.93973042576674
0.5096,97.9430750192314
0.5103,97.94976420616074
0.5106,97.95310879962541
0.5112,97.97652095387805
0.5125,97.97986554734273
0.5139,97.98321014080739
0.5141,97.98655473427205
0.5163,97.98989932773672
0.5171,98.01331148198936
0.5177,98.01665607545404
0.5179,98.0200006689187
0.5182,98.03337904277734
0.5212,98.04341282317134
0.5225,98.04675741663601
0.5233,98.05010201010067
0.5245,98.05344660356535
0.5276,98.09023713167664
0.5278,98.1036155055353
0.5279,98.10696009899996
0.5296,98.1136492859293
0.5306,98.12033847285862
0.532,98.12368306632328
0.5325,98.14040603364661
0.5336,98.14375062711127
0.5346,98.14709522057595
0.5364,98.1504398140406
0.5371,98.15712900096993
0.5386,98.17050737482859
0.5413,98.17719656175792
0.5441,98.19057493561658
0.5461,98.19391952908124
0.5466,98.20060871601058
0.5492,98.21064249640456
0.5511,98.23071005719255
0.5518,98.23405465065721
0.5528,98.23739924412187
0.5554,98.24074383758654
0.5575,98.24743302451587
0.5594,98.25412221144519
0.5595,98.25746680490987
0.5613,98.26750058530386
0.5624,98.27753436569785
0.5626,98.28087895916251
0.5635,98.29760192648584
0.5656,98.30429111341516
0.5684,98.30763570687982
0.5689,98.3210140807385
0.5699,98.35780460884979
0.5711,98.36114920231445
0.5737,98.36449379577911
0.574,98.36783838924379
0.576,98.37118298270845
0.5776,98.37787216963778
0.5788,98.39125054349644
0.581,98.3945951369611
0.5832,98.4146626977491
0.585,98.42135188467842
0.5854,98.42469647814308
0.5873,98.43138566507241
0.5901,98.43473025853707
0.5911,98.44141944546641
0.5914,98.44476403893107
0.5948,98.44810863239573
0.5949,98.45145322586039
0.5968,98.46148700625439
0.5984,98.46483159971905
0.6,98.47820997357772
0.6002,98.48489916050704
0.6016,98.4882437539717
0.6018,98.4982775343657
0.6032,98.51165590822436
0.6048,98.51500050168902
0.6092,98.51834509515368
0.6105,98.52168968861835
0.6106,98.52503428208301
0.6108,98.54844643633567
0.6176,98.56516940365898
0.6182,98.5718585905883
0.6236,98.57520318405297
0.6237,98.6019599317703
0.625,98.60530452523496
0.6291,98.61533830562895
0.6293,98.62871667948761
0.631,98.63206127295227
0.6344,98.65212883374026
0.6364,98.65547342720492
0.6391,98.6655072075989
0.6427,98.66885180106358
0.6429,98.67219639452824
0.6434,98.67888558145758
0.6455,98.68891936185157
0.647,98.69226395531624
0.6475,98.6956085487809
0.6512,98.71233151610421
0.6546,98.72236529649821
0.6556,98.72570988996287
0.658,98.72905448342753
0.6611,98.73239907689221
0.6612,98.73908826382153
0.664,98.7424328572862
0.6666,98.74577745075086
0.6667,98.74912204421553
0.6693,98.75246663768019
0.6742,98.75581123114485
0.6755,98.76250041807418
0.6785,98.76584501153884
0.6805,98.7792233853975
0.6825,98.78256797886216
0.6843,98.78591257232682
0.6895,98.79260175925616
0.6955,98.79594635272083
0.703,98.7992909461855
0.7047,98.81266932004415
0.7094,98.81601391350881
0.7103,98.82939228736747
0.7117,98.8360814742968
0.7122,98.83942606776147
0.7171,98.84277066122613
0.7177,98.86618281547878
0.7179,98.86952740894344
0.7187,98.8728720024081
0.7231,98.89628415666077
0.7278,98.90966253051941
0.7321,98.9297300913074
0.736,98.93641927823673
0.7395,98.94645305863072
0.7427,98.95314224556006
0.7457,98.95648683902472
0.7483,98.95983143248938
0.75,99.07020301682331
0.751,99.07689220375264
0.7533,99.0802367972173
0.7692,99.08358139068196
0.7705,99.09027057761129
0.7765,99.09361517107595
0.7775,99.09695976454061
0.7785,99.10030435800529
0.8,99.22405431619786
0.838,99.23743269005652
0.88,99.2675340312385
0.882,99.34111508746112
0.928,99.39462858289575
0.9281,99.50500016722967
1.0,99.63209471888692
1.764,99.63878390581625
2.205,99.66888524699823
2.5,99.70567577510954
2.646,99.72239874243286
3.528,99.73912170975619
3.712,99.75250008361483
4.41,99.78594601826148
5.0,99.91972975684806
8.0,99.92641894377738
9.28,100.0
