0.2875,0.007556008916090521
0.2878,0.011334013374135782
0.2884,0.015112017832181041
0.2888,0.022668026748271564
0.2891,0.034002040122407345
0.2893,0.041558049038497864
0.2894,0.05667006687067891
0.2898,0.06422607578676942
0.2901,0.06800408024481469
0.2904,0.07556008916090522
0.2905,0.086894102535041
0.2906,0.09067210699308625
0.2907,0.09822811590917678
0.2908,0.10956212928331255
0.2913,0.11334013374135782
0.2916,0.1246741471154936
0.2918,0.12845215157353884
0.292,0.13978616494767462
0.2922,0.14734217386376516
0.2924,0.16623219615399146
0.2926,0.18512221844421778
0.2927,0.1926782273603083
0.2928,0.19645623181835356
0.293,0.20401224073444407
0.2931,0.21534625410857985
0.2933,0.2191242585666251
0.2934,0.22668026748271564
0.2935,0.23801428085685142
0.294,0.2644603120631682
0.2942,0.27957232989534925
0.2943,0.2871283388114398
0.2944,0.30224035664362087
0.2945,0.32490838339189243
0.2947,0.32868638784993764
0.2949,0.35891042351429975
0.295,0.37024443688843556
0.2953,0.42313649930106917
0.2955,0.44580452604934073
0.2957,0.4949185840039292
0.2959,0.521364615210246
0.296,0.5704786731648344
0.2962,0.5931466999131059
0.2963,0.6309267444935586
0.2964,0.6498167667837849
0.2965,0.6913748158222827
0.2967,0.7329328648607805
0.2968,0.7367108693188258
0.2969,0.7593788960670974
0.297,0.812270958479731
0.2972,0.827382976311912
0.2973,0.8424949941440931
0.2974,0.8576070119762741
0.2975,0.8991650610147719
0.2977,0.9029430654728172
0.2978,0.925611092221089
0.2979,0.9822811590917677
0.298,1.0125051947561299
0.2982,1.0653972571687633
0.2983,1.0993992972911708
0.2984,1.1069553062072615
0.2985,1.159847368619895
0.2987,1.1976274132003477
0.2988,1.2429634666968907
0.299,1.2845215157353884
0.2992,1.2958555291095244
0.2993,1.318523555857796
0.2994,1.3411915826060674
0.2995,1.3865276361026106
0.2996,1.420529676225018
0.2997,1.465865729721561
0.2998,1.4923117609278778
0.3,1.5300918055083303
0.3001,1.5414258188824663
0.3002,1.5603158411726925
0.3003,1.5792058634629187
0.3004,1.6018738902111904
0.3005,1.624541916959462
0.3006,1.6320979258755526
0.3007,1.7038800105784124
0.3008,1.7265480373266842
0.3009,1.7681060863651819
0.301,1.8021081264875893
0.3011,1.839888171068042
0.3012,1.8738902111904492
0.3013,1.8965582379387207
0.3014,1.9267822736030826
0.3015,1.941894291435264
0.3016,1.9607843137254901
0.3017,1.9985643583059427
0.3018,2.0325663984283504
0.302,2.059012429634667
0.3021,2.0779024519248934
0.3022,2.10434848313121
0.3023,2.134572518795572
0.3024,2.1647965544599344
0.3026,2.195020590124296
0.3027,2.232800634704749
0.3028,2.2592466659110655
0.3029,2.293248706033473
0.303,2.3423627639880618
0.3032,2.3536967773621975
0.3033,2.421700857607012
0.3034,2.436812875439193
0.3035,2.4443688843552835
0.3036,2.451924893271374
0.3037,2.4897049378518266
0.3038,2.5010389512259623
0.3039,2.5161509690581436
0.304,2.550153009180551
0.3042,2.5614870225546866
0.3043,2.5728210359288224
0.3044,2.6068230760512296
0.3045,2.637047111715592
0.3046,2.652159129547773
0.3047,2.667271147379954
0.3048,2.6786051607540897
0.3049,2.7617212588310855
0.305,2.8146133212437188
0.3051,2.8335033435339456
0.3052,2.8523933658241716
0.3053,2.886395405946579
0.3054,2.931731459443122
0.3055,2.9695115040235747
0.3056,2.9959575352298913
0.3058,3.0224035664362083
0.3059,3.04507159318448
0.306,3.0639616154747062
0.3061,3.0904076466810233
0.3062,3.1092976689712493
0.3063,3.11685367788734
0.3064,3.1659677358419285
0.3065,3.215081793796517
0.3066,3.3019758963315575
0.3068,3.339755940912011
0.3069,3.3888699988665985
0.307,3.415316030072915
0.3071,3.5022101326079564
0.3073,3.543768181646454
0.3075,3.5853262306849523
0.3076,3.7477804223808984
0.3078,3.7893384714193963
0.3079,3.8271185159998486
0.308,3.902678605160754
0.3081,4.012240734444067
0.3083,4.027352752276247
0.3084,4.102912841437153
0.3085,4.1369148815595596
0.3086,4.216252975178511
0.3088,4.254033019758963
0.3089,4.269145037591144
0.309,4.348483131210095
0.3091,4.405153198080773
0.3093,4.461823264951453
0.3094,4.4958253050738595
0.3095,4.556273376402585
0.3096,4.612943443273263
0.3098,4.692281536892214
0.3099,4.745173599304847
0.31,4.832067701839888
0.3101,4.892515773168612
0.3103,4.975631871245608
0.3104,5.028523933658242
0.3105,5.054969964864559
0.3106,5.183422116438098
0.3108,5.2703162189731385
0.3109,5.296762250179455
0.311,5.357210321508179
0.3111,5.455438437417357
0.3113,5.51588650874608
0.3114,5.591446597906986
0.3115,5.6330046469454835
0.3116,5.753900789602931
0.3118,5.837016887679927
0.3119,5.871018927802335
0.312,5.893686954550606
0.3121,5.9956930749178285
0.3122,6.0372511239563265
0.3123,6.048585137330463
0.3124,6.109033208659186
0.3125,6.199705315652272
0.3127,6.24881937360686
0.3128,6.279043409271223
0.3129,6.354603498432128
0.313,6.403717556386717
0.3131,6.441497600967169
0.3132,6.45660961879935
0.3133,6.581283765914844
0.3134,6.596395783747025
0.3135,6.656843855075749
0.3136,6.679511881824022
0.3137,6.804186028939514
0.3138,6.83063206014583
0.3139,6.860856095810193
0.314,6.9439721938871894
0.3141,6.96664022063546
0.3142,7.042200309796367
0.3143,7.079980354376818
0.3144,7.132872416789452
0.3145,7.1706524613699045
0.3146,7.249990554988855
0.3147,7.261324568362991
0.3148,7.302882617401489
0.3149,7.370886697646303
0.315,7.412444746684802
0.3151,7.47667082247157
0.3152,7.518228871510068
0.3153,7.54089689825834
0.3154,7.582454947296838
0.3155,7.616456987419245
0.3156,7.654237031999697
0.3157,7.718463107786468
0.3158,7.741131134534738
0.3159,7.778911179115192
0.316,7.812913219237598
0.3161,7.846915259360006
0.3162,7.948921379727228
0.3163,7.986701424307681
0.3164,8.028259473346179
0.3165,8.069817522384676
0.3166,8.118931580339265
0.3167,8.160489629377762
0.3168,8.20204767841626
0.3169,8.277607767577166
0.317,8.356945861196117
0.3171,8.38716989686048
0.3172,8.398503910234615
0.3173,8.443839963731158
0.3174,8.504288035059881
0.3175,8.568514110846651
0.3176,8.583626128678832
0.3177,8.61007215988515
0.3178,8.693188257962145
0.3179,8.715856284710416
0.318,8.746080320374778
0.3181,8.817862405077639
0.3182,8.874532471948317
0.3183,8.91986852544486
0.3184,8.94253655219313
0.3185,8.987872605689674
0.3186,9.025652650270127
0.3187,9.131436775095395
0.3189,9.184328837508028
0.319,9.210774868714346
0.3191,9.271222940043069
0.3192,9.365673051494202
0.3194,9.411009104990743
0.3195,9.471457176319468
0.3196,9.490347198609694
0.3197,9.611243341267143
0.3199,9.705693452718274
0.32,9.739695492840681
0.3201,9.773697532963089
0.3202,9.898371680078583
0.3204,9.981487778155579
0.3206,10.079715894064755
0.3207,10.211946050096339
0.3209,10.242170085760701
0.321,10.38573425516642
0.3211,10.404624277456648
0.3212,10.52174241565605
0.3214,10.59352450035891
0.3215,10.646416562771543
0.3216,10.680418602893951
0.3217,10.755978692054857
0.3219,10.869318825796215
0.322,10.910876874834713
0.3221,10.971324946163437
0.3222,11.035551021950205
0.3224,11.145113151233518
0.3225,11.171559182439836
0.3226,11.228229249310514
0.3227,11.398239449922551
0.3229,11.409573463296686
0.323,11.45490951679323
0.3231,11.492689561373682
0.3232,11.640031735237448
0.3234,11.662699761985719
0.3235,11.708035815482262
0.3236,11.772261891269032
0.3237,11.870490007178208
0.3239,11.930938078506932
0.324,12.014054176583928
0.3241,12.048056216706335
0.3242,12.168952359363784
0.3244,12.233178435150553
0.3245,12.293626506479278
0.3246,12.350296573349956
0.3247,12.410744644678681
0.3248,12.437190675884997
0.3249,12.47497072046545
0.325,12.54675280516831
0.3251,12.610978880955079
0.3252,12.637424912161396
0.3253,12.701650987948165
0.3254,12.731875023612528
0.3255,12.82632513506366
0.3256,12.871661188560202
0.3257,12.90566322868261
0.3258,12.977445313385468
0.3259,13.037893384714195
0.326,13.068117420378556
0.3261,13.155011522913599
0.3262,13.173901545203822
0.3263,13.234349616532548
0.3264,13.28724167894518
0.3265,13.381691790396314
0.3266,13.415693830518721
0.3267,13.457251879557216
0.3268,13.555479995466394
0.3269,13.581926026672711
0.327,13.634818089085346
0.3271,13.687710151497978
0.3272,13.702822169330158
0.3273,13.77460425403302
0.3274,13.7897162718652
0.3275,13.929502436812877
0.3276,13.95594846801919
0.3277,13.967282481393328
0.3278,14.031508557180098
0.3279,14.057954588386416
0.328,14.144848690921455
0.3281,14.167516717669725
0.3282,14.19774075333409
0.3283,14.265744833578903
0.3284,14.3488609316559
0.3285,14.484869092145528
0.3286,14.518871132267936
0.3287,14.530205145642071
0.3288,14.575541199138614
0.3289,14.68132532396388
0.329,14.824889493369604
0.3291,14.843779515659827
0.3292,14.866447542408102
0.3293,14.885337564698325
0.3294,14.91556160036269
0.3295,15.115795836639087
0.3296,15.172465903509766
0.3297,15.202689939174126
0.3298,15.251803997128716
0.3299,15.278250028335034
0.33,15.433148211114888
0.3301,15.467150251237296
0.3302,15.512486304733839
0.3303,15.572934376062564
0.3304,15.610714420643015
0.3305,15.735388567758509
0.3306,15.81472666137746
0.3307,15.826060674751597
0.3308,15.863840719332048
0.3309,15.897842759454456
0.331,16.003626884279722
0.3311,16.079186973440628
0.3312,16.10941100910499
0.3313,16.18874910272394
0.3315,16.275643205258984
0.3316,16.313423249839435
0.3317,16.37387132116816
0.3318,16.47587744153538
0.332,16.513657486115836
0.3321,16.543881521780197
0.3322,16.600551588650873
0.3323,16.713891722392233
0.3325,16.79700782046923
0.3326,16.831009860591635
0.3327,16.865011900714045
0.3328,16.89901394083645
0.333,16.948127998791037
0.3331,17.016132079035852
0.3332,17.103026181570893
0.3333,17.17103026181571
0.3335,17.1785862707318
0.3336,17.21258831085421
0.3337,17.23525633760248
0.3338,17.38637651592429
0.334,17.44304658279497
0.3341,17.46571460954324
0.3342,17.484604631833466
0.3343,17.545052703162188
0.3345,17.563942725452417
0.3346,17.62439079678114
0.3347,17.65839283690355
0.3348,17.79817900185122
0.335,17.82462503305754
0.3351,17.86240507763799
0.3352,17.88885110884431
0.3353,17.945521175714987
0.3355,18.009747251501757
0.3356,18.047527296082208
0.3357,18.145755411991384
0.3358,18.21753749669425
0.336,18.25153953681665
0.3361,18.30065359477124
0.3362,18.33465563489365
0.3363,18.391325701764327
0.3365,18.474441799841323
0.3366,18.542445880086138
0.3367,18.599115946956818
0.3368,18.618005969247044
0.3369,18.689788053949904
0.337,18.704900071782085
0.3371,18.765348143110806
0.3372,18.784238165401035
0.3373,18.85979825456194
0.3374,18.912690316974572
0.3375,18.999584419509617
0.3376,19.014696437341797
0.3377,19.078922513128564
0.3378,19.143148588915334
0.3379,19.169594620121654
0.338,19.199818655786014
0.3381,19.2904907627791
0.3382,19.30560278061128
0.3383,19.392496883146322
0.3384,19.441610941100908
0.3385,19.486946994597453
0.3386,19.509615021345724
0.3387,19.547395065926178
0.3388,19.60406513279686
0.3389,19.65695719520949
0.339,19.732517284370395
0.3391,19.74385129774453
0.3392,19.789187351241075
0.3393,19.834523404737617
0.3394,19.87230344931807
0.3395,19.910083493898522
0.3396,19.947863538478973
0.3397,20.004533605349653
0.3398,20.027201632097928
0.3399,20.163209792587555
0.34,20.185877819335825
0.3401,20.242547886206506
0.3402,20.299217953077182
0.3403,20.367222033322
0.3404,20.420114095734633
0.3405,20.442782122482907
0.3406,20.499452189353583
0.3407,20.57501227851449
0.3408,20.665684385507575
0.3409,20.74124447466848
0.341,20.767690505874796
0.3411,20.790358532623067
0.3412,20.843250595035702
0.3413,20.915032679738562
0.3414,20.937700706486833
0.3415,21.01326079564774
0.3416,21.06237485360233
0.3417,21.17949299180173
0.3418,21.213495031924136
0.3419,21.25883108542068
0.342,21.270165098794816
0.3421,21.33061317012354
0.3422,21.37217121916204
0.3423,21.37972722807813
0.3424,21.443953303864898
0.3425,21.50062337073558
0.3426,21.51573538856776
0.3427,21.557293437606255
0.3428,21.632853526767164
0.3429,21.651743549057386
0.343,21.73108164267634
0.3431,21.787751709547017
0.3432,21.844421776417697
0.3433,21.938871887868828
0.3434,21.9615399146171
0.3435,22.006875968113643
0.3436,22.07110204390041
0.3437,22.120216101855
0.3438,22.16555215535154
0.3439,22.305338320299217
0.3441,22.362008387169897
0.3442,22.365786391627942
0.3443,22.437568476330803
0.3444,22.57357663682043
0.3446,22.618912690316975
0.3447,22.656692734897426
0.3448,22.668026748271565
0.3449,22.849370962257737
0.3451,22.898485020212327
0.3452,22.92493105141864
0.3453,22.970267104915184
0.3454,23.102497260946766
0.3457,23.17050134119158
0.3458,23.306509501681212
0.3459,23.40473761759039
0.3461,23.442517662170843
0.3462,23.502965733499565
0.3463,23.57852582266047
0.3464,23.631417885073105
0.3466,23.672975934111605
0.3467,23.699421965317917
0.3468,23.926102232800634
0.3469,23.96766028183913
0.3471,23.99410631304545
0.3472,24.05077637991613
0.3473,24.186784540405757
0.3474,24.243454607276437
0.3476,24.262344629566662
0.3477,24.319014696437343
0.3478,24.51169292379765
0.3479,24.572140995126375
0.3481,24.659035097661416
0.3482,24.700593146699912
0.3483,24.791265253693
0.3484,24.885715365144133
0.3486,24.93482942309872
0.3487,25.040613547923986
0.3488,25.153953681665342
0.3489,25.259737806490612
0.3491,25.339075900109563
0.3492,25.369299935773924
0.3493,25.45997204276701
0.3494,25.543088140844006
0.3495,25.558200158676186
0.3496,25.57709018096641
0.3497,25.75465639049454
0.3498,25.830216479655444
0.3499,25.87177452869394
0.35,25.943556613396808
0.3501,26.01911670255771
0.3502,26.068230760512296
0.3503,26.189126903169747
0.3504,26.204238921001927
0.3505,26.272243001246743
0.3506,26.302467036911104
0.3507,26.404473157278325
0.3508,26.47247723752314
0.3509,26.544259322226
0.351,26.582039366806455
0.3511,26.7029355094639
0.3512,26.75960557633458
0.3513,26.801163625373075
0.3514,26.891835732366165
0.3515,26.94094979032075
0.3516,26.97117382598511
0.3517,27.122294004306923
0.3518,27.156296044429336
0.3519,27.175186066719558
0.352,27.2205221202161
0.3521,27.31119422720919
0.3522,27.379198307454
0.3523,27.42831236540859
0.3524,27.537874494691906
0.3525,27.568098530356266
0.3526,27.613434583852808
0.3527,27.647436623975217
0.3528,27.722996713136123
0.3529,27.74944274434244
0.353,27.768332766632664
0.3531,27.88167290037402
0.3532,27.92323094941252
0.3533,28.006347047489516
0.3534,28.051683100986057
0.3535,28.134799199063053
0.3536,28.157467225811327
0.3537,28.195247270391775
0.3538,28.342589444255545
0.3539,28.357701462087725
0.354,28.40681552004231
0.3541,28.516377649325626
0.3542,28.561713702822168
0.3543,28.591937738486532
0.3544,28.625939778608938
0.3545,28.678831841021573
0.3546,28.76950394801466
0.3547,28.811061997053155
0.3548,28.856398050549696
0.3549,28.931958139710606
0.355,28.973516188749105
0.3551,28.992406211039327
0.3552,29.10952434923873
0.3553,29.18130643394159
0.3554,29.23797650081227
0.3555,29.28709055876686
0.3556,29.294646567682953
0.3557,29.321092598889265
0.3558,29.370206656843855
0.3559,29.40798670142431
0.356,29.487324795043257
0.3561,29.52510483962371
0.3562,29.593108919868527
0.3563,29.744229098190335
0.3564,29.7744531338547
0.3565,29.838679209641466
0.3567,29.925573312176507
0.3568,29.96335335675696
0.3569,30.001133401337416
0.357,30.182477615323588
0.3572,30.231591673278174
0.3573,30.23536967773622
0.3574,30.375155842683892
0.3575,30.533832029921797
0.3577,30.556500056670068
0.3578,30.654728172579244
0.3579,30.67361819486947
0.358,30.88896444897805
0.3582,30.911632475726318
0.3583,30.987192564887227
0.3584,31.051418640673994
0.3585,31.232762854660166
0.3587,31.338546979485436
0.3588,31.35743700177566
0.3589,31.429219086478522
0.359,31.576561260342288
0.3592,31.64834334504515
0.3593,31.69367939854169
0.3594,31.746571460954325
0.3595,31.886357625902
0.3597,32.02614379084967
0.3598,32.052589822055985
0.3599,32.233934036042164
0.36,32.80063470474895
0.3602,32.83463674487136
0.3603,32.86486078053572
0.3604,32.898862820658124
0.3605,32.95553288752881
0.3607,33.019758963315574
0.3608,33.140655105973025
0.3609,33.276663266462656
0.361,33.38622539574597
0.3612,33.40133741357815
0.3613,33.45422947599078
0.3614,33.4806755071971
0.3615,33.60912765877064
0.3617,33.71113377913786
0.3619,33.7564698326344
0.362,33.76402584155049
0.3621,33.83580792625335
0.3622,33.88869998866599
0.3623,33.94159205107862
0.3624,34.00581812686539
0.3625,34.05493218481998
0.3626,34.12671426952284
0.3627,34.240054403264196
0.3628,34.27027843892856
0.3629,34.30050247459292
0.363,34.3571725414636
0.3631,34.364728550379695
0.3632,34.391174581586
0.3633,34.48562469303714
0.3634,34.54985076882391
0.3635,34.64807888473309
0.3636,34.72363897389399
0.3637,34.79542105859685
0.3638,34.82186708980316
0.3639,34.82564509426121
0.364,34.86342513884166
0.3641,34.90120518342212
0.3642,34.96165325475084
0.3643,35.006989308247384
0.3644,35.0334353394537
0.3645,35.188333522233556
0.3646,35.26389361139446
0.3647,35.49435188333522
0.3648,35.53590993237372
0.3649,35.56991197249613
0.365,35.5925799992444
0.3651,35.62280403490876
0.3652,35.65680607503117
0.3653,35.67947410177944
0.3654,35.69836412406966
0.3655,35.74370017756621
0.3656,35.80037024443689
0.3657,35.83815028901734
0.3658,36.03082851637765
0.3659,36.26128678831841
0.366,36.2688427972345
0.3661,36.30662284181495
0.3662,36.31417885073105
0.3663,36.34062488193736
0.3664,36.3519588953115
0.3665,36.38218293097586
0.3666,36.38973893989195
0.3667,36.4275189844724
0.3668,36.48418905134308
0.3669,36.51441308700744
0.367,36.63153122520685
0.3671,36.922437568476326
0.3672,36.945105595224604
0.3673,36.979107635347006
0.3674,37.013109675469416
0.3675,37.031999697759645
0.3676,37.05088972004987
0.3677,37.111337791378595
0.3678,37.152895840417095
0.3679,37.1868978805395
0.368,37.22089992066191
0.3681,37.2700139786165
0.3682,37.30023801428086
0.3683,37.3455740677774
0.3684,37.53447429067967
0.3685,37.67048245116929
0.3686,37.67803846008538
0.3687,37.70826249574974
0.3688,37.738486531414104
0.3689,37.753598549246284
0.369,37.798934602742825
0.3691,37.889606709735915
0.3693,37.942498772148554
0.3694,38.00672484793532
0.3695,38.07850693263818
0.3696,38.21451509312781
0.3698,38.37696928482376
0.3699,38.47141939627489
0.37,38.56586950772602
0.3701,38.61876157013865
0.3703,38.64520760134497
0.3704,38.68298764592542
0.3705,38.72076769050587
0.3706,38.76232573954437
0.3708,38.81521780195701
0.3709,38.883221882201816
0.371,39.000340020401225
0.3711,39.23835430125808
0.3713,39.30258037704484
0.3714,39.39703048849598
0.3715,39.48392459103102
0.3716,39.53303864898561
0.3718,39.61237674260455
0.3719,39.66526880501719
0.372,39.67660281839132
0.3721,39.778608938758545
0.3723,39.865503041293586
0.3724,39.95995315274472
0.3725,40.03173523744758
0.3726,40.13751936227285
0.3728,40.2168574558918
0.3729,40.25463750047225
0.373,40.35286561638143
0.3731,40.44731572783256
0.3733,40.53043182590955
0.3734,40.60221391061242
0.3735,40.613547923986545
0.3736,40.73066606218595
0.3738,40.844006195927314
0.3739,40.915788280630174
0.374,40.97245834750085
0.3741,41.03668442328762
0.3743,41.15002455702898
0.3744,41.17647058823529
0.3745,41.22558464618989
0.3746,41.26336469077034
0.3747,41.28603271751861
0.3748,41.3691488155956
0.3749,41.4107068646341
0.375,41.53915901620764
0.3751,41.60716309645245
0.3752,41.67138917223922
0.3753,41.750727265858174
0.3754,41.822509350561035
0.3755,41.841399372851264
0.3756,41.86406739959953
0.3757,41.894291435263895
0.3758,41.924515470928256
0.3759,42.04918961804375
0.376,42.06052363141789
0.3761,42.2040878008236
0.3762,42.2456458498621
0.3763,42.27209188106842
0.3764,42.41943405493219
0.3765,42.487438135176994
0.3766,42.50632815746723
0.3767,42.60077826891836
0.3768,42.6461143224149
0.3769,42.736786429407985
0.377,42.763232460614304
0.3771,42.789678491820624
0.3772,42.87657259435566
0.3773,42.91813064339416
0.3774,42.95968869243266
0.3775,43.05413880388379
0.3776,43.10703086629642
0.3777,43.19392496883147
0.3778,43.28081907136651
0.3779,43.29593108919869
0.378,43.34882315161132
0.3781,43.36015716498545
0.3782,43.42816124523027
0.3783,43.47349729872681
0.3784,43.49616532547508
0.3785,43.571725414635985
0.3786,43.662397521629075
0.3787,43.688843552835394
0.3788,43.760625637538254
0.3789,43.78329366428652
0.379,43.8815217801957
0.3791,43.919301824776156
0.3792,43.941969851524426
0.3793,44.07420000755601
0.3794,44.11953606105255
0.3795,44.15353810117496
0.3796,44.17620612792323
0.3797,44.35377233745136
0.3799,44.38777437757376
0.38,44.554006573727754
0.3801,44.644678680720844
0.3802,44.652234689636934
0.3803,44.686236729759344
0.3804,44.739128792171975
0.3805,44.803354867958745
0.3806,44.818466885790926
0.3807,44.875136952661606
0.3808,44.97714307302883
0.3809,45.04514715327364
0.381,45.06403717556387
0.3811,45.14337526918282
0.3812,45.29827345196267
0.3814,45.317163474252894
0.3815,45.4342816124523
0.3816,45.48339567040689
0.3817,45.524953719445385
0.3819,45.56273376402584
0.382,45.645849862102835
0.3821,45.706297933431564
0.3822,45.755411991386154
0.3824,45.82341607163096
0.3825,45.89897616079187
0.3826,45.9594242321206
0.3827,46.03120631682345
0.3829,46.04254033019759
0.383,46.17854849068722
0.3831,46.21632853526767
0.3832,46.329668669009024
0.3834,46.38256073142166
0.3835,46.46567682949866
0.3836,46.51856889191129
0.3837,46.597906985530244
0.3839,46.631909025652654
0.384,46.715025123729646
0.3841,46.74524915939401
0.3842,46.81703124409687
0.3844,46.83214326192905
0.3845,46.91525936000605
0.3846,46.98704144470891
0.3847,47.00970947145718
0.3849,47.03993350712154
0.385,47.13060561411462
0.3851,47.19860969435944
0.3852,47.28550379689448
0.3854,47.30439381918471
0.3855,47.327061845932974
0.3856,47.41773395292606
0.3857,47.474404019796744
0.3859,47.50840605991915
0.386,47.58018814462201
0.3861,47.689750273905325
0.3862,47.719974309569686
0.3864,47.735086327401866
0.3865,47.810646416562776
0.3866,47.87487249234954
0.3867,47.99199063054894
0.3869,48.04110468850353
0.3871,48.10155275983226
0.3872,48.11666477766444
0.3873,48.20355888019947
0.3874,48.23378291586384
0.3875,48.25267293815407
0.3876,48.26778495598625
0.3877,48.38490309418565
0.3878,48.422683138766104
0.3879,48.498243227927006
0.388,48.558691299255734
0.3881,48.588915334920095
0.3882,48.604027352752276
0.3883,48.656919415164914
0.3884,48.71358948203559
0.3885,48.79670558011259
0.3886,48.80426158902868
0.3887,48.87226566927349
0.3888,48.89871170047981
0.3889,48.92893573614417
0.389,49.02716385205335
0.3891,49.08761192338207
0.3892,49.12539196796252
0.3893,49.17828403037516
0.3894,49.2236200838717
0.3895,49.246288110619965
0.3896,49.287846159658464
0.3897,49.35585023990328
0.3898,49.38985228002569
0.3899,49.438966337980276
0.39,49.476746382560734
0.3901,49.510748422683136
0.3902,49.552306471721636
0.3903,49.69209263666931
0.3904,49.714760663417586
0.3905,49.73365068570781
0.3906,49.77520873474631
0.3907,49.84699081944917
0.3908,49.89232687294571
0.3909,49.92255090861007
0.391,50.05855906909971
0.3911,50.09256110922211
0.3912,50.11900714042843
0.3913,50.18323321621519
0.3914,50.28523933658242
0.3915,50.33813139899506
0.3916,50.40235747478182
0.3917,50.523253617439266
0.3918,50.5345876308134
0.3919,50.542143639729495
0.392,50.606369715516266
0.3921,50.655483773470856
0.3922,50.71593184479958
0.3923,50.77260191167026
0.3924,50.84438399637311
0.3925,50.90105406324379
0.3926,50.92372208999206
0.3927,51.0106161925271
0.3928,51.02195020590125
0.3929,51.06728625939778
0.393,51.11262231289433
0.3931,51.20329441988741
0.3932,51.21462843326155
0.3933,51.263742491216135
0.3934,51.30530054025464
0.3935,51.37330462049945
0.3936,51.38463863387359
0.3937,51.456420718576446
0.3938,51.581094865691945
0.394,51.59242887906608
0.3941,51.633986928104584
0.3942,51.6868789905172
0.3943,51.74354905738788
0.3945,51.85688919112924
0.3946,51.9702293248706
0.3947,51.9777853337867
0.3948,52.04956741848955
0.395,52.083569458611954
0.3951,52.110015489818274
0.3952,52.193131587895266
0.3953,52.374475801881445
0.3955,52.419811855377986
0.3956,52.4538138955004
0.3957,52.47648192224867
0.3958,52.525595980203256
0.396,52.620046091654395
0.3961,52.68427216744116
0.3962,52.74849824322793
0.3963,52.92984245721411
0.3965,52.93362046167215
0.3966,52.97895651516868
0.3967,53.01295855529109
0.3968,53.07340662661982
0.397,53.11118667120027
0.3971,53.19052476481922
0.3972,53.334088934224944
0.3973,53.386980996637575
0.3975,53.4058710189278
0.3976,53.42853904567607
0.3977,53.447429067966304
0.3978,53.48143110808871
0.398,53.583437228455935
0.3981,53.65899731761683
0.3982,53.69299935773925
0.3983,53.719445388945566
0.3985,53.73455740677774
0.3986,53.77611545581624
0.3987,53.82145150931278
0.3988,53.93479164305413
0.399,54.01790774113113
0.3991,54.08591182137595
0.3993,54.127469870414444
0.3994,54.138803883788576
0.3995,54.17280592391099
0.3996,54.191695946201214
0.3997,54.267256035362124
0.3998,54.282368053194304
0.3999,54.357928142355206
0.4,54.731950583701696
0.4001,54.76973062828214
0.4002,54.78106464165627
0.4003,54.81128867732063
0.4004,54.85284672635914
0.4005,54.871736748649354
0.4006,54.88684876648154
0.4007,54.9661868601005
0.4008,54.98885488684877
0.4009,55.064414976009665
0.401,55.13241905625449
0.4011,55.173977105292984
0.4012,55.2419811855378
0.4013,55.253315198911935
0.4014,55.279761230118254
0.4015,55.332653292530885
0.4016,55.362877328195246
0.4017,55.39310136385961
0.4018,55.4006573727757
0.4019,55.464883448562475
0.402,55.4837734708527
0.4021,55.51399750651706
0.4022,55.58955759567796
0.4023,55.60089160905209
0.4024,55.608447617968196
0.4025,55.66889568929692
0.4026,55.676451698213
0.4027,55.69156371604519
0.4028,55.77467981412219
0.4029,55.80868185424459
0.403,55.86535192111527
0.4031,55.87290793003136
0.4032,55.92579999244399
0.4033,55.95224602365031
0.4034,55.98247005931467
0.4035,56.02780611281122
0.4036,56.09203218859798
0.4038,56.107144206430156
0.4039,56.14870225546866
0.404,56.19781631342325
0.4041,56.216706335713475
0.4042,56.25070837583588
0.4043,56.273376402584155
0.4044,56.36404850957724
0.4045,56.38293853186747
0.4046,56.394272545241606
0.4047,56.44338660319619
0.4048,56.507612678982966
0.4049,56.55672673693755
0.405,56.58317276814386
0.4051,56.65873285730477
0.4052,56.66251086176282
0.4053,56.70029090634326
0.4054,56.74562695983981
0.4055,56.75696097321394
0.4056,56.82118704900072
0.4057,56.84007707129094
0.4058,56.89296913370357
0.4059,56.90430314707772
0.406,56.99119724961276
0.4061,57.02142128527712
0.4062,57.036533303109294
0.4063,57.10075937889607
0.4064,57.168763459140884
0.4066,57.202765499263286
0.4067,57.217877517095474
0.4068,57.26321357059201
0.4069,57.353885677585104
0.4071,57.380331708791424
0.4072,57.44455778457819
0.4073,57.45589179795232
0.4074,57.59567796289999
0.4076,57.6372360119385
0.4077,57.68635006989308
0.4078,57.71279610109939
0.4079,57.77702217688617
0.4081,57.79213419471835
0.4083,57.86769428387926
0.4084,57.92814235520798
0.4086,57.93947636858211
0.4087,57.95081038195625
0.4088,58.049038497865425
0.4089,58.185046658355056
0.4091,58.1888246628131
0.4092,58.21904869847746
0.4093,58.22282670293551
0.4094,58.30216479655446
0.4096,58.370168876799276
0.4097,58.37772488571537
0.4098,58.40039291246364
0.4099,58.43439495258605
0.41,58.44950697041823
0.4101,58.47217499716649
0.4102,58.59307113982395
0.4103,58.64596320223659
0.4104,58.66107522006876
0.4105,58.68374324681703
0.4106,58.73285730477163
0.4107,58.7479693226038
0.4108,58.77063734935207
0.4109,58.85375344742907
0.411,58.89908950092562
0.4112,58.917979523215834
0.4113,58.93309154104802
0.4114,59.004873625750875
0.4115,59.01242963466697
0.4116,59.091767728285916
0.4117,59.15221579961464
0.4118,59.208885866485325
0.4119,59.22777588877555
0.412,59.28066795118818
0.4121,59.295779969020366
0.4122,59.386452076013455
0.4123,59.47334617854849
0.4124,59.522460236503086
0.4125,59.57535229891572
0.4126,59.60179833012202
0.4127,59.60557633458008
0.4128,59.63580037024444
0.4129,59.6660244059088
0.413,59.76047451735993
0.4131,59.81336657977256
0.4132,59.83225660206279
0.4133,59.84736861989497
0.4134,59.85870263326911
0.4135,59.89270467339152
0.4136,59.956930749178284
0.4137,59.968264762552415
0.4138,60.006044807132874
0.4139,60.104272923042046
0.414,60.130718954248366
0.4141,60.13827496316446
0.4142,60.202501038951226
0.4143,60.210057047867316
0.4144,60.236503079073636
0.4145,60.281839132570184
0.4146,60.364955230647176
0.4147,60.39140126185348
0.4148,60.448071328724176
0.4149,60.47451735993048
0.415,60.48962937776267
0.4151,60.54629944463335
0.4152,60.55763345800747
0.4153,60.63319354716838
0.4154,60.63697155162643
0.4155,60.68986361403906
0.4156,60.70497563187125
0.4157,60.72764365861951
0.4158,60.75408968982583
0.4159,60.78431372549019
0.416,60.83342778344478
0.4161,60.88254184139937
0.4162,60.969435943934414
0.4163,60.992103970682685
0.4164,60.99588197514073
0.4165,61.022328006347045
0.4166,61.075220068759684
0.4167,61.11677811779818
0.4168,61.135668140088406
0.4169,61.154558162378635
0.417,61.20367222033322
0.4171,61.23389625599758
0.4172,61.320790358532626
0.4173,61.3850164343194
0.4175,61.40012845215157
0.4176,61.44546450564812
0.4177,61.48702255468661
0.4178,61.52480259926707
0.4179,61.56258264384752
0.418,61.57769466167971
0.4181,61.60414069288602
0.4182,61.6532547508406
0.4183,61.73259284445955
0.4184,61.74770486229174
0.4185,61.76659488458196
0.4186,61.78170690241414
0.4187,61.85726699157505
0.4188,61.88749102723941
0.4189,61.936605085193996
0.419,61.97060712531641
0.4191,62.012165174354905
0.4192,62.01594317881295
0.4193,62.091503267973856
0.4194,62.148173334844536
0.4195,62.155729343760626
0.4196,62.18217537496694
0.4197,62.21995541954739
0.4198,62.231289432921535
0.4199,62.25773546412785
0.42,62.36351958895312
0.4201,62.40129963353357
0.4202,62.43907967811402
0.4203,62.45041369148816
0.4204,62.47308171823642
0.4205,62.56375382522952
0.4206,62.612867883184094
0.4207,62.61664588764215
0.4208,62.65820393668064
0.4209,62.68087196342892
0.421,62.695983981261094
0.4211,62.76398806150591
0.4212,62.771544070422
0.4213,62.782878083796135
0.4214,62.79799010162832
0.4215,62.805546110544405
0.4216,62.850882164040954
0.4217,62.89999622199554
0.4218,62.937776266575995
0.4219,62.949110279950126
0.422,62.96044429332427
0.4221,62.99066832898863
0.4222,63.054894404775396
0.4223,63.077562431523674
0.4224,63.138010502852396
0.4225,63.14934451622653
0.4226,63.24001662321962
0.4228,63.2551286410518
0.4229,63.292908685632256
0.423,63.36469077033511
0.4231,63.41758283274774
0.4232,63.45536287732819
0.4233,63.49314292190865
0.4234,63.50825493974083
0.4235,63.55736899769542
0.4236,63.56114700215346
0.4237,63.58759303335978
0.4238,63.595149042275864
0.4239,63.63670709131437
0.424,63.68582114926895
0.4241,63.738713211681585
0.4242,63.757603233971814
0.4243,63.818051305300536
0.4244,63.85960935433904
0.4245,63.988061505912576
0.4246,64.01828554157693
0.4247,64.02961955495108
0.4249,64.11651365748612
0.425,64.19207374664701
0.4251,64.21474177339529
0.4252,64.23363179568553
0.4253,64.25629982243379
0.4254,64.28274585364011
0.4255,64.32430390267861
0.4256,64.38097396954929
0.4257,64.43764403641995
0.4258,64.46786807208433
0.4259,64.51320412558087
0.426,64.51698213003891
0.4261,64.54720616570327
0.4262,64.55098417016131
0.4263,64.58120820582567
0.4264,64.67188031281876
0.4266,64.7247723752314
0.4267,64.7663304242699
0.4268,64.84189051343081
0.4269,64.87589255355321
0.427,64.88722656692735
0.4271,64.90611658921758
0.4272,64.96278665608826
0.4273,64.98923268729457
0.4274,65.01945672295894
0.4276,65.04212474970721
0.4278,65.10257282103593
0.4279,65.18568891911293
0.428,65.19324492802902
0.4281,65.22724696815142
0.4282,65.23858098152556
0.4283,65.2839170350221
0.4284,65.34436510635082
0.4285,65.36325512864106
0.4286,65.39725716876346
0.4287,65.43503721334392
0.4288,65.46903925346632
0.4289,65.54837734708528
0.429,65.5597113604594
0.4291,65.58993539612376
0.4292,65.65416147191053
0.4293,65.66549548528468
0.4294,65.70327552986512
0.4295,65.73349956552948
0.4296,65.85061770372889
0.4297,65.86950772601912
0.4298,65.91484377951566
0.4299,65.95640182855416
0.43,65.97151384638634
0.4301,66.00551588650875
0.4302,66.03196191771507
0.4303,66.04329593108919
0.4304,66.05085194000529
0.4305,66.09996599795987
0.4306,66.16041406928859
0.4307,66.16797007820469
0.4308,66.2019721183271
0.4309,66.23597415844951
0.431,66.24730817182363
0.4311,66.25486418073973
0.4312,66.25864218519779
0.4313,66.30397823869431
0.4314,66.34931429219087
0.4315,66.37198231893913
0.4316,66.40976236351959
0.4317,66.48910045713853
0.4318,66.50043447051267
0.4319,66.54954852846726
0.432,66.6439986399184
0.4321,66.65533265329253
0.4323,66.72711473799538
0.4324,66.74978276474366
0.4326,66.76489478257585
0.4327,66.79134081378216
0.4328,66.82534285390457
0.4329,66.89712493860743
0.433,66.90090294306547
0.4331,66.9197929653557
0.4332,66.9613510143942
0.4333,67.04824511692924
0.4334,67.10491518379992
0.4335,67.13891722392232
0.4336,67.17669726850278
0.4337,67.19180928633496
0.4338,67.195587290793
0.4339,67.2295893309154
0.434,67.2447013487476
0.4341,67.24847935320564
0.4342,67.29759341116022
0.4343,67.30514942007632
0.4344,67.33537345574068
0.4345,67.36559749140504
0.4346,67.38826551815332
0.4347,67.43360157164986
0.4348,67.4713816162303
0.4349,67.48649363406248
0.435,67.5129396652688
0.4351,67.53560769201708
0.4352,67.5960557633458
0.4353,67.67539385696475
0.4354,67.7207299104613
0.4355,67.73961993275151
0.4356,67.75850995504175
0.4357,67.76984396841588
0.4358,67.78117798179002
0.4359,67.81518002191243
0.436,67.8302920397446
0.4361,67.87940609769919
0.4362,67.9134081378216
0.4364,67.93985416902792
0.4365,67.97007820469229
0.4366,67.98519022252447
0.4367,67.98896822698251
0.4368,68.04941629831123
0.4369,68.14764441422041
0.437,68.25720654350373
0.4372,68.2723185613359
0.4373,68.28365257471005
0.4374,68.28743057916809
0.4375,68.32898862820657
0.4376,68.37054667724509
0.4377,68.40454871736749
0.4378,68.43477275303185
0.438,68.44232876194793
0.4381,68.49144281990253
0.4382,68.49899882881861
0.4383,68.53677887339907
0.4384,68.57833692243757
0.4385,68.60100494918584
0.4386,68.61233896255997
0.4387,68.66523102497261
0.4388,68.71812308738524
0.4389,68.81257319883638
0.439,68.82012920775247
0.4392,68.88435528353924
0.4395,68.91080131474556
0.4397,68.948581359326
0.4399,69.00902943065473
0.44,69.031697457403
0.4401,69.07703351089954
0.4402,69.09214552873172
0.4403,69.11859155993804
0.4404,69.16392761343458
0.4405,69.19415164909894
0.4406,69.27726774717594
0.4407,69.3414938229627
0.4408,69.39438588537534
0.4409,69.48127998791038
0.4411,69.49261400128452
0.4412,69.51528202803279
0.4413,69.51906003249084
0.4414,69.53795005478106
0.4415,69.5417280592391
0.4416,69.55684007707129
0.4417,69.58706411273565
0.4418,69.61728814840001
0.4419,69.62106615285806
0.442,69.67395821527069
0.4422,69.71173825985115
0.4423,69.72307227322528
0.4424,69.77218633117988
0.4425,69.83641240696664
0.4426,69.89686047829537
0.4427,69.94597453624995
0.4428,69.97242056745627
0.4429,70.00264460312063
0.443,70.05931466999131
0.4431,70.11220673240395
0.4432,70.12354074577807
0.4433,70.15754278590049
0.4434,70.18776682156485
0.4435,70.19532283048095
0.4436,70.19910083493899
0.4437,70.21043484831311
0.4438,70.22176886168727
0.4439,70.24821489289359
0.444,70.27843892855795
0.4442,70.30488495976425
0.4443,70.31999697759643
0.4444,70.35777702217688
0.4445,70.40311307567343
0.4446,70.45222713362801
0.4447,70.49378518266651
0.4448,70.5088972004987
0.4449,70.54667724507915
0.445,70.60334731194983
0.4451,70.61468132532397
0.4452,70.68268540556878
0.4453,70.73179946352337
0.4454,70.8262495749745
0.4455,70.87158562847105
0.4456,70.8753636329291
0.4458,70.8942536552193
0.4459,70.90180966413541
0.4461,70.9093656730515
0.4462,70.94714571763194
0.4463,70.99625977558654
0.4464,71.00381578450262
0.4465,71.04915183799918
0.4466,71.0680418602894
0.4467,71.09070988703766
0.4468,71.12093392270204
0.4469,71.13226793607616
0.447,71.1511579583664
0.4471,71.15871396728248
0.4472,71.1851599984888
0.4473,71.18893800294684
0.4474,71.21538403415316
0.4475,71.2682760965658
0.4476,71.29850013223016
0.4477,71.3513921946428
0.4478,71.36272620801692
0.4479,71.40050625259737
0.448,71.51006838188069
0.4481,71.619630511164
0.4482,71.63096452453814
0.4483,71.64985454682837
0.4485,71.69141259586686
0.4486,71.702746609241
0.4487,71.72541463598927
0.4488,71.74052665382146
0.4489,71.74808266273754
0.449,71.75186066719559
0.4491,71.76697268502777
0.4492,71.78208470285995
0.4493,71.82364275189845
0.4495,71.83119876081454
0.4496,71.87275680985303
0.4497,71.87653481431107
0.4499,71.90298084551739
0.45,71.95587290793003
0.4501,71.96342891684611
0.4502,71.97098492576221
0.4503,72.01632097925875
0.4504,72.03143299709095
0.4505,72.06543503721335
0.4506,72.10321508179379
0.4507,72.16744115758057
0.4508,72.21277721107711
0.4509,72.35634138048283
0.451,72.40167743397937
0.4511,72.4130114473535
0.4513,72.41678945181155
0.4515,72.42434546072765
0.4518,72.43567947410178
0.4519,72.45456949639201
0.452,72.53012958555291
0.4521,72.53390759001095
0.4522,72.57546563904945
0.4523,72.58302164796554
0.4524,72.64346971929427
0.4526,72.67369375495863
0.4527,72.71147379953908
0.4528,72.72280781291322
0.453,72.78325588424195
0.4531,72.82481393328044
0.4532,72.84370395557067
0.4533,72.88148400015112
0.4534,72.8890400090672
0.4535,72.90037402244135
0.4536,72.94948808039592
0.4537,73.0061581472666
0.4538,73.0552722052212
0.4539,73.06660621859534
0.454,73.14594431221428
0.4541,73.19883637462692
0.4542,73.25928444595564
0.4544,73.28950848162002
0.4545,73.2970644905361
0.4546,73.30462049945218
0.4547,73.31595451282632
0.4548,73.31973251728438
0.455,73.35373455740678
0.4552,73.41040462427746
0.4553,73.41796063319354
0.4555,73.42173863765159
0.4556,73.43307265102574
0.4557,73.43685065548378
0.4558,73.47463070006422
0.4559,73.48218670898031
0.456,73.50485473572859
0.4561,73.51996675356077
0.4562,73.56908081151535
0.4563,73.59930484717972
0.4564,73.61063886055386
0.4565,73.63330688730213
0.4566,73.67486493634063
0.4567,73.72020098983717
0.4568,73.75042502550153
0.4569,73.81465110128829
0.457,73.83731912803657
0.4571,73.90154520382333
0.4572,73.9393252484038
0.4573,73.95821527069401
0.4574,74.00355132419057
0.4575,74.04510937322905
0.4576,74.07911141335147
0.4577,74.12822547130605
0.4578,74.13955948468019
0.4579,74.14333748913823
0.458,74.14711549359629
0.4583,74.1735615248026
0.4584,74.18111753371869
0.4585,74.20378556046697
0.4587,74.20756356492501
0.4588,74.24534360950545
0.459,74.28312365408591
0.4591,74.30956968529223
0.4592,74.33223771204051
0.4594,74.37757376553704
0.4595,74.41157580565945
0.4596,74.43424383240772
0.4597,74.5324719483169
0.4599,74.58536401072953
0.46,74.59669802410367
0.4601,74.6080320374778
0.4602,74.64203407760021
0.4603,74.67225811326458
0.4605,74.68737013109676
0.4606,74.69492614001284
0.4607,74.71381616230308
0.4609,74.74404019796744
0.461,74.78937625146398
0.4611,74.81204427821226
0.4612,74.84226831387662
0.4613,74.86493634062488
0.4614,74.8989383807473
0.4615,74.91782840303752
0.4616,74.97072046545014
0.4617,75.08028259473346
0.4618,75.12561864823
0.4619,75.1331746571461
0.462,75.22762476859722
0.4622,75.2502927953455
0.4623,75.26918281763572
0.4624,75.27296082209376
0.4625,75.29940685330008
0.4626,75.30696286221618
0.4627,75.33340889342249
0.4628,75.36363292908686
0.4629,75.37874494691904
0.463,75.38252295137708
0.4631,75.41652499149949
0.4633,75.458083040538
0.4634,75.46563904945408
0.4635,75.47319505837017
0.4636,75.49964108957649
0.4637,75.51097510295062
0.4638,75.51475310740867
0.4639,75.53364312969889
0.464,75.59409120102761
0.4641,75.60542521440176
0.4642,75.61675922777589
0.4643,75.63942725452416
0.4644,75.69609732139484
0.4645,75.70743133476897
0.4646,75.76410140163965
0.4647,75.7678794060977
0.4648,75.77543541501379
0.4649,75.80188144622011
0.465,75.83588348634251
0.4651,75.84721749971665
0.4652,75.85855151309079
0.4653,75.89255355321319
0.4655,75.90388756658733
0.4656,75.90766557104537
0.4657,75.9681136423741
0.4659,75.98700366466431
0.466,75.99833767803847
0.4661,76.00967169141259
0.4662,76.01722770032868
0.4663,76.043673731535
0.4664,76.12301182515395
0.4665,76.19101590539877
0.4667,76.22123994106313
0.4668,76.22879594997923
0.4669,76.25524198118553
0.467,76.27035399901771
0.4671,76.27413200347576
0.4672,76.2854660168499
0.4673,76.29302202576599
0.4674,76.31569005251426
0.4675,76.31946805697231
0.4676,76.3270240658884
0.4677,76.3685821149269
0.4678,76.37236011938494
0.4679,76.39125014167517
0.468,76.42147417733953
0.4681,76.44792020854585
0.4682,76.4516982130039
0.4684,76.47814424421021
0.4685,76.50459027541653
0.4686,76.51214628433262
0.4687,76.54614832445502
0.4688,76.56503834674525
0.4689,76.6443764403642
0.469,76.67082247157052
0.4692,76.67460047602856
0.4693,76.6859344894027
0.4694,76.70104650723488
0.4695,76.70482451169292
0.4696,76.70860251615098
0.4697,76.73882655181534
0.4699,76.7690505874797
0.47,76.77282859193774
0.4701,76.78416260531188
0.4702,76.78794060976992
0.4703,76.79927462314406
0.4704,76.8030526276021
0.4705,76.82949865880842
0.4706,76.83327666326646
0.4707,76.8370546677245
0.4708,76.86727870338888
0.4709,76.87483471230496
0.471,76.89372473459518
0.4713,76.96928482375608
0.4714,77.0108428727946
0.4715,77.05995693074918
0.4716,77.10529298424572
0.4717,77.13173901545204
0.4718,77.18085307340662
0.4719,77.21485511352904
0.472,77.22618912690317
0.4722,77.27152518039972
0.4723,77.2790811893158
0.4724,77.28285919377385
0.4727,77.3206392383543
0.473,77.35086327401866
0.4732,77.38486531414107
0.4733,77.39997733197325
0.4734,77.40753334088934
0.4735,77.43397937209566
0.4736,77.4377573765537
0.4737,77.45286939438589
0.4738,77.45664739884393
0.4739,77.47175941667611
0.474,77.50953946125657
0.4742,77.52465147908875
0.4743,77.55109751029507
0.4745,77.58132154595943
0.4746,77.58509955041747
0.4747,77.61154558162379
0.4749,77.61910159053987
0.475,77.63421360837206
0.4751,77.65688163512033
0.4752,77.68332766632665
0.4754,77.69088367524274
0.4755,77.70221768861687
0.4756,77.74377573765537
0.4757,77.76266575994559
0.4758,77.77022176886169
0.4759,77.78911179115191
0.476,77.79288979560995
0.4761,77.80044580452605
0.4762,77.87600589368695
0.4763,77.89489591597717
0.4766,77.92511995164155
0.4767,77.97045600513809
0.4768,77.98556802297027
0.4769,78.00068004080245
0.477,78.03468208092485
0.4772,78.04223808984094
0.4773,78.1215761834599
0.4774,78.13668820129209
0.4775,78.14046620575013
0.4776,78.15180021912425
0.4778,78.17069024141449
0.4779,78.22358230382711
0.478,78.23491631720125
0.4781,78.28780837961389
0.4783,78.30669840190411
0.4784,78.31425441082021
0.4785,78.37470248214893
0.4787,78.38981449998111
0.4789,78.3973705088972
0.479,78.40870452227134
0.4791,78.41626053118743
0.4792,78.42381654010352
0.4793,78.45781858022592
0.4794,78.49182062034834
0.4797,78.52582266047074
0.4798,78.53337866938683
0.4799,78.53715667384488
0.48,78.59004873625751
0.4802,78.60516075408968
0.4803,78.62782878083796
0.4804,78.65805281650232
0.4805,78.68827685216668
0.4806,78.69583286108278
0.4807,78.71094487891496
0.481,78.72227889228908
0.4811,78.76005893686954
0.4812,78.7638369413276
0.4813,78.78650496807586
0.4814,78.80917299482414
0.4816,78.8318410215724
0.4817,78.84695303940458
0.4818,78.87717707506894
0.4819,78.89228909290112
0.482,78.93006913748158
0.4821,78.97162718652008
0.4823,79.01318523555858
0.4824,79.02074124447466
0.4825,79.0396312667649
0.4826,79.05852128905512
0.4827,79.08118931580339
0.4828,79.09630133363558
0.483,79.10385734255166
0.4831,79.13785938267407
0.4832,79.1416373871321
0.4834,79.1567494049643
0.4835,79.17563942725452
0.4836,79.20208545846083
0.4838,79.20586346291888
0.4839,79.28520155653783
0.4841,79.32298160111829
0.4842,79.3494276323246
0.4843,79.37587366353092
0.4844,79.39476368582115
0.4845,79.40609769919529
0.4846,79.42498772148551
0.4847,79.44765574823379
0.4848,79.47032377498205
0.4849,79.47787978389815
0.485,79.52699384185273
0.4854,79.57610789980733
0.4856,79.58744191318145
0.4857,79.5987759265556
0.4858,79.62522195776191
0.4859,79.62899996221996
0.486,79.632777966678
0.4861,79.64033397559409
0.4862,79.68567002909064
0.4863,79.69322603800673
0.4864,79.72345007367109
0.4866,79.78767614945785
0.487,79.82167818958025
0.4871,79.82923419849635
0.4872,79.84434621632853
0.4874,79.86701424307681
0.4875,79.87457025199289
0.4877,79.88590426536703
0.4878,79.93879632777967
0.4879,79.96146435452793
0.488,79.97657637236011
0.4881,79.98035437681817
0.4882,80.01435641694057
0.4883,80.04835845706299
0.4884,80.05213646152103
0.4885,80.0748044882693
0.4886,80.08613850164343
0.4887,80.09369451055952
0.4889,80.1163625373078
0.489,80.12014054176583
0.4891,80.15414258188824
0.4893,80.16169859080435
0.4894,80.16925459972043
0.4895,80.19192262646871
0.4896,80.22970267104915
0.4897,80.27126072008764
0.49,80.30904076466811
0.4903,80.33170879141637
0.4904,80.37704484491292
0.4905,80.40349087611924
0.4906,80.44504892515774
0.4907,80.46016094298992
0.4909,80.47905096528014
0.491,80.49416298311232
0.4911,80.50549699648646
0.4913,80.51305300540254
0.4914,80.52060901431864
0.4915,80.57727908118932
0.4916,80.58105708564736
0.4918,80.62261513468586
0.4919,80.63394914806
0.492,80.64528316143414
0.4921,80.65661717480826
0.4922,80.68306320601458
0.4923,80.69439721938872
0.4924,80.72462125505308
0.4925,80.75484529071744
0.4926,80.76995730854962
0.4927,80.80395934867202
0.4928,80.81907136650422
0.4929,80.83796138879444
0.4932,80.87951943783294
0.4933,80.89085345120706
0.4934,80.93996750916166
0.4935,80.9513015225358
0.4936,80.95885753145188
0.4937,80.9928595715743
0.4938,81.03063961615474
0.494,81.03819562507084
0.4941,81.07975367410933
0.4942,81.09486569194152
0.4944,81.16664777664437
0.4947,81.20820582568288
0.4948,81.2346518568892
0.4951,81.24220786580528
0.4952,81.2610978880955
0.4953,81.31776795496619
0.4954,81.35554799954664
0.4955,81.35932600400469
0.4957,81.43488609316559
0.4958,81.4613321243719
0.496,81.468888133288
0.4961,81.48777815557823
0.4962,81.50666817786845
0.4963,81.5444482224489
0.4964,81.56711624919717
0.4965,81.59356228040349
0.4967,81.63889833390003
0.4968,81.68045638293853
0.4969,81.69179039631267
0.4971,81.69556840077071
0.4972,81.72201443197703
0.4974,81.74846046318335
0.4975,81.79757452113793
0.4976,81.8202425478862
0.4977,81.8277985568023
0.4978,81.84668857909251
0.4979,81.88824662813103
0.498,81.89580263704711
0.4982,81.95247270391779
0.4985,81.99025274849824
0.4986,82.03181079753674
0.4987,82.04692281536892
0.4988,82.0695908421172
0.499,82.09225886886546
0.4991,82.1035928822396
0.4992,82.10737088669765
0.4993,82.1527069401942
0.4994,82.15648494465223
0.4996,82.17159696248441
0.4997,82.18293097585855
0.4998,82.25471306056141
0.4999,82.27738108730969
0.5,84.32505950357022
0.5001,84.32883750802827
0.5002,84.3401715214024
0.5004,84.36661755260872
0.5007,84.37795156598284
0.5008,84.38550757489894
0.5009,84.39306358381504
0.501,84.42706562393744
0.5013,84.43839963731156
0.5014,84.46484566851788
0.5016,84.49506970418224
0.5017,84.5064037175564
0.502,84.52151573538856
0.5021,84.52907174430466
0.5022,84.53662775322076
0.5026,84.54796176659488
0.5027,84.58574181117534
0.5029,84.58951981563338
0.5033,84.59707582454948
0.5034,84.66885790925234
0.5037,84.69530394045866
0.5038,84.72552797612302
0.504,84.75197400732934
0.5041,84.7670860251615
0.5043,84.77086402961956
0.5046,84.78597604745174
0.5047,84.80108806528392
0.5048,84.80864407420002
0.505,84.81242207865806
0.5051,84.81997808757414
0.5052,84.82753409649023
0.5053,84.84264611432242
0.5054,84.85398012769654
0.5057,84.8653141410707
0.5059,84.88798216781895
0.506,84.8993161811931
0.5062,84.90309418565114
0.5063,84.90687219010918
0.5066,84.92576221239942
0.5067,84.94087423023159
0.5073,84.96354225697986
0.5074,84.98243227927009
0.5076,85.0088783104764
0.5077,85.03532434168272
0.5078,85.03910234614077
0.5079,85.05421436397295
0.508,85.06177037288904
0.5081,85.08821640409535
0.5084,85.09577241301145
0.5086,85.11466243530167
0.5087,85.12977445313385
0.5089,85.14110846650799
0.509,85.21289055121085
0.5092,85.21666855566889
0.5093,85.23555857795913
0.5094,85.25444860024935
0.5096,85.2582266047074
0.5097,85.26578261362349
0.51,85.27333862253957
0.5101,85.28467263591371
0.5102,85.28845064037176
0.5104,85.36401072953265
0.5106,85.38667875628093
0.5109,85.40179077411312
0.511,85.40556877857117
0.5111,85.41312478748725
0.5112,85.42445880086137
0.5115,85.42823680531943
0.5116,85.43201480977748
0.5118,85.43579281423553
0.5119,85.44334882315161
0.512,85.47735086327401
0.5121,85.50379689448033
0.5125,85.54535494351883
0.5128,85.55291095243493
0.5129,85.55668895689297
0.513,85.56802297026711
0.5133,85.58313498809929
0.5134,85.60958101930561
0.5135,85.62469303713779
0.5137,85.63602705051193
0.5138,85.63980505496997
0.5141,85.67380709509237
0.5144,85.67758509955041
0.5147,85.68136310400847
0.5149,85.72292115304695
0.515,85.74181117533719
0.5154,85.75314518871131
0.5157,85.76447920208545
0.5159,85.77203521100155
0.516,85.77959121991763
0.5162,85.79848124220787
0.5163,85.80603725112395
0.5165,85.84003929124636
0.5169,85.84381729570441
0.5172,85.85137330462051
0.5174,85.85515130907855
0.5175,85.88537534474291
0.5177,85.89670935811704
0.5179,85.91937738486531
0.518,85.9344894026975
0.5181,85.96849144281991
0.5182,85.98360346065208
0.5184,85.98738146511012
0.5185,85.99493747402622
0.5187,85.99871547848427
0.5191,86.00249348294231
0.5192,86.01382749631644
0.5194,86.02138350523254
0.5195,86.03649552306472
0.5197,86.07805357210322
0.5198,86.08560958101931
0.5199,86.0931655899354
0.5203,86.13094563451585
0.5207,86.13850164343194
0.521,86.14227964788998
0.5211,86.16494767463826
0.5213,86.1687256790963
0.5215,86.19517171030262
0.5217,86.20650572367676
0.5218,86.2102837281348
0.5219,86.2178397370509
0.5223,86.22917375042502
0.5224,86.24428576825721
0.5225,86.25939778608938
0.5229,86.27073179946352
0.523,86.3009558351279
0.5231,86.30473383958594
0.5232,86.32362386187616
0.5234,86.34251388416638
0.5235,86.39540594657902
0.5239,86.4180739733273
0.5242,86.42562998224338
0.5243,86.43318599115946
0.5244,86.44074200007556
0.5245,86.44829800899166
0.5246,86.47474404019798
0.5247,86.50874608032038
0.5248,86.51252408477842
0.5249,86.51630208923646
0.5251,86.5351921115267
0.5252,86.56541614719106
0.5253,86.57297215610714
0.5254,86.58808417393932
0.5256,86.59564018285542
0.5258,86.6107522006876
0.526,86.62964222297782
0.5264,86.64097623635196
0.5265,86.66364426310022
0.5269,86.66742226755828
0.527,86.70898031659678
0.5271,86.7203143299709
0.5272,86.73164834334504
0.5273,86.74298235671918
0.5274,86.75809437455136
0.5275,86.78454040575768
0.5276,86.78831841021572
0.5278,86.810986436964
0.5279,86.82232045033813
0.528,86.83365446371226
0.5282,86.8449884770864
0.5283,86.85254448600249
0.5285,86.86387849937664
0.5289,86.86765650383468
0.529,86.8865465261249
0.5291,86.89032453058294
0.5294,86.90165854395708
0.5295,86.90543654841512
0.5296,86.94699459745362
0.5298,86.96588461974385
0.5299,86.97344062865994
0.53,86.98477464203408
0.5301,86.99610865540821
0.5302,87.0036646643243
0.5305,87.0112206732404
0.5306,87.0452227133628
0.5308,87.04900071782085
0.531,87.06789074011108
0.5311,87.08300275794325
0.5314,87.08678076240129
0.5315,87.09055876685935
0.5318,87.10189278023348
0.5319,87.1283388114398
0.532,87.13589482035589
0.5321,87.13967282481393
0.5323,87.15478484264611
0.5324,87.1623408515622
0.5325,87.17745286939439
0.5326,87.20012089614265
0.533,87.22278892289093
0.5333,87.24167894518115
0.5335,87.2454569496392
0.5336,87.26434697192943
0.5338,87.27568098530357
0.5339,87.30212701650987
0.534,87.31346102988402
0.5341,87.32101703880011
0.5342,87.32857304771619
0.5343,87.34746307000643
0.5344,87.35124107446447
0.5345,87.37390910121275
0.5348,87.38524311458687
0.5349,87.4041331368771
0.535,87.42680116362538
0.5351,87.44569118591559
0.5352,87.45324719483169
0.5353,87.45702519928975
0.5356,87.47969322603801
0.5358,87.49102723941215
0.5361,87.50613925724431
0.5363,87.51747327061847
0.5364,87.53636329290867
0.5367,87.54391930182479
0.5369,87.54769730628283
0.537,87.55147531074087
0.5371,87.56658732857304
0.5372,87.58169934640523
0.5373,87.58547735086327
0.5377,87.60814537761155
0.5379,87.61947939098567
0.538,87.62325739544373
0.5382,87.645925422192
0.5383,87.65725943556613
0.5384,87.66481544448223
0.5387,87.66859344894027
0.5389,87.67992746231441
0.5391,87.68370546677245
0.5392,87.72904152026899
0.5393,87.73281952472703
0.5394,87.74037553364313
0.5395,87.74793154255921
0.5396,87.76682156484945
0.5397,87.79326759605577
0.54,87.82726963617817
0.5403,87.83482564509426
0.5405,87.85371566738449
0.5406,87.87260568967471
0.5407,87.89905172088103
0.5409,87.90660772979713
0.541,87.93305376100345
0.5411,87.93683176546149
0.5414,87.95194378329366
0.5415,87.95572178775171
0.5419,87.96705580112585
0.542,87.99727983679021
0.5421,88.0048358457063
0.5422,88.01239185462238
0.5423,88.02372586799653
0.5424,88.03128187691262
0.5425,88.03505988137066
0.5426,88.0463938947448
0.5427,88.0539499036609
0.543,88.08039593486721
0.5431,88.0879519437833
0.5433,88.09550795269938
0.5435,88.09928595715742
0.5439,88.14084400619593
0.5441,88.15217801957006
0.5442,88.1559560240281
0.5444,88.16729003740224
0.5445,88.18240205523442
0.5446,88.21262609089878
0.5449,88.21640409535684
0.545,88.22018209981488
0.5453,88.24285012656316
0.5455,88.25040613547924
0.5459,88.25796214439534
0.546,88.26174014885338
0.5463,88.26551815331142
0.5464,88.27307416222752
0.5467,88.29574218897578
0.5471,88.314632211266
0.5472,88.32596622464014
0.5473,88.3297442290982
0.5474,88.33730023801428
0.5475,88.34107824247232
0.5477,88.34863425138842
0.5479,88.35241225584646
0.548,88.35996826476256
0.5481,88.3637462692206
0.5482,88.36752427367864
0.5483,88.37508028259474
0.5484,88.39397030488496
0.5487,88.46197438512976
0.5488,88.46953039404588
0.5489,88.48464241187804
0.549,88.49219842079414
0.5491,88.49597642525218
0.5494,88.50353243416828
0.5495,88.50731043862632
0.5496,88.5299784653746
0.5498,88.53375646983264
0.5501,88.54509048320676
0.5503,88.55642449658092
0.5504,88.57153651441308
0.5507,88.58287052778722
0.5508,88.60176055007744
0.551,88.62820658128376
0.5512,88.6395405946579
0.5513,88.65087460803204
0.5515,88.66598662586422
0.5516,88.66976463032226
0.5518,88.68865465261248
0.5521,88.69998866598662
0.5523,88.73021270165098
0.5524,88.74154671502512
0.5525,88.74532471948316
0.5528,88.7566587328573
0.5533,88.76043673731535
0.5534,88.7642147417734
0.5536,88.78310476406362
0.5537,88.78688276852166
0.5545,88.7982167818958
0.5547,88.81332879972798
0.5548,88.84355283539234
0.5551,88.86244285768258
0.5553,88.8737768710567
0.5554,88.87755487551475
0.5556,88.8813328799728
0.5557,88.90400090672107
0.556,88.9153349200952
0.5562,88.91911292455326
0.5563,88.9228909290113
0.5564,88.93044693792739
0.5565,88.93800294684347
0.5566,88.9568929691337
0.5567,88.96067097359175
0.5568,88.97956099588198
0.557,88.98711700479807
0.5571,89.0060070270883
0.5572,89.02111904492047
0.5574,89.0324530582946
0.5575,89.06267709395898
0.5577,89.07023310287506
0.5578,89.07778911179115
0.558,89.08534512070723
0.5582,89.08912312516529
0.5584,89.09667913408138
0.5585,89.10045713853943
0.5586,89.1155691563716
0.5588,89.11934716082965
0.5591,89.1231251652877
0.5592,89.12690316974575
0.5593,89.14201518757791
0.5594,89.16468321432619
0.5595,89.16846121878423
0.5596,89.18735124107447
0.5597,89.20246325890665
0.5601,89.21001926782274
0.5604,89.21379727228079
0.5605,89.24779931240319
0.5607,89.25535532131927
0.5608,89.26291133023537
0.561,89.27802334806755
0.5613,89.28557935698365
0.5615,89.28935736144169
0.5618,89.30069137481583
0.5621,89.30446937927387
0.5622,89.31202538818995
0.5623,89.33469341493823
0.5624,89.36869545506063
0.5629,89.37247345951869
0.5631,89.38380747289281
0.5633,89.38758547735087
0.5635,89.39136348180891
0.5636,89.39514148626695
0.5637,89.40647549964109
0.5638,89.41403150855717
0.5639,89.42158751747327
0.5642,89.42914352638937
0.5643,89.43669953530545
0.5644,89.45558955759569
0.5646,89.45936756205373
0.5648,89.47070157542785
0.5649,89.50470361555027
0.5651,89.52359363784049
0.5652,89.53870565567269
0.5653,89.55003966904681
0.5657,89.55381767350485
0.5658,89.57270769579509
0.5661,89.58404170916921
0.5662,89.59537572254335
0.5665,89.59915372700141
0.5671,89.60293173145945
0.5672,89.60670973591749
0.5674,89.61426574483357
0.5676,89.62937776266577
0.5678,89.6407117760399
0.5679,89.66337980278817
0.5682,89.6747138161623
0.5683,89.70115984736861
0.5684,89.71249386074275
0.5686,89.71627186520081
0.5687,89.73893989194907
0.5689,89.74649590086517
0.5691,89.75027390532321
0.5694,89.75405190978125
0.5695,89.7578299142393
0.5696,89.76160791869734
0.5697,89.76916392761343
0.5698,89.77294193207148
0.5699,89.78049794098757
0.5701,89.78805394990366
0.5702,89.79183195436171
0.5703,89.80694397219389
0.5705,89.8409460123163
0.5708,89.86361403906457
0.5709,89.86739204352261
0.5712,89.87872605689675
0.5714,89.90139408364502
0.5715,89.90895009256111
0.5716,89.93539612376743
0.5717,89.94673013714156
0.5724,89.95428614605765
0.5727,89.96184215497375
0.5728,89.9656201594318
0.5729,89.96939816388984
0.5732,89.98451018172202
0.5734,89.99206619063811
0.5735,89.99584419509615
0.5736,90.01095621292833
0.5737,90.01473421738638
0.5738,90.02606823076052
0.5741,90.03740224413464
0.5742,90.04873625750879
0.5744,90.05251426196683
0.5745,90.07140428425706
0.5747,90.08651630208924
0.5748,90.09407231100532
0.5749,90.11296233329556
0.575,90.14318636895992
0.5752,90.150742377876
0.5753,90.15452038233404
0.5754,90.1582983867921
0.5757,90.16207639125014
0.576,90.18852242245646
0.5765,90.19607843137256
0.5766,90.21874645812082
0.5768,90.22252446257887
0.577,90.233858475953
0.5772,90.23763648041104
0.5774,90.24141448486908
0.5775,90.26030450715932
0.5778,90.28675053836564
0.578,90.3094185651139
0.5782,90.33208659186218
0.5783,90.3585326230685
0.5784,90.36608863198458
0.5785,90.37742264535872
0.5786,90.38120064981676
0.5787,90.38875665873286
0.5788,90.400090672107
0.5789,90.4265367033133
0.579,90.43031470777136
0.5793,90.4416487211455
0.5797,90.44542672560354
0.5799,90.44920473006158
0.58,90.45298273451962
0.5803,90.45676073897766
0.5806,90.47187275680986
0.5807,90.50209679247422
0.5808,90.50587479693226
0.581,90.5096528013903
0.5812,90.52098681476444
0.5813,90.53609883259662
0.5815,90.53987683705466
0.5816,90.5512108504288
0.5817,90.5927688994673
0.582,90.61165892175754
0.5824,90.61543692621558
0.5826,90.62299293513166
0.5827,90.64566096187994
0.5829,90.64943896633798
0.583,90.65321697079602
0.5832,90.6683289886282
0.5839,90.67966300200234
0.584,90.68721901091843
0.5842,90.69477501983452
0.5844,90.69855302429258
0.5848,90.70610903320866
0.5849,90.71366504212475
0.585,90.71744304658279
0.5853,90.72122105104084
0.5855,90.73255506441498
0.5857,90.74011107333106
0.5858,90.74766708224715
0.5859,90.76277910007934
0.586,90.78166912236956
0.5863,90.78922513128566
0.5864,90.80811515357588
0.5866,90.82322717140806
0.5867,90.8270051758661
0.5868,90.84589519815634
0.5869,90.87234122936265
0.5871,90.87989723827874
0.5872,90.89500925611092
0.5873,90.89878726056897
0.5874,90.91389927840115
0.5875,90.92523329177529
0.5876,90.93278930069137
0.5879,90.94034530960747
0.588,90.9516793229816
0.5881,90.96301333635573
0.5883,90.97056934527183
0.5885,90.97434734972987
0.5889,91.00834938985228
0.5894,91.03101741660056
0.5897,91.0347954210586
0.5898,91.03857342551665
0.59,91.04612943443273
0.5903,91.05368544334883
0.5906,91.06501945672296
0.5908,91.07257546563905
0.5911,91.08390947901319
0.5913,91.08768748347124
0.5916,91.09146548792928
0.5919,91.09902149684537
0.5921,91.12168952359364
0.5923,91.14057954588387
0.5924,91.14813555479996
0.5925,91.15946956817409
0.5926,91.16324757263213
0.5927,91.17080358154823
0.5928,91.17458158600627
0.5929,91.17835959046432
0.5931,91.18213759492237
0.5933,91.18591559938041
0.5934,91.19347160829649
0.5935,91.19724961275453
0.5936,91.20858362612869
0.5943,91.21991763950281
0.5948,91.23125165287695
0.595,91.23880766179305
0.5951,91.24636367070913
0.5953,91.26903169745741
0.5955,91.27280970191545
0.5957,91.27658770637349
0.5959,91.29925573312177
0.596,91.30681174203785
0.5961,91.31058974649589
0.5964,91.32192375987003
0.5965,91.32570176432809
0.5968,91.32947976878613
0.5969,91.33325777324417
0.597,91.34081378216027
0.5971,91.35214779553439
0.5973,91.35592579999245
0.5974,91.37481582228267
0.5976,91.39370584457289
0.5978,91.40126185348899
0.5979,91.41259586686313
0.598,91.41637387132117
0.5985,91.42770788469531
0.5989,91.43526389361139
0.599,91.45037591144357
0.5995,91.46170992481771
0.5997,91.46548792927575
0.5999,91.4692659337338
0.6,91.50704597831425
0.6001,91.52971400506253
0.6002,91.53727001397861
0.6006,91.55616003626884
0.6007,91.56749404964299
0.6009,91.58260606747515
0.6012,91.5863840719332
0.6014,91.59016207639125
0.6015,91.59771808530735
0.6016,91.62038611205561
0.6019,91.65438815217803
0.602,91.65816615663607
0.6021,91.67705617892629
0.6027,91.69594620121651
0.6028,91.71483622350675
0.6032,91.72239223242283
0.6034,91.75639427254524
0.6035,91.76017227700328
0.6036,91.7866183082096
0.6038,91.79039631266764
0.6039,91.80550833049983
0.6042,91.80928633495787
0.6045,91.81684234387396
0.6046,91.8281763572481
0.6047,91.8357323661642
0.6048,91.85462238845442
0.6049,91.85840039291247
0.605,91.86217839737051
0.6051,91.88862442857683
0.6054,91.89240243303487
0.6055,91.89995844195096
0.6057,91.90751445086705
0.6059,91.9188484642412
0.6061,91.92262646869924
0.6062,91.93773848653142
0.6064,91.9452944954475
0.6066,91.94907249990555
0.6067,91.9528505043636
0.6069,91.96796252219578
0.6074,91.97929653556992
0.6076,91.99818655786014
0.6077,92.00574256677623
0.6078,92.01329857569232
0.608,92.02463258906646
0.6084,92.0284105935245
0.6086,92.0359666024406
0.6091,92.04352261135668
0.6092,92.05485662473082
0.6094,92.05863462918886
0.6096,92.06619063810496
0.6098,92.07374664702105
0.61,92.08130265593714
0.6102,92.09641467376932
0.6104,92.10397068268541
0.6105,92.11908270051758
0.6106,92.13041671389173
0.6107,92.13797272280782
0.6108,92.14175072726586
0.611,92.14930673618194
0.6112,92.1606407495561
0.6114,92.17575276738826
0.6119,92.1795307718463
0.612,92.20597680305262
0.6126,92.2286448298009
0.6127,92.23620083871698
0.6135,92.24375684763308
0.6136,92.25131285654918
0.6138,92.25509086100722
0.614,92.2702028788394
0.6141,92.28153689221354
0.6142,92.28909290112962
0.6143,92.2966489100457
0.6146,92.3117609278779
0.6151,92.31931693679398
0.6153,92.32309494125202
0.6156,92.33065095016812
0.6157,92.35331897691638
0.6158,92.36087498583248
0.6159,92.37598700366466
0.6163,92.38354301258076
0.6165,92.3873210170388
0.6166,92.3948770259549
0.6167,92.40243303487098
0.6171,92.40621103932902
0.6172,92.40998904378706
0.6173,92.44021307945144
0.6175,92.47799312403188
0.6179,92.49310514186406
0.6182,92.5044391552382
0.6183,92.51577316861234
0.6185,92.51955117307038
0.6187,92.52332917752844
0.6188,92.52710718198648
0.6193,92.53088518644452
0.62,92.53466319090256
0.6203,92.5384411953606
0.6205,92.54221919981866
0.6206,92.5535532131928
0.6207,92.56110922210888
0.6208,92.56866523102497
0.6209,92.57622123994106
0.621,92.59888926668933
0.6211,92.61022328006348
0.6213,92.61777928897956
0.6219,92.6215572934376
0.6221,92.62533529789565
0.6222,92.62911330235369
0.6223,92.64800332464392
0.6226,92.6631153424761
0.6227,92.68200536476633
0.6229,92.68578336922437
0.6231,92.68956137368242
0.6233,92.69333937814046
0.6239,92.7046733915146
0.6243,92.71600740488873
0.6246,92.71978540934678
0.6248,92.72356341380484
0.6251,92.73111942272092
0.6256,92.73489742717896
0.6259,92.74245343609505
0.6261,92.74623144055309
0.6264,92.7537874494692
0.6267,92.76512146284333
0.6268,92.77267747175941
0.6269,92.7802334806755
0.627,92.7877894895916
0.6272,92.79534549850769
0.6274,92.80290150742377
0.6278,92.81045751633987
0.628,92.81423552079792
0.6282,92.821791529714
0.6284,92.82934753863009
0.6286,92.84445955646228
0.6291,92.85579356983641
0.6294,92.8709055876686
0.6297,92.87846159658469
0.6302,92.89735161887491
0.6304,92.90112962333296
0.6306,92.904907627791
0.6307,92.90868563224905
0.6311,92.91246363670709
0.6313,92.91624164116513
0.6314,92.92379765008123
0.6317,92.9389096679134
0.6319,92.9464656768295
0.632,92.95402168574559
0.6322,92.96157769466168
0.6323,92.96535569911973
0.6324,92.96913370357777
0.6328,92.98802372586799
0.6331,92.99180173032605
0.6332,93.00313574370018
0.6336,93.00691374815823
0.634,93.01069175261627
0.6344,93.02580377044845
0.6349,93.04091578828063
0.6352,93.04469379273867
0.6353,93.04847179719673
0.6354,93.05602780611281
0.6356,93.05980581057086
0.6358,93.06736181948695
0.636,93.08247383731913
0.6364,93.09758585515131
0.6365,93.10136385960935
0.6366,93.10514186406739
0.6368,93.10891986852545
0.6369,93.11269787298349
0.637,93.12025388189959
0.6374,93.13158789527371
0.6375,93.14292190864786
0.6377,93.15425592202199
0.6378,93.16558993539613
0.6382,93.16936793985417
0.6385,93.17314594431222
0.6387,93.19203596660243
0.6393,93.19581397106049
0.6398,93.19959197551853
0.6399,93.21470399335071
0.6403,93.21848199780875
0.6404,93.2222600022668
0.6405,93.22981601118289
0.6414,93.24492802901507
0.6415,93.24870603347311
0.6418,93.25626204238921
0.6424,93.26004004684727
0.6427,93.26381805130531
0.6428,93.26759605576335
0.643,93.28270807359551
0.6432,93.30159809588575
0.6437,93.30915410480183
0.6438,93.31293210925989
0.644,93.31671011371793
0.6443,93.32426612263403
0.6444,93.33560013600815
0.6445,93.35071215384035
0.645,93.36582417167251
0.6451,93.37338018058861
0.6453,93.39982621179493
0.6455,93.40360421625297
0.6458,93.40738222071103
0.6459,93.41871623408515
0.646,93.43760625637539
0.6461,93.44516226529147
0.6475,93.44894026974951
0.648,93.45271827420757
0.6484,93.45649627866561
0.6485,93.47538630095583
0.6488,93.48294230987193
0.6489,93.48672031432997
0.649,93.49805432770411
0.6492,93.50183233216215
0.6494,93.51694434999433
0.6503,93.53205636782651
0.6511,93.54339038120065
0.6512,93.56228040349087
0.6516,93.57739242132305
0.6519,93.59628244361329
0.652,93.60761645698742
0.6521,93.61139446144546
0.6529,93.61517246590351
0.653,93.61895047036155
0.6533,93.62272847481961
0.6538,93.6302844837357
0.6539,93.63406248819373
0.6543,93.63784049265178
0.6546,93.64539650156787
0.6548,93.65673051494201
0.655,93.66050851940005
0.6551,93.66806452831614
0.6553,93.68317654614833
0.6554,93.69073255506441
0.6556,93.6982885639805
0.6558,93.70206656843855
0.6564,93.71717858627073
0.6565,93.72095659072878
0.657,93.72851259964486
0.6571,93.73229060410291
0.6573,93.75118062639314
0.6574,93.75873663530922
0.6576,93.76251463976728
0.6581,93.77384865314141
0.6585,93.78518266651554
0.6586,93.79273867543164
0.6589,93.80029468434773
0.659,93.80407268880577
0.6592,93.80785069326382
0.6593,93.81162869772186
0.6596,93.822962711096
0.6598,93.8305187200121
0.6601,93.84563073784426
0.6602,93.85318674676036
0.6604,93.86074275567645
0.6609,93.8645207601345
0.661,93.87963277796668
0.6614,93.88718878688277
0.6615,93.89096679134082
0.6617,93.89474479579886
0.6623,93.92119082700518
0.6625,93.9400808492954
0.6626,93.95141486266954
0.6631,93.95519286712758
0.6633,93.95897087158562
0.6636,93.96274887604368
0.6639,93.96652688050172
0.6643,93.97408288941782
0.6644,93.97786089387586
0.6646,93.9816388983339
0.6647,93.99675091616608
0.6649,94.00430692508218
0.6652,94.00808492954022
0.6657,94.0231969473724
0.6662,94.04208696966262
0.6663,94.04964297857872
0.6667,94.05342098303676
0.6677,94.06853300086894
0.6684,94.07986701424308
0.6686,94.08364501870112
0.6689,94.0987570365333
0.6691,94.10253504099136
0.6693,94.1063130454494
0.6695,94.11386905436548
0.6697,94.13653708111376
0.6699,94.1403150855718
0.6705,94.16676111677812
0.6706,94.17053912123616
0.6707,94.1743171256942
0.6711,94.17809513015226
0.6715,94.18565113906836
0.6723,94.20831916581662
0.6724,94.21587517473272
0.6725,94.21965317919076
0.6726,94.22720918810684
0.6727,94.23098719256488
0.6732,94.23854320148098
0.6733,94.24987721485512
0.6734,94.25365521931316
0.6736,94.26876723714534
0.6741,94.2725452416034
0.6744,94.28010125051948
0.6746,94.30276927726776
0.6747,94.32165929955796
0.675,94.32543730401602
0.6752,94.32921530847406
0.6757,94.3405493218482
0.6758,94.34432732630624
0.6763,94.35566133968038
0.6767,94.36321734859648
0.6772,94.36699535305452
0.6774,94.37077335751256
0.6776,94.3745513619706
0.6785,94.37832936642864
0.6787,94.38588537534474
0.6788,94.38966337980278
0.6791,94.40477539763496
0.6792,94.41988741546716
0.6803,94.4236654199252
0.6805,94.43499943329932
0.6807,94.43877743775738
0.6808,94.44633344667346
0.6812,94.47655748233782
0.6818,94.48789149571196
0.682,94.49166950017
0.6825,94.4992255090861
0.6827,94.50300351354414
0.6834,94.51433752691828
0.6836,94.52189353583437
0.6837,94.53700555366655
0.6841,94.5407835581246
0.6846,94.55967358041482
0.6848,94.56345158487287
0.685,94.59745362499528
0.6851,94.60123162945332
0.6854,94.61256564282746
0.6861,94.63901167403378
0.6866,94.64656768294986
0.6873,94.6503456874079
0.6879,94.66167970078205
0.6881,94.66923570969814
0.6882,94.67679171861423
0.6884,94.68056972307227
0.6887,94.68434772753031
0.6889,94.68812573198836
0.6891,94.6994597453625
0.6898,94.70701575427859
0.6899,94.71079375873663
0.6901,94.71457176319468
0.6902,94.72590577656882
0.6906,94.7485738033171
0.6908,94.75612981223318
0.6909,94.77124183006535
0.6919,94.7750198345234
0.6925,94.77879783898146
0.6929,94.78635384789754
0.6934,94.80524387018777
0.6939,94.80902187464582
0.6946,94.82035588801995
0.6947,94.82413389247799
0.6951,94.82791189693603
0.6952,94.83168990139407
0.6953,94.83546790585213
0.6961,94.83924591031018
0.6963,94.84302391476822
0.6967,94.85057992368431
0.6968,94.85435792814235
0.6969,94.86191393705845
0.6973,94.87324795043259
0.6976,94.88080395934867
0.6989,94.88835996826475
0.6991,94.89591597718086
0.6997,94.8996939816389
0.6999,94.90347198609695
0.7,94.9336960217613
0.7004,94.95258604405153
0.7008,94.95636404850958
0.7009,94.97147606634175
0.7012,94.97903207525785
0.7014,94.98281007971589
0.702,95.01303411538025
0.7022,95.0168121198383
0.7024,95.02059012429635
0.7025,95.04325815104463
0.7026,95.04703615550267
0.7029,95.05081415996071
0.7032,95.05459216441875
0.7038,95.06214817333485
0.7042,95.06592617779289
0.7046,95.07348218670899
0.705,95.07726019116703
0.7052,95.09237220899921
0.7063,95.09615021345725
0.7065,95.10370622237335
0.707,95.10748422683139
0.7072,95.11504023574749
0.7073,95.12259624466357
0.7074,95.12637424912161
0.7076,95.13015225357965
0.7077,95.13770826249575
0.7079,95.14148626695379
0.708,95.15282028032793
0.7084,95.15659828478597
0.709,95.16037628924401
0.7094,95.16415429370207
0.7095,95.17171030261817
0.7097,95.19060032490839
0.7099,95.19815633382447
0.7102,95.22082436057275
0.7104,95.22460236503079
0.7106,95.23215837394689
0.7108,95.23971438286297
0.7109,95.24349238732101
0.7113,95.24727039177905
0.712,95.25104839623711
0.7122,95.25482640069515
0.7126,95.2586044051532
0.7127,95.26993841852733
0.7133,95.28505043635953
0.7136,95.30771846310778
0.7138,95.31149646756583
0.714,95.31527447202389
0.7143,95.31905247648193
0.7151,95.32660848539801
0.7154,95.34172050323019
0.7155,95.34927651214629
0.7158,95.35683252106237
0.7159,95.37950054781065
0.7163,95.38705655672673
0.7167,95.39083456118477
0.7175,95.39839057010087
0.7181,95.40972458347501
0.7183,95.42105859684914
0.7184,95.42861460576523
0.7189,95.43239261022329
0.719,95.43617061468133
0.7194,95.43994861913937
0.7196,95.44372662359741
0.7199,95.4512826325135
0.72,95.46261664588765
0.7201,95.47017265480373
0.7211,95.47395065926177
0.7214,95.48150666817787
0.7217,95.48906267709395
0.7221,95.49661868601005
0.7225,95.5003966904681
0.7226,95.50795269938418
0.7231,95.51928671275832
0.7233,95.52684272167441
0.7236,95.53817673504855
0.7237,95.55328875288073
0.7242,95.56084476179682
0.7243,95.56462276625486
0.7245,95.56840077071291
0.7252,95.57217877517095
0.7257,95.57973478408705
0.7261,95.59106879746118
0.7268,95.59484680191923
0.7269,95.59862480637727
0.7271,95.6175148286675
0.7275,95.62129283312555
0.7277,95.62507083758359
0.728,95.65529487324795
0.7292,95.659072877706
0.7295,95.66285088216404
0.7299,95.67040689108013
0.73,95.67796289999623
0.7305,95.68551890891231
0.7308,95.68929691337036
0.7309,95.69685292228644
0.7311,95.7006309267445
0.7327,95.71952094903472
0.7334,95.72707695795081
0.7345,95.73085496240886
0.7346,95.73841097132495
0.7348,95.742188975783
0.7351,95.74596698024104
0.7352,95.75730099361517
0.7357,95.76107899807322
0.7361,95.77996902036344
0.7369,95.79508103819563
0.7372,95.80641505156976
0.7373,95.82908307831804
0.7379,95.84041709169216
0.738,95.8441950961502
0.7382,95.85552910952435
0.7387,95.8593071139824
0.7391,95.87064112735652
0.7393,95.87819713627262
0.7396,95.88197514073067
0.7405,95.88953114964676
0.7407,95.8933091541048
0.7412,95.89708715856284
0.7418,95.90464316747894
0.7421,95.91597718085308
0.7423,95.91975518531112
0.7431,95.92353318976916
0.7433,95.9348672031433
0.7437,95.9424232120594
0.7449,95.95375722543352
0.7453,95.95753522989156
0.7458,95.96509123880766
0.7459,95.96886924326571
0.746,95.97264724772376
0.7463,95.9764252521818
0.747,95.98020325663984
0.7473,95.98775926555594
0.7478,95.99153727001398
0.7479,95.99909327893008
0.7482,96.00287128338812
0.7483,96.01420529676224
0.7485,96.02553931013638
0.7486,96.02931731459444
0.7487,96.03309531905248
0.7497,96.03687332351052
0.75,96.04820733688466
0.7501,96.0519853413427
0.7509,96.05576334580076
0.7511,96.07465336809098
0.7512,96.08220937700706
0.7518,96.08598738146512
0.7524,96.08976538592316
0.7528,96.0935433903812
0.7529,96.1010993992973
0.7533,96.10487740375534
0.7534,96.11998942158752
0.7536,96.12376742604556
0.7537,96.1275454305036
0.754,96.13132343496166
0.7544,96.1351014394197
0.7551,96.13887944387774
0.7557,96.14265744833578
0.7558,96.14643545279384
0.7561,96.15021345725188
0.7566,96.15399146170992
0.757,96.15776946616798
0.7573,96.16532547508406
0.7574,96.1691034795421
0.7582,96.18799350183234
0.7587,96.19554951074842
0.7588,96.19932751520646
0.7593,96.20688352412256
0.7594,96.2106615285806
0.76,96.2182175374967
0.7602,96.22199554195474
0.7612,96.23332955532888
0.7615,96.24088556424498
0.7617,96.24466356870302
0.7624,96.24844157316106
0.7627,96.25599758207714
0.7628,96.25977558653518
0.7633,96.26355359099324
0.7634,96.26733159545128
0.7635,96.27488760436738
0.7637,96.27866560882542
0.7641,96.2862216177415
0.7645,96.29755563111566
0.7647,96.30511164003174
0.7649,96.30888964448978
0.7653,96.31266764894782
0.7659,96.31644565340586
0.7671,96.3202236578639
0.7673,96.32400166232196
0.7674,96.33911368015414
0.7675,96.35044769352828
0.7677,96.35422569798632
0.7678,96.35800370244438
0.7682,96.36178170690242
0.7683,96.36555971136046
0.7691,96.3693377158185
0.7693,96.37311572027654
0.7704,96.38822773810874
0.7705,96.39200574256678
0.7709,96.39578374702482
0.7719,96.39956175148286
0.7734,96.4033397559409
0.7735,96.410895764857
0.7739,96.41467376931504
0.7754,96.4184517737731
0.7755,96.42222977823114
0.776,96.42600778268918
0.7762,96.42978578714722
0.7766,96.43356379160527
0.7771,96.43734179606331
0.7772,96.44111980052136
0.7773,96.44489780497942
0.7774,96.44867580943746
0.778,96.4524538138955
0.779,96.45623181835354
0.7795,96.46000982281159
0.7802,96.46756583172768
0.7805,96.47889984510182
0.7808,96.48267784955986
0.781,96.49023385847595
0.7813,96.494011862934
0.7814,96.50156787185009
0.7816,96.50534587630814
0.782,96.50912388076618
0.7824,96.51290188522422
0.7825,96.51667988968227
0.7832,96.52423589859836
0.7834,96.5280139030564
0.7835,96.5355699119725
0.7842,96.55068192980468
0.7846,96.55823793872077
0.7848,96.5695719520949
0.7858,96.57334995655295
0.7862,96.57712796101099
0.7867,96.58090596546904
0.7868,96.58468396992708
0.7874,96.58846197438513
0.7883,96.59223997884318
0.7885,96.59601798330122
0.7886,96.6035739922173
0.789,96.62246401450754
0.7904,96.63002002342363
0.7917,96.63757603233972
0.792,96.6451320412558
0.7924,96.65646605462995
0.7937,96.66024405908799
0.7941,96.66402206354604
0.7951,96.66780006800408
0.7952,96.67157807246213
0.7954,96.67913408137821
0.7965,96.68291208583626
0.7967,96.6866900902943
0.797,96.69046809475235
0.7977,96.6942460992104
0.7981,96.70180210812649
0.7983,96.70935811704257
0.7987,96.71691412595867
0.7999,96.72069213041672
0.8,96.74336015716499
0.8002,96.74713816162303
0.8003,96.75469417053912
0.8008,96.7698061883713
0.8013,96.78491820620349
0.8018,96.79247421511957
0.8027,96.79625221957761
0.8028,96.80003022403567
0.803,96.80380822849372
0.8038,96.80758623295176
0.8047,96.81892024632589
0.8051,96.82269825078393
0.8055,96.83403226415808
0.8062,96.83781026861612
0.8063,96.84158827307417
0.8076,96.84536627753221
0.8083,96.84914428199025
0.8085,96.85292228644829
0.8086,96.85670029090633
0.8095,96.86425629982244
0.8098,96.86803430428049
0.8106,96.87181230873853
0.8108,96.88314632211265
0.8114,96.89070233102875
0.8116,96.90203634440289
0.8117,96.90959235331897
0.8127,96.91714836223507
0.8134,96.92092636669312
0.8148,96.93603838452529
0.8167,96.93981638898333
0.8169,96.94359439344137
0.8178,96.96626242018965
0.8179,96.97004042464769
0.8183,96.97381842910575
0.8193,96.97759643356379
0.8197,96.98137443802185
0.8198,96.98515244247989
0.8213,96.98893044693793
0.8216,96.99648645585401
0.8217,97.00026446031205
0.8228,97.00782046922815
0.8232,97.0115984736862
0.8237,97.01915448260229
0.824,97.03048849597643
0.8253,97.03426650043447
0.8257,97.03804450489251
0.8274,97.04182250935057
0.8278,97.04560051380861
0.8281,97.04937851826665
0.8283,97.06071253164079
0.8284,97.07204654501493
0.8289,97.07582454947297
0.8291,97.07960255393101
0.8294,97.08338055838905
0.83,97.09093656730515
0.8305,97.09471457176319
0.8309,97.09849257622125
0.8317,97.10227058067929
0.8319,97.10604858513733
0.832,97.10982658959537
0.8322,97.12871661188561
0.8326,97.13249461634365
0.8337,97.13627262080169
0.8343,97.14382862971779
0.8349,97.14760663417583
0.8352,97.15138463863387
0.8354,97.15516264309191
0.8358,97.15894064754997
0.837,97.17783066984019
0.8387,97.18160867429823
0.8388,97.18538667875627
0.839,97.18916468321433
0.8393,97.19294268767237
0.8394,97.19672069213041
0.84,97.20049869658847
0.841,97.21561071442065
0.8415,97.21938871887869
0.8423,97.22316672333673
0.8428,97.22694472779479
0.8429,97.24205674562695
0.8437,97.24961275454305
0.8441,97.26094676791719
0.8443,97.26850277683327
0.845,97.27605878574937
0.8454,97.27983679020741
0.8462,97.29117080358155
0.8463,97.29494880803959
0.8469,97.29872681249763
0.8474,97.30250481695568
0.8475,97.31006082587177
0.8482,97.31383883032983
0.8488,97.32139483924591
0.8503,97.32517284370395
0.851,97.33650685707809
0.8516,97.34406286599419
0.8517,97.34784087045223
0.8529,97.35161887491027
0.8532,97.35539687936831
0.854,97.35917488382636
0.8546,97.36295288828441
0.8547,97.37428690165855
0.8553,97.37806490611659
0.8565,97.38184291057463
0.8566,97.38562091503267
0.857,97.39695492840681
0.8577,97.40828894178095
0.858,97.41584495069704
0.8588,97.42340095961313
0.8593,97.42717896407117
0.8594,97.43095696852923
0.8607,97.44229098190335
0.8608,97.4460689863614
0.8609,97.4536249952775
0.8615,97.46495900865163
0.8625,97.46873701310967
0.8627,97.47251501756772
0.8632,97.47629302202576
0.8633,97.48762703539991
0.8641,97.49140503985795
0.8664,97.495183044316
0.8673,97.50273905323208
0.8681,97.50651705769012
0.8685,97.52162907552231
0.8693,97.52540707998035
0.8695,97.54807510672863
0.8719,97.55185311118667
0.8721,97.55940912010276
0.8729,97.5631871245608
0.8742,97.56696512901885
0.8746,97.5707431334769
0.8747,97.58585515130908
0.8757,97.58963315576712
0.8758,97.59341116022517
0.8763,97.59718916468321
0.8772,97.61985719143148
0.8791,97.62741320034758
0.8794,97.63119120480562
0.8795,97.63496920926367
0.8802,97.63874721372171
0.8818,97.65008122709585
0.8819,97.6538592315539
0.8826,97.66141524046998
0.8842,97.66897124938608
0.8852,97.67274925384412
0.886,97.67652725830216
0.8865,97.68030526276021
0.8875,97.68408326721826
0.8881,97.69163927613434
0.8882,97.70297328950848
0.8889,97.70675129396653
0.8892,97.71052929842458
0.8906,97.71430730288262
0.8919,97.71808530734066
0.892,97.7218633117987
0.8931,97.7294193207148
0.8956,97.73319732517285
0.8957,97.74075333408894
0.898,97.74453133854698
0.8993,97.75208734746307
0.9017,97.76342136083721
0.902,97.76719936529526
0.9022,97.7709773697533
0.9023,97.77475537421134
0.9028,97.78231138312744
0.9031,97.78608938758548
0.9035,97.78986739204353
0.9036,97.79742340095962
0.9039,97.80120140541766
0.9046,97.8049794098757
0.9047,97.8125354187918
0.9058,97.81631342324984
0.9063,97.8200914277079
0.9087,97.83142544108202
0.9097,97.84275945445616
0.9122,97.84653745891421
0.913,97.85031546337225
0.9131,97.8540934678303
0.9143,97.85787147228834
0.9148,97.86164947674638
0.916,97.86920548566246
0.9182,97.87298349012052
0.9183,97.87676149457857
0.9186,97.88053949903662
0.9187,97.88431750349466
0.9192,97.8880955079527
0.9206,97.89565151686878
0.921,97.89942952132684
0.9213,97.90320752578488
0.922,97.90698553024293
0.9222,97.91076353470098
0.9225,97.91454153915902
0.9241,97.91831954361706
0.9245,97.9220975480751
0.9263,97.93343156144925
0.9279,97.9372095659073
0.9285,97.94476557482338
0.9306,97.94854357928142
0.9308,97.95987759265556
0.9315,97.96365559711361
0.9318,97.96743360157166
0.9339,97.97498961048774
0.9342,97.98254561940382
0.9357,97.98632362386186
0.9359,97.99010162831992
0.9361,97.99387963277798
0.9369,97.99765763723602
0.9399,98.00143564169406
0.94,98.01654765952624
0.9422,98.02032566398428
0.9426,98.02788167290038
0.9428,98.03165967735842
0.9431,98.03543768181646
0.9442,98.0392156862745
0.9453,98.04299369073256
0.946,98.0467716951906
0.9472,98.0543277041067
0.9478,98.05810570856474
0.9479,98.06188371302278
0.9504,98.06566171748082
0.9522,98.07321772639692
0.9534,98.09966375760324
0.9539,98.10721976651932
0.9547,98.11099777097738
0.9554,98.11477577543542
0.9566,98.11855377989346
0.9581,98.1223317843515
0.959,98.12610978880954
0.9594,98.13366579772564
0.961,98.13744380218368
0.9625,98.14122180664174
0.9629,98.15255582001586
0.964,98.15633382447392
0.9646,98.16388983339
0.9652,98.17522384676414
0.9678,98.17900185122218
0.9694,98.18655786013828
0.9697,98.19033586459632
0.9707,98.19411386905436
0.9715,98.1978918735124
0.9719,98.2054478824285
0.9732,98.20922588688654
0.9733,98.2130038913446
0.9746,98.21678189580264
0.9761,98.23189391363482
0.9771,98.23567191809286
0.978,98.2394499225509
0.9796,98.247005931467
0.9809,98.25456194038308
0.9813,98.25833994484114
0.9841,98.26589595375722
0.9844,98.27345196267332
0.9851,98.27722996713136
0.9863,98.2810079715894
0.9899,98.28478597604744
0.9909,98.2885639805055
0.9911,98.29234198496354
0.9931,98.29611998942158
0.9951,98.29989799387964
0.9973,98.30367599833768
0.9994,98.31878801616986
1.0,98.43212814991121
1.0008,98.43590615436926
1.0019,98.44346216328536
1.0023,98.4472401677434
1.004,98.45101817220144
1.0055,98.45479617665949
1.0067,98.45857418111753
1.0103,98.46235218557557
1.0113,98.47368619894972
1.0123,98.47746420340776
1.0125,98.4812422078658
1.0126,98.48502021232385
1.0149,98.49257622123993
1.0161,98.50013223015604
1.0168,98.50768823907212
1.0184,98.51146624353017
1.019,98.51902225244625
1.0205,98.5228002569043
1.0234,98.52657826136235
1.0275,98.53791227473648
1.0277,98.54169027919453
1.0281,98.54546828365257
1.0304,98.54924628811061
1.0358,98.5568022970267
1.0384,98.56058030148476
1.0392,98.5643583059428
1.0426,98.56813631040085
1.0445,98.57191431485889
1.0459,98.57569231931693
1.049,98.58324832823303
1.0528,98.58702633269107
1.0556,98.59080433714912
1.0558,98.60969435943935
1.0562,98.61347236389739
1.0572,98.61725036835544
1.0582,98.62102837281348
1.0602,98.62858438172957
1.0611,98.63236238618761
1.0613,98.64369639956175
1.062,98.65125240847784
1.0634,98.65503041293589
1.0639,98.66636442631003
1.0672,98.67769843968416
1.0693,98.6814764441422
1.0728,98.68525444860025
1.0772,98.69281045751634
1.0798,98.69658846197439
1.08,98.70036646643243
1.0826,98.70414447089047
1.083,98.70792247534852
1.0833,98.71170047980657
1.0881,98.71925648872266
1.0883,98.72681249763875
1.0885,98.73059050209679
1.0906,98.73814651101289
1.0922,98.74570251992897
1.0931,98.74948052438702
1.0948,98.75325852884507
1.0959,98.75703653330311
1.0968,98.7645925422192
1.0971,98.76837054667725
1.0983,98.77592655559334
1.1,98.91571272054101
1.1002,98.91949072499906
1.1094,98.9232687294571
1.1121,98.92704673391515
1.1157,98.93082473837319
1.1169,98.93460274283123
1.1189,98.94593675620538
1.1224,98.95349276512147
1.1225,98.95727076957951
1.1235,98.96104877403755
1.1367,98.96482677849559
1.137,98.96860478295363
1.1384,98.97238278741169
1.1406,98.97616079186975
1.1426,98.97993879632779
1.1508,98.98371680078583
1.1659,98.98749480524387
1.1667,99.01394083645019
1.1685,99.01771884090823
1.1701,99.02149684536627
1.171,99.03283085874041
1.1746,99.03660886319847
1.1803,99.04038686765651
1.1823,99.04416487211455
1.1827,99.04794287657259
1.1837,99.05172088103063
1.1849,99.05549888548867
1.1898,99.05927688994673
1.1912,99.06305489440477
1.1916,99.06683289886283
1.1932,99.07438890777891
1.1972,99.081944916695
1.2024,99.08572292115305
1.2064,99.08950092561109
1.2154,99.09327893006915
1.2215,99.09705693452719
1.2226,99.10083493898523
1.2252,99.10461294344327
1.2256,99.10839094790131
1.226,99.11216895235935
1.2278,99.11594695681741
1.2315,99.11972496127545
1.2351,99.12350296573351
1.2367,99.13483697910763
1.2406,99.13861498356567
1.2427,99.14239298802373
1.2456,99.14617099248177
1.2495,99.14994899693981
1.2568,99.15750500585591
1.2588,99.16128301031395
1.2624,99.17639502814613
1.2659,99.18395103706223
1.2687,99.18772904152027
1.2692,99.19150704597831
1.2858,99.19906305489441
1.2871,99.20284105935245
1.2884,99.20661906381049
1.2897,99.21039706826853
1.2967,99.21417507272659
1.3136,99.21795307718463
1.316,99.22550908610071
1.322,99.22928709055877
1.3221,99.24062110393291
1.3223,99.24439910839095
1.324,99.25195511730703
1.3259,99.25573312176509
1.3278,99.25951112622313
1.3279,99.26328913068117
1.3314,99.26706713513921
1.34,99.27084513959727
1.3431,99.27840114851335
1.3435,99.28595715742945
1.3462,99.28973516188749
1.3509,99.30106917526163
1.3658,99.30484717971967
1.3671,99.30862518417771
1.3686,99.31240318863577
1.3722,99.31618119309381
1.374,99.32751520646794
1.3821,99.33129321092599
1.3959,99.33884921984209
1.4093,99.34640522875817
1.4233,99.35396123767426
1.4327,99.3577392421323
1.4354,99.36907325550645
1.4373,99.37285125996449
1.4457,99.37662926442253
1.4483,99.38418527333862
1.4495,99.38796327779667
1.4507,99.39174128225471
1.4531,99.39551928671277
1.5,99.43707733575125
1.5152,99.4408553402093
1.519,99.4484113491254
1.5431,99.45218935358344
1.5437,99.45596735804149
1.5461,99.45974536249953
1.5763,99.46352336695757
1.5813,99.46730137141562
1.5847,99.47107937587366
1.5899,99.4748573803317
1.5918,99.48241338924781
1.5954,99.48619139370585
1.5979,99.4899693981639
1.6,99.54663946503457
1.7,99.60330953190525
1.76,99.6826476255242
1.7625,99.68642562998224
1.8546,99.6902036344403
1.856,99.7166496656466
1.8561,99.82243379047188
1.9131,99.82998979938796
2.0,99.87532585288452
2.1603,99.88665986625864
2.2214,99.89043787071668
2.2311,99.89799387963278
2.2799,99.91310589746496
2.3285,99.92066190638104
3.0,99.9244399108391
3.526,99.93577392421324
5.0,99.96977596433564
5.0625,99.97355396879368
5.289,99.99244399108392
7.052,100.0
