0.0175,0.007309051041539774
0.0176,0.04385430624923864
0.0177,0.13399926909489585
0.0178,0.20221707881593376
0.0179,0.2485077354123523
0.018,0.3289072968692898
0.0181,0.4482884638811061
0.0182,0.5969058350590816
0.0183,0.7845048117919357
0.0184,1.003776343038129
0.0185,1.5885004263613107
0.0187,2.095261298574735
0.0188,2.5849677183578996
0.0189,3.0454379339749056
0.019,3.5570715068826897
0.0191,4.782555731514192
0.0193,5.474479230113291
0.0194,6.086003167255451
0.0195,6.653672798148373
0.0196,7.343159946400292
0.0197,8.030210744305032
0.0198,8.75137044707029
0.0199,9.37020343525399
0.02,9.925691314411013
0.0201,10.520160799122914
0.0202,11.100012181751735
0.0203,11.726154220976976
0.0204,12.469241076866853
0.0205,13.19040077963211
0.0206,13.965160190035327
0.0207,14.820319161895481
0.0208,16.46241929589475
0.021,17.41746863198928
0.0211,18.491899135095625
0.0212,19.576075039590695
0.0213,20.733341454501158
0.0214,22.938238518698988
0.0216,24.12474113777561
0.0217,25.37215251553173
0.0218,26.64880009745401
0.0219,27.99122913875015
0.022,29.37994883664271
0.0221,30.797904738701426
0.0222,32.19880618832988
0.0223,33.5802168351809
0.0224,35.02497259105859
0.0225,37.602631258374956
0.0227,38.891460592033134
0.0228,40.17785357534414
0.0229,41.40577415032281
0.023,42.59958582044098
0.0231,44.82641003776343
0.0233,45.93738579607747
0.0234,46.96308929224023
0.0235,47.97173833597272
0.0236,48.97551467901084
0.0237,49.85990985503715
0.0238,50.8125228407845
0.0239,51.70909976854672
0.024,52.62029479839201
0.0241,53.4340358143501
0.0242,54.17468631989279
0.0243,54.88122792057498
0.0244,55.65355098063102
0.0245,56.43074674138141
0.0246,57.14947009379949
0.0247,57.83164819100987
0.0248,59.23742234133268
0.025,59.91716408819588
0.0251,60.572542331587286
0.0252,61.21573882324278
0.0253,61.841880862468024
0.0254,63.189182604458516
0.0256,63.83968814715556
0.0257,64.47313923742234
0.0258,65.01157266414911
0.0259,65.51102448532099
0.026,66.04702156170057
0.0261,66.57327323669143
0.0262,67.10196126202948
0.0263,67.66232184188085
0.0264,68.18613716652455
0.0265,68.76842489950054
0.0266,69.27031307101961
0.0267,69.82823730052381
0.0268,70.37397977829212
0.0269,70.84663174564503
0.027,71.30222926056767
0.0271,71.76757217687904
0.0272,72.20611523937143
0.0273,72.72749421366792
0.0274,73.20989158240955
0.0275,73.67523449872093
0.0276,74.16981361919845
0.0277,74.59373857960775
0.0278,75.01522718966987
0.0279,75.4488975514679
0.028,75.90693141673772
0.0281,76.35278353027165
0.0282,76.7718357899866
0.0283,77.15677914484102
0.0284,77.49055914240468
0.0285,77.8267754903155
0.0286,78.14106468510171
0.0287,78.46266293092947
0.0288,78.77695212571568
0.0289,79.09855037154342
0.029,79.36654890973321
0.0291,79.6491655500061
0.0292,79.98050919722256
0.0293,80.28261664027288
0.0294,80.57741503228164
0.0295,80.84297722012425
0.0296,81.13290291143866
0.0297,81.38384699719819
0.0298,81.6372274333049
0.0299,81.84188086246802
0.03,82.35107808502863
0.0301,82.4996954562066
0.0302,82.64344012669021
0.0303,82.82373005238153
0.0304,83.00401997807285
0.0305,83.19405530515289
0.0306,83.37921793153855
0.0307,83.55950785722986
0.0308,83.75197953465708
0.0309,83.91277865757097
0.031,84.09794128395663
0.0311,84.27579485930077
0.0312,84.43172128152028
0.0313,84.57059325130953
0.0314,84.75088317700086
0.0315,84.90437324887318
0.0316,85.07979047387015
0.0317,85.22353514435376
0.0318,85.34778901205993
0.0319,85.52564258740406
0.032,85.77171397246924
0.0322,85.93251309538311
0.0323,86.08600316725546
0.0324,86.22731148739189
0.0325,86.53429163113657
0.0327,86.64636374710683
0.0328,86.81690827140943
0.0329,86.96308929224023
0.033,87.11414301376537
0.0331,87.23839688147156
0.0332,87.37726885126081
0.0333,87.50639541966135
0.0334,87.66475819222805
0.0335,87.79875746132294
0.0336,87.91570227798758
0.0337,88.20562796930199
0.0339,88.32257278596663
0.034,88.4590084054087
0.0341,88.61249847728104
0.0342,88.73187964429286
0.0343,88.85369716165185
0.0344,89.00718723352418
0.0345,89.15093190400779
0.0346,89.28980387379704
0.0347,89.40431234011452
0.0348,89.49933000365452
0.0349,89.61871117066634
0.035,89.74783773906688
0.0351,89.86234620538434
0.0352,90.01339992690949
0.0353,90.1205993421854
0.0354,90.31794372030699
0.0356,90.44219758801316
0.0357,90.51528809842856
0.0358,90.63466926544037
0.0359,90.75648678279936
0.036,90.84419539529785
0.0361,90.9343403581435
0.0362,91.03910342307225
0.0363,91.1536118893897
0.0364,91.24375685223535
0.0365,91.35095626751126
0.0366,91.43622852966257
0.0367,91.50688268973079
0.0368,91.59215495188208
0.0369,91.66768181264466
0.037,91.74320867340724
0.0371,91.90400779632111
0.0373,92.00633451090266
0.0374,92.07455232062371
0.0375,92.15251553173346
0.0376,92.21829699110732
0.0377,92.30844195395298
0.0378,92.36447801193812
0.0379,92.44975027408941
0.038,92.5350225362407
0.0381,92.6081130466561
0.0382,92.67145815568279
0.0383,92.79327567304179
0.0385,92.87854793519308
0.0386,92.92240224144231
0.0387,93.00036545255207
0.0388,93.13923742234134
0.039,93.18796442928493
0.0391,93.25130953831162
0.0392,93.30978194664394
0.0393,93.37312705567061
0.0394,93.4340358143501
0.0395,93.50225362407114
0.0396,93.55098063101474
0.0397,93.60214398830551
0.0398,93.66305274698502
0.0399,93.72152515531734
0.04,93.86526982580095
0.0402,93.89937873066147
0.0403,93.97246924107687
0.0404,94.0041417955902
0.0405,94.0431234011451
0.0406,94.1015958094774
0.0407,94.1259593129492
0.0408,94.19417712267024
0.0409,94.2477768303082
0.041,94.30624923864052
0.0411,94.35253989523693
0.0412,94.39639420148617
0.0413,94.44024850773542
0.0414,94.49141186502618
0.0415,94.55475697405286
0.0416,94.60348398099647
0.0417,94.6838835424534
0.0419,94.73017419904983
0.042,94.79595565842368
0.0421,94.84711901571447
0.0422,94.89340967231088
0.0423,94.93726397856011
0.0424,94.99086368619808
0.0425,95.06395419661348
0.0426,95.12242660494579
0.0427,95.16140821050068
0.0428,95.19795346570838
0.0429,95.28078937751249
0.0431,95.32220733341454
0.0432,95.35387988792789
0.0433,95.3879887927884
0.0434,95.47813375563406
0.0436,95.52686076257766
0.0437,95.58776952125716
0.0438,95.62431477646486
0.0439,95.65842368132537
0.044,95.71202338896333
0.0441,95.76318674625412
0.0442,95.80947740285053
0.0443,95.84114995736387
0.0444,95.87038616153004
0.0445,95.92642221951516
0.0446,95.99951272993057
0.0448,96.0311852844439
0.0449,96.07260324034597
0.045,96.12133024728956
0.0451,96.20172980874649
0.0453,96.2504568156901
0.0454,96.28943842124498
0.0455,96.32598367645268
0.0456,96.37471068339627
0.0457,96.42343769033988
0.0458,96.46241929589475
0.0459,96.48678279936654
0.046,96.52576440492143
0.0461,96.5671823608235
0.0462,96.6037276160312
0.0463,96.67925447679376
0.0465,96.72067243269582
0.0466,96.7596540382507
0.0467,96.78889024241685
0.0468,96.84736265074918
0.0469,96.89121695699842
0.047,96.9301985625533
0.0471,96.96918016810817
0.0472,97.02521622609332
0.0473,97.05445243025947
0.0474,97.09099768546717
0.0475,97.12267023998051
0.0476,97.16652454622975
0.0477,97.19819710074309
0.0478,97.23961505664515
0.0479,97.27859666220002
0.048,97.33219636983799
0.0482,97.37117797539287
0.0483,97.41990498233646
0.0484,97.46375928858569
0.0485,97.49543184309903
0.0486,97.51979534657083
0.0487,97.54172249969545
0.0488,97.5733950542088
0.0489,97.61237665976368
0.049,97.66110366670728
0.0491,97.68546717017908
0.0492,97.74881227920575
0.0494,97.77561213302472
0.0495,97.80728468753807
0.0496,97.84870264344012
0.0497,97.90961140211962
0.0499,97.93884760628579
0.05,98.7014252649531
0.0503,98.70629796564747
0.0505,98.70873431599463
0.0506,98.71117066634181
0.0507,98.71604336703618
0.0508,98.72822511877209
0.0509,98.74527957120233
0.0512,98.74771592154951
0.0515,98.75258862224388
0.0517,98.75502497259106
0.0518,98.75746132293824
0.0519,98.76477037397979
0.052,98.77938847606286
0.0521,98.7866975271044
0.0522,98.80375197953467
0.0523,98.80618832988183
0.0526,98.80862468022902
0.0529,98.81593373127056
0.0531,98.8232427823121
0.0534,98.82811548300646
0.0535,98.83055183335364
0.0536,98.83298818370082
0.0537,98.84516993543672
0.0538,98.8476062857839
0.0539,98.85491533682543
0.0541,98.85735168717261
0.0543,98.8719697892557
0.0544,98.87684248995005
0.0545,98.88171519064441
0.0547,98.88902424168595
0.0549,98.89633329272749
0.055,98.90120599342185
0.0551,98.90364234376904
0.0552,98.90607869411622
0.0554,98.9085150444634
0.0555,98.91095139481058
0.0556,98.91338774515775
0.0557,98.91826044585211
0.0558,98.9206967961993
0.0559,98.92800584724083
0.056,98.93287854793519
0.0562,98.94018759897673
0.0564,98.94262394932392
0.0566,98.94749665001828
0.0567,98.95236935071263
0.0568,98.95480570105981
0.057,98.95967840175418
0.0571,98.96455110244852
0.0572,98.97186015349007
0.0573,98.97429650383725
0.0575,98.97673285418443
0.0578,98.98404190522598
0.0579,98.98647825557315
0.058,98.99378730661469
0.0581,98.99622365696187
0.0582,98.99866000730904
0.0583,99.0035327080034
0.0584,99.0059690583506
0.0588,99.00840540869777
0.0589,99.01571445973931
0.0591,99.0181508100865
0.0592,99.02789621147521
0.0593,99.03033256182239
0.0594,99.03276891216957
0.0596,99.04007796321112
0.0597,99.0425143135583
0.0598,99.04495066390547
0.0599,99.04982336459983
0.06,99.09611402119624
0.0604,99.09855037154342
0.0605,99.1009867218906
0.0606,99.10342307223779
0.0609,99.10585942258496
0.061,99.11073212327933
0.0611,99.11316847362652
0.0613,99.12047752466805
0.0616,99.12778657570959
0.0618,99.13022292605676
0.0619,99.13509562675112
0.062,99.1375319770983
0.0622,99.13996832744549
0.0623,99.14727737848703
0.0629,99.15945913022293
0.0631,99.16189548057011
0.0637,99.16433183091729
0.0638,99.17164088195882
0.0639,99.174077232306
0.0643,99.17651358265319
0.0644,99.17894993300037
0.0645,99.18138628334755
0.0646,99.18869533438908
0.0649,99.19113168473626
0.0651,99.19356803508344
0.0653,99.19844073577781
0.0654,99.20087708612499
0.0655,99.20331343647216
0.0657,99.20574978681934
0.0658,99.20818613716652
0.0659,99.21305883786088
0.0663,99.21793153855525
0.0666,99.22036788890243
0.0668,99.22280423924961
0.0673,99.23011329029114
0.0675,99.2349859909855
0.068,99.23742234133269
0.0682,99.24229504202704
0.0683,99.24473139237422
0.0685,99.24960409306858
0.0688,99.25934949445731
0.0689,99.26422219515166
0.0692,99.26665854549884
0.0693,99.26909489584602
0.0695,99.2715312461932
0.0697,99.27640394688756
0.0699,99.27884029723474
0.0706,99.28127664758192
0.0712,99.2837129979291
0.0714,99.28614934827628
0.0717,99.28858569862346
0.0721,99.29102204897065
0.0722,99.29345839931783
0.0729,99.29589474966501
0.0732,99.30076745035936
0.0733,99.30320380070654
0.0734,99.30564015105372
0.0735,99.3080765014009
0.0743,99.31538555244244
0.0747,99.31782190278962
0.0749,99.3202582531368
0.0753,99.32269460348398
0.0754,99.32756730417834
0.0756,99.33000365452553
0.076,99.33244000487271
0.0765,99.33487635521988
0.0766,99.33974905591424
0.0767,99.34218540626142
0.0769,99.3446217566086
0.0771,99.34705810695577
0.0775,99.34949445730295
0.0776,99.35193080765013
0.0777,99.36167620903886
0.0779,99.36411255938604
0.0782,99.36654890973323
0.0783,99.3689852600804
0.0784,99.37142161042757
0.0788,99.37385796077476
0.0793,99.37629431112194
0.0795,99.37873066146912
0.08,99.3811670118163
0.0801,99.38360336216347
0.0803,99.38603971251065
0.0805,99.38847606285783
0.0806,99.3933487635522
0.0808,99.39578511389938
0.0814,99.40065781459374
0.0816,99.40309416494092
0.0824,99.40553051528809
0.0827,99.40796686563527
0.0834,99.41040321598246
0.0845,99.41283956632964
0.0848,99.41527591667682
0.085,99.417712267024
0.0854,99.42014861737117
0.0859,99.42258496771835
0.0864,99.42745766841273
0.0871,99.4298940187599
0.0878,99.43233036910708
0.0881,99.43476671945426
0.09,99.59556584236813
0.0903,99.59800219271531
0.0905,99.6004385430625
0.0915,99.60287489340968
0.0916,99.60531124375686
0.0985,99.60774759410404
0.0993,99.61018394445121
0.0998,99.61262029479839
0.0999,99.61505664514557
0.1,99.69058350590815
0.1005,99.69301985625533
0.1006,99.6954562066025
0.105,99.76611036667073
0.11,99.79778292118407
0.111,99.81971007430869
0.1161,99.82214642465587
0.12,99.85625532951639
0.14,99.92203678889024
0.15,99.9390912413205
0.22,99.94152759166768
0.464,99.94883664270922
0.5,99.9512729930564
0.55,99.96101839444512
1.0,99.96589109513948
1.16,100.0
