0.2582,0.013065064018813691
0.2585,0.026130128037627383
0.2586,0.03919519205644108
0.2595,0.052260256075254766
0.2599,0.06532532009406845
0.2602,0.07839038411288216
0.2606,0.09145544813169584
0.2614,0.10452051215050953
0.2617,0.11758557616932323
0.262,0.1306506401881369
0.2621,0.1567807682257643
0.2631,0.169845832244578
0.2646,0.1829108962633917
0.2654,0.19597596028220537
0.2656,0.20904102430101906
0.2671,0.22210608831983278
0.2672,0.24823621635746015
0.2674,0.2613012803762738
0.2677,0.27436634439508756
0.2686,0.28743140841390125
0.2687,0.30049647243271493
0.2688,0.3266266004703423
0.2706,0.339691664489156
0.2711,0.3527567285079697
0.2713,0.3658217925267834
0.2715,0.37888685654559706
0.2718,0.39195192056441075
0.2733,0.4050169845832245
0.2742,0.4180820486020381
0.2746,0.44421217663966556
0.275,0.4572772406584792
0.2755,0.4834073686961067
0.2757,0.509537496733734
0.2763,0.5226025607525476
0.2773,0.5356676247713614
0.2775,0.5617977528089888
0.2795,0.5879278808466161
0.2797,0.6009929448654299
0.2801,0.6140580088842436
0.2802,0.6271230729030572
0.2803,0.679383328978312
0.2805,0.7185785210347531
0.2807,0.7316435850535667
0.2814,0.7447086490723804
0.2817,0.7708387771100078
0.2818,0.7839038411288215
0.2823,0.7969689051476353
0.2824,0.810033969166449
0.2827,0.8361640972040763
0.2828,0.8884243532793311
0.2829,0.9668147373922134
0.2831,0.9798798014110269
0.2832,0.9929448654298406
0.2833,1.019074993467468
0.2834,1.0452051215050953
0.2836,1.0974653775803502
0.2837,1.149725633655605
0.2839,1.1758557616932321
0.2843,1.2019858897308597
0.2846,1.2150509537496734
0.2847,1.2803762738437419
0.2849,1.4110269140318787
0.2851,1.4371570420695061
0.2853,1.5939378102952706
0.2854,1.6461980663705251
0.2856,1.7115233864645936
0.2857,1.8291089626339168
0.2858,1.8421740266527307
0.2859,1.8944342827279854
0.2861,2.0120198588973084
0.2863,2.0250849229161223
0.2864,2.1688006271230726
0.2868,2.286386203292396
0.2871,2.29945126731121
0.2872,2.338646459367651
0.2879,2.364776587405278
0.2881,2.377841651424092
0.2883,2.3909067154429056
0.2884,2.4039717794617195
0.2885,2.4170368434805334
0.2887,2.430101907499347
0.2889,2.4692970995557877
0.2893,2.6130128037627385
0.2895,2.626077867781552
0.2897,2.7828586360073166
0.2901,2.8743140841390122
0.2905,3.096420172458845
0.2908,3.1225503004964725
0.2909,3.318526260778678
0.291,3.3315913247974915
0.2913,3.4099817089103737
0.2918,3.4491769009668145
0.2919,3.462241964985628
0.292,3.4753070290044423
0.2922,3.488372093023256
0.2924,3.5536974131173245
0.2927,3.605957669192579
0.293,3.64515286124902
0.2931,3.671282989286648
0.2935,3.697413117324275
0.2936,3.7366083093807156
0.2938,3.8411288215312256
0.294,3.984844525738176
0.2942,3.99790958975699
0.2945,4.167755422001568
0.295,4.507447086490724
0.2954,4.9124640710739484
0.2955,4.925529135092762
0.2959,5.19989547948785
0.2962,5.226025607525477
0.2964,5.382806375751241
0.2965,5.395871439770055
0.2968,5.448131695845309
0.2969,5.526522079958192
0.297,5.565717272014633
0.2974,5.578782336033447
0.298,5.604912464071074
0.2985,5.644107656127515
0.2989,5.657172720146328
0.299,5.670237784165143
0.2993,5.709432976221584
0.2995,5.7224980402403975
0.2996,5.774758296315651
0.2998,5.800888424353279
0.3,5.853148680428534
0.3001,5.905408936503789
0.3003,5.918474000522603
0.3005,5.970734256597857
0.3006,5.98379932061667
0.3011,6.009929448654298
0.3012,6.075254768748367
0.3016,6.179775280898876
0.3017,6.19284034491769
0.3018,6.205905408936504
0.302,6.218970472955317
0.3021,6.310425921087013
0.3024,6.349621113143454
0.3025,6.362686177162267
0.3029,6.519466945388032
0.3032,6.532532009406847
0.3035,6.728507969689051
0.3039,6.754638097726678
0.304,6.859158609877189
0.3043,6.872223673896002
0.3044,6.937548993990071
0.3045,6.963679122027698
0.3046,7.055134570159394
0.3048,7.081264698197021
0.3049,7.133524954272276
0.3051,7.146590018291089
0.3052,7.224980402403972
0.3054,7.264175594460413
0.3058,7.316435850535667
0.3059,7.3295009145544805
0.3062,7.355631042592109
0.3064,7.39482623464855
0.3065,7.407891298667363
0.3068,7.486281682780245
0.3069,7.5385419388555
0.307,7.564672066893127
0.3074,7.760648027175334
0.3076,7.825973347269402
0.3079,7.865168539325842
0.308,8.035014371570421
0.3081,8.048079435589234
0.3083,8.061144499608048
0.3085,8.087274627645675
0.3086,8.152599947739745
0.3091,8.178730075777372
0.3093,8.217925267833813
0.3099,8.257120459890253
0.3101,8.296315651946696
0.3105,8.309380715965508
0.3108,8.374706036059578
0.3113,8.38777110007839
0.3114,8.479226548210086
0.3115,8.4922916122289
0.3118,8.505356676247713
0.3119,8.570681996341783
0.312,8.609877188398222
0.3125,8.622942252417037
0.3126,8.714397700548734
0.3128,8.727462764567546
0.3133,8.831983276718056
0.3139,8.92343872484975
0.314,8.98876404494382
0.3145,9.001829108962633
0.3147,9.067154429056702
0.3149,9.158609877188399
0.3151,9.184740005226026
0.3154,9.223935197282467
0.3156,9.289260517376535
0.3158,9.38071596550823
0.3161,9.419911157564673
0.3162,9.537496733733995
0.3164,9.563626861771622
0.3165,9.7334726940162
0.3168,9.824928142147897
0.317,9.837993206166711
0.3172,9.890253462241965
0.3173,9.916383590279592
0.3174,9.942513718317219
0.3178,9.981708910373662
0.318,10.020904102430102
0.3181,10.073164358505357
0.3187,10.125424614580611
0.3189,10.15155474261824
0.3194,10.164619806637052
0.3195,10.177684870655867
0.3197,10.19074993467468
0.3199,10.216880062712308
0.32,10.22994512673112
0.3201,10.282205382806374
0.3202,10.308335510844003
0.3205,10.347530702900444
0.3206,10.373660830938071
0.3207,10.47818134308858
0.321,10.504311471126208
0.3212,10.569636791220278
0.3214,10.648027175333159
0.3216,10.674157303370785
0.3219,10.752547687483668
0.322,10.804807943558924
0.3222,10.844003135615363
0.3226,10.870133263652992
0.3227,10.93545858374706
0.3232,10.948523647765875
0.3234,10.974653775803501
0.3235,10.987718839822316
0.3237,11.013848967859943
0.3239,11.066109223935197
0.3241,11.10530441599164
0.3242,11.131434544029267
0.3245,11.14449960804808
0.3246,11.209824928142147
0.3248,11.222889992160962
0.3249,11.28821531225503
0.325,11.366605696367913
0.3253,11.379670760386725
0.3254,11.418865952443168
0.3257,11.43193101646198
0.3258,11.640972040763
0.326,11.719362424875882
0.3265,11.732427488894695
0.3267,11.980663705252157
0.3271,12.019858897308596
0.3272,12.111314345440292
0.3273,12.137444473477919
0.3275,12.320355369741312
0.3279,12.34648549777894
0.328,12.359550561797752
0.3283,12.411810817873008
0.3284,12.503266266004703
0.3286,12.516331330023517
0.3288,12.52939639404233
0.3289,12.607786778155214
0.3292,12.620851842174027
0.3293,12.646981970211653
0.3295,12.67311209824928
0.3296,12.764567546380977
0.3297,12.90828325058793
0.3301,12.934413378625557
0.3303,12.94747844264437
0.3306,12.98667363470081
0.3308,13.130389338907761
0.3309,13.143454402926574
0.331,13.208779723020642
0.3312,13.274105043114712
0.3318,13.30023517115234
0.332,13.37862555526522
0.3323,13.44395087535929
0.3326,13.470081003396917
0.3327,13.48314606741573
0.3328,13.574601515547426
0.3333,13.705252155735565
0.3335,13.770577475829631
0.3338,13.8359027959237
0.3341,13.875097987980142
0.3343,14.162529396394042
0.3346,14.306245100600993
0.3347,14.319310164619806
0.3348,14.39770054873269
0.335,14.449960804807944
0.3352,14.47609093284557
0.3353,14.802717533315912
0.3355,14.815782597334726
0.3356,14.828847661353542
0.3358,14.93336817350405
0.336,14.99869349359812
0.3363,15.207734517899137
0.3366,15.351450222106088
0.3367,15.455970734256596
0.3371,15.482100862294226
0.3372,15.599686438463548
0.3374,15.782597334726939
0.3377,15.795662398745755
0.3379,15.821792526783382
0.3382,15.939378102952704
0.3387,15.965508230990332
0.3388,16.148419127253725
0.339,16.17454925529135
0.3391,16.20067938332898
0.3392,16.226809511366604
0.3393,16.3182649594983
0.3394,16.331330023517115
0.3396,16.357460151554744
0.3398,16.409720407629997
0.3399,16.422785471648808
0.34,16.46198066370525
0.3401,16.48811079174288
0.3403,16.618761431931016
0.3406,16.67102168800627
0.3407,16.71021688006271
0.3408,16.749412072119156
0.341,16.866997648288475
0.3415,16.893127776326104
0.3417,16.932322968382547
0.3419,17.036843480533054
0.342,17.076038672589497
0.3421,17.115233864645937
0.3423,17.324274888946956
0.3425,17.35040501698458
0.3428,17.37653514502221
0.3429,17.40266527305984
0.343,17.48105565717272
0.3432,17.507185785210346
0.3434,17.546380977266786
0.3435,17.559446041285604
0.3436,17.637836425398483
0.3437,17.8468774496995
0.3439,17.964463025868827
0.3442,17.990593153906453
0.3443,18.01672328194408
0.3449,18.186569114188657
0.3451,18.238829370263915
0.3452,18.36948001045205
0.3453,18.382545074470865
0.3457,18.500130650640187
0.3461,18.591586098771884
0.3464,18.709171674941206
0.3467,18.800627123072903
0.3468,18.93127776326104
0.3469,18.944342827279854
0.3471,19.061928403449176
0.3473,19.07499346746799
0.3476,19.101123595505616
0.3478,19.166448915599688
0.3479,19.205644107656127
0.3481,19.21870917167494
0.3482,19.414685131957146
0.3483,19.4669453880324
0.3484,19.558400836164097
0.3486,19.584530964201726
0.3488,19.767441860465116
0.3491,19.78050692448393
0.3494,19.858897308596813
0.3496,19.937287692709692
0.3497,19.963417820747324
0.3498,20.067938332897832
0.3499,20.146328717010714
0.3501,20.17245884504834
0.3503,20.19858897308597
0.3506,20.224719101123593
0.351,20.407629997386987
0.3511,20.433760125424616
0.3514,20.44682518944343
0.3518,20.45989025346224
0.3519,20.5121505095375
0.352,20.538280637575124
0.3522,20.551345701593938
0.3525,20.69506140580089
0.3526,20.77345178991377
0.3527,20.83877711000784
0.3528,20.851842174026654
0.3529,20.891037366083093
0.353,20.904102430101908
0.3535,20.917167494120722
0.3536,21.02168800627123
0.3537,21.0870133263653
0.3541,21.19153383851581
0.3542,21.20459890253462
0.3544,21.282989286647506
0.3548,21.33524954272276
0.3549,21.3744447347792
0.3551,21.387509798798014
0.3552,21.492030310948522
0.3553,21.531225503004965
0.3555,21.6618761431931
0.3557,21.70107133524954
0.3558,21.779461719362423
0.356,21.883982231512935
0.3561,21.949307551607003
0.3562,22.001567807682257
0.3565,22.106088319832768
0.3568,22.158348575908022
0.3569,22.197543767964465
0.3572,22.22367389600209
0.3574,22.275934152077344
0.3575,22.341259472171412
0.3577,22.380454664227855
0.3582,22.39351972824667
0.3583,22.458845048340738
0.3585,22.628690880585314
0.3587,22.654821008622942
0.359,22.667886072641753
0.3592,22.68095113666057
0.3593,22.733211392735825
0.3594,22.74627645675464
0.3599,22.78547164881108
0.36,22.916122288999215
0.3602,22.96838254507447
0.3604,23.07290305722498
0.3605,23.099033185262606
0.3609,23.125163313300234
0.361,23.21661876143193
0.3613,23.295009145544814
0.3615,23.321139273582443
0.3617,23.451789913770575
0.3618,23.543245361902272
0.362,23.5693754899399
0.3623,23.713091194146852
0.3625,23.80454664227855
0.3626,23.830676770316174
0.3627,23.84374183433499
0.363,23.869871962372617
0.3635,24.000522602560753
0.3636,24.013587666579568
0.3637,24.078912986673632
0.3638,24.091978050692447
0.364,24.118108178730076
0.3644,24.209563626861772
0.3646,24.222628690880583
0.365,24.261823882937026
0.3654,24.405539587143977
0.3655,24.431669715181602
0.3657,24.44473477920042
0.3659,24.496995035275674
0.366,24.51006009929449
0.3661,24.5231251633133
0.3662,24.562320355369742
0.3665,24.575385419388553
0.3666,24.588450483407367
0.3667,24.614580611444996
0.3669,24.69297099555788
0.367,24.719101123595504
0.3673,24.758296315651947
0.3674,24.77136137967076
0.3675,24.87588189182127
0.3676,24.967337339952966
0.3678,24.98040240397178
0.368,24.993467467990595
0.3682,25.071857852103474
0.3683,25.124118108178727
0.3685,25.150248236216356
0.3686,25.228638620329242
0.3688,25.267833812385682
0.369,25.320094068460936
0.3693,25.424614580611443
0.3694,25.45074470864907
0.3696,25.489939900705515
0.37,25.50300496472433
0.3701,25.594460412856023
0.3706,25.712045989025345
0.3709,25.73817611706297
0.3711,25.82963156519467
0.3713,25.999477397439247
0.3714,26.0517376535145
0.3715,26.130128037627387
0.3721,26.20851842174027
0.3723,26.24771361379671
0.3725,26.352234125947216
0.3726,26.391429318003656
0.3729,26.430624510060095
0.373,26.482884766135356
0.3731,26.49594983015417
0.3734,26.796446302586887
0.3735,26.848706558662137
0.3738,26.874836686699766
0.3739,27.031617454925527
0.374,27.04468251894434
0.3741,27.057747582963152
0.3744,27.08387771100079
0.3749,27.110007839038413
0.375,27.162268095113667
0.3751,27.17533315913248
0.3752,27.188398223151296
0.3753,27.332113927358243
0.3754,27.41050431147113
0.3756,27.462764567546383
0.3757,27.658740527828584
0.3758,27.6718055918474
0.376,27.73713091194147
0.3761,27.7632610399791
0.3767,27.828586360073164
0.377,27.841651424091978
0.3771,27.906976744186046
0.3773,27.972302064280115
0.3776,28.142147896524694
0.3777,28.15521296054351
0.3778,28.220538280637577
0.3781,28.259733472694016
0.3782,28.41651424091978
0.3783,28.44264436895741
0.3785,28.455709432976224
0.3786,28.468774496995035
0.3788,28.507969689051478
0.3791,28.59942513718317
0.3793,28.690880585314872
0.3798,28.743140841390126
0.38,28.821531225503005
0.3802,28.978311993728767
0.3805,29.12202769793572
0.3807,29.148157825973346
0.3808,29.174287954010975
0.3809,29.213483146067414
0.3811,29.252678338123854
0.3812,29.422524170368437
0.3815,29.54010974653776
0.3817,29.566239874575384
0.382,29.723020642801153
0.3825,29.749150770838778
0.3826,29.82754115495166
0.3827,29.879801411026914
0.3829,29.90593153906454
0.383,29.918996603083354
0.3831,29.932061667102168
0.3836,29.958191795139793
0.3837,30.141102691403187
0.384,30.206428011497255
0.3842,30.310948523647767
0.3844,30.493859419911157
0.3847,30.650640188136926
0.385,30.663705252155737
0.3851,30.807420956362684
0.3852,30.872746276456752
0.3855,30.91194146851319
0.3856,30.925006532532006
0.3857,31.016461980663706
0.386,31.09485236477659
0.3864,31.199372876927097
0.3865,31.212437940945907
0.3867,31.26469819702117
0.3871,31.316958453096422
0.3872,31.330023517115237
0.3874,31.42147896524693
0.3876,31.447609093284555
0.3877,31.552129605435063
0.3878,31.578259733472695
0.388,31.59132479749151
0.3882,31.643585053566763
0.3884,31.735040501698457
0.3885,31.81343088581134
0.3886,31.826495949830154
0.3887,31.891821269924225
0.389,31.98327671805592
0.3891,31.996341782074733
0.3893,32.035536974131176
0.3894,32.04860203814999
0.3895,32.08779723020643
0.3896,32.10086229422524
0.3897,32.20538280637575
0.39,32.21844787039457
0.3902,32.24457799843219
0.3903,32.25764306245101
0.3904,32.27070812646982
0.3905,32.28377319048864
0.3908,32.32296838254508
0.3909,32.37522863862033
0.391,32.388293702639146
0.3911,32.40135876665796
0.3913,32.41442383067677
0.3914,32.427488894695585
0.3916,32.440553958714396
0.3919,32.55813953488372
0.3921,32.75411549516593
0.3923,32.76718055918474
0.3924,32.780245623203555
0.3927,32.793310687222366
0.3928,32.80637575124118
0.3931,32.819440815259995
0.3932,32.832505879278806
0.3933,32.89783119937288
0.3935,32.91089626339169
0.3938,33.00235171152339
0.394,33.04154690357983
0.3943,33.08074209563627
0.3946,33.3028481839561
0.3948,33.31591324797492
0.3953,33.36817350405017
0.3956,33.44656388816305
0.3958,33.511889208257124
0.396,33.59027959237
0.3965,33.60334465638882
0.3966,33.70786516853933
0.3967,33.72093023255814
0.3968,33.76012542461458
0.397,33.825450744708654
0.3971,33.851580872746275
0.3973,33.92997125685916
0.3981,33.99529657695323
0.3983,34.00836164097204
0.3986,34.02142670499085
0.3987,34.03449176900967
0.3988,34.11288215312255
0.399,34.26966292134831
0.3991,34.29579304938594
0.3992,34.478703945649336
0.3993,34.517899137705776
0.3997,34.544029265743404
0.3999,34.64854977789391
0.4,35.01437157042069
0.4001,35.04050169845832
0.4003,35.09276195453357
0.4006,35.15808727462765
0.4015,35.223412594721715
0.402,35.236477658740526
0.4024,35.275672850796965
0.4033,35.340998170891034
0.4039,35.36712829892866
0.404,35.43245361902274
0.4041,35.44551868304155
0.4043,35.550039195192056
0.4048,35.628429579304935
0.4052,35.64149464332375
0.4058,35.71988502743663
0.406,35.77214528351189
0.4064,35.79827541154952
0.4066,35.85053566762477
0.4072,35.86360073164359
0.4073,35.91586098771884
0.4077,36.05957669192579
0.4081,36.07264175594461
0.4083,36.11183694800105
0.4088,36.216357460151556
0.4093,36.294747844264435
0.4094,36.41233342043376
0.4096,36.42539848445258
0.4098,36.46459367650902
0.4104,36.49072380454664
0.4108,36.52991899660309
0.4109,36.5429840606219
0.4111,36.569114188659526
0.4114,36.621374444734776
0.4117,36.647504572772405
0.4121,36.71282989286648
0.4125,36.75202508492292
0.4128,36.76509014894173
0.413,36.79122027697936
0.4134,36.80428534099817
0.4136,36.81735040501699
0.4137,36.86961066109224
0.4138,36.90880585314868
0.4146,36.961066109223935
0.415,36.974131173242746
0.4153,37.1178468774497
0.4155,37.13091194146851
0.4165,37.14397700548733
0.4169,37.17010713352495
0.417,37.18317219754377
0.4173,37.22236738960021
0.4174,37.23543245361902
0.4177,37.28769270969428
0.418,37.30075777371309
0.4182,37.56205905408937
0.4183,37.57512411810818
0.4188,37.60125424614581
0.4203,37.61431931016462
0.4205,37.62738437418343
0.4206,37.640449438202246
0.4208,37.65351450222106
0.421,37.692709694277504
0.4211,37.96707603867259
0.4215,37.993206166710216
0.4222,38.006271230729034
0.4224,38.03240135876666
0.4235,38.04546642278547
0.4239,38.0715965508231
0.4241,38.097726678860724
0.4242,38.29370263914293
0.4243,38.345962895218186
0.4251,38.372093023255815
0.4258,38.38515808727463
0.4263,38.411288215312254
0.4268,38.43741834334988
0.4269,38.47661353540632
0.4271,38.51580872746276
0.4273,38.5550039195192
0.4274,38.63339430363209
0.4276,38.75097987980141
0.4278,38.764044943820224
0.4289,38.79017507185785
0.4291,38.80324013587666
0.4295,38.85550039195192
0.4299,38.89469558400836
0.4303,38.92082571204599
0.4307,38.9338907760648
0.4308,38.960020904102436
0.431,39.0253462241965
0.4311,39.051476352234125
0.4314,39.077606480271754
0.4316,39.129866736347005
0.4318,39.15599686438463
0.4325,39.16906192840345
0.433,39.19519205644107
0.4334,39.20825712045989
0.4336,39.23438724849751
0.4342,39.24745231251633
0.4346,39.26051737653514
0.4352,39.28664750457278
0.4355,39.325842696629216
0.4356,39.351972824666845
0.4359,39.37810295270447
0.4362,39.417298144760906
0.4363,39.45649333681735
0.4364,39.482623464854974
0.4365,39.49568852887379
0.4367,39.521818656911414
0.4368,39.53488372093023
0.4369,39.56101384896786
0.437,39.57407891298667
0.4371,39.62633916906193
0.4375,39.65246929709956
0.4376,39.691664489156
0.4379,39.704729553174815
0.4387,39.717794617193626
0.4388,39.756989809250065
0.4391,39.770054873268876
0.4396,39.84844525738176
0.44,39.90070551345701
0.4401,39.91377057747583
0.4404,39.93990070551346
0.441,39.95296576953227
0.4412,39.96603083355109
0.4413,40.031356153645156
0.4418,40.04442121766397
0.442,40.05748628168278
0.4422,40.122811601776846
0.4424,40.135876665795664
0.4429,40.162006793833285
0.4431,40.24039717794617
0.4441,40.25346224196499
0.445,40.30572249804024
0.4453,40.31878756205906
0.4456,40.3579827541155
0.4467,40.423308074209565
0.4468,40.436373138228376
0.4471,40.44943820224719
0.4474,40.462503266266005
0.4477,40.475568330284815
0.4478,40.514763522341255
0.4479,40.52782858636007
0.4482,40.56702377841652
0.4484,40.59315390645414
0.4485,40.60621897047296
0.4489,40.63234909851058
0.4491,40.73686961066109
0.4493,40.749934674679906
0.4495,40.76299973869872
0.4496,40.776064802717535
0.4497,40.815259994773974
0.4501,40.841390122811596
0.4504,40.88058531486804
0.4505,40.89365037888686
0.4514,40.90671544290567
0.4517,40.94591063496211
0.4518,40.95897569898093
0.4521,40.99817089103737
0.4528,41.141886595244316
0.4531,41.168016723281944
0.4533,41.181081787300755
0.4536,41.2202769793572
0.4537,41.23334204337601
0.4541,41.25947217141364
0.4542,41.28560229945127
0.4545,41.29866736347008
0.4547,41.32479749150771
0.4548,41.33786255552652
0.4551,41.39012281160178
0.4555,41.40318787562059
0.4557,41.44238306767703
0.456,41.455448131695846
0.4563,41.494643323752285
0.4566,41.559968643846354
0.4572,41.66448915599686
0.4573,41.70368434805331
0.4576,41.72981447609093
0.4577,41.74287954010975
0.4578,41.75594460412856
0.4582,41.82126992422263
0.4585,41.834334988241444
0.4588,41.93885550039195
0.459,41.97805069244839
0.4592,42.03031094852365
0.4593,42.0825712045989
0.4597,42.09563626861772
0.4605,42.12176639665534
0.4607,42.147896524692975
0.4609,42.39613274105043
0.4616,42.40919780506924
0.4617,42.4614580611445
0.462,42.474523125163316
0.4624,42.52678338123857
0.4626,42.552913509276195
0.4627,42.63130389338908
0.4628,42.6574340214267
0.4636,42.68356414946433
0.4644,42.69662921348314
0.4645,42.72275934152077
0.4646,42.76195453357721
0.4647,43.0363208779723
0.4651,43.04938594199111
0.4656,43.06245100600993
0.4657,43.07551607002874
0.4663,43.232296838254506
0.4666,43.297622158348574
0.4667,43.38907760648027
0.4669,43.40214267049908
0.467,43.42827279853671
0.4671,43.44133786255553
0.468,43.454402926574346
0.4685,43.48053305461197
0.4687,43.585053566762475
0.4688,43.611183694800104
0.4689,43.63731382283773
0.4695,43.66344395087536
0.4698,43.74183433498824
0.4704,43.75489939900706
0.4705,43.80715965508231
0.4707,43.82022471910113
0.4709,43.87248497517638
0.4711,43.963940423308074
0.4714,43.977005487326885
0.4716,43.9900705513457
0.4722,44.00313561536451
0.4725,44.05539587143977
0.4726,44.06846093545858
0.4728,44.0815259994774
0.4732,44.09459106349621
0.4736,44.15991638359028
0.4737,44.1729814476091
0.4738,44.18604651162791
0.4745,44.19911157564672
0.4746,44.238306767703165
0.4747,44.264436895740786
0.4752,44.34282727985367
0.4753,44.35589234387248
0.4757,44.38202247191011
0.4758,44.39508753592893
0.4761,44.44734779200418
0.4762,44.460412856023
0.4768,44.47347792004181
0.4771,44.51267311209825
0.4778,44.55186830415469
0.4781,44.57799843219232
0.4784,44.630258688267574
0.4788,44.656388816305196
0.4789,44.76090932845571
0.4791,44.80010452051215
0.4793,44.81316958453097
0.4797,44.85236477658741
0.4798,44.87849490462503
0.48,44.89155996864385
0.4801,44.930755160700286
0.4803,44.9438202247191
0.4805,44.956885288737915
0.4806,44.969950352756726
0.4812,44.996080480794355
0.4813,45.04834073686961
0.4819,45.07447086490724
0.482,45.10060099294487
0.4825,45.12673112098249
0.4826,45.13979618500131
0.4831,45.17899137705775
0.4832,45.21818656911419
0.4835,45.270446825189445
0.4836,45.348837209302324
0.4844,45.41416252939639
0.4845,45.42722759341521
0.4846,45.47948784949046
0.4851,45.49255291350928
0.4853,45.53174810556572
0.4855,45.55787823360335
0.4859,45.57094329762216
0.486,45.6101384896786
0.4861,45.62320355369741
0.4868,45.67546380977267
0.487,45.701593937810294
0.4873,45.74078912986674
0.4875,45.75385419388555
0.4878,45.83224457799843
0.4885,45.88450483407369
0.4888,45.8975698980925
0.4889,45.91063496211131
0.489,45.97596028220538
0.4891,45.989025346224196
0.4892,46.002090410243014
0.4894,46.015155474261825
0.49,46.04128560229945
0.4902,46.10661092239352
0.4906,46.14580611444996
0.4908,46.23726156258166
0.4914,46.25032662660047
0.4915,46.26339169061928
0.4916,46.302586882675726
0.4919,46.315651946694544
0.4921,46.341782074732166
0.4922,46.35484713875098
0.4923,46.367912202769794
0.4924,46.38097726678861
0.4925,46.39404233080742
0.4927,46.4724327149203
0.493,46.48549777893912
0.4936,46.52469297099556
0.494,46.61614841912725
0.4942,46.62921348314607
0.4944,46.655343611183696
0.4948,46.668408675202514
0.495,46.681473739221325
0.4952,46.694538803240135
0.4955,46.720668931277764
0.4957,46.74679905931539
0.496,46.77292918735302
0.4963,46.89051476352234
0.4966,46.90357982754115
0.4968,46.91664489155997
0.497,46.955840083616415
0.4971,47.02116540371048
0.4977,47.034230467729294
0.4982,47.086490723804545
0.4983,47.125685915860984
0.4984,47.16488110791743
0.4987,47.17794617193624
0.499,47.20407629997387
0.4993,47.25633655604912
0.4994,47.28246668408676
0.4998,47.29553174810557
0.4999,47.33472694016201
0.5004,47.439247452312514
0.5008,47.478442644368954
0.5014,47.50457277240658
0.502,47.53070290044421
0.5021,47.635223412594726
0.5023,47.64828847661354
0.5024,47.66135354063235
0.5027,47.726678860726416
0.503,47.739743924745234
0.5031,47.88345962895218
0.5032,47.97491507708388
0.5034,47.987980141102696
0.5043,48.00104520512151
0.5046,48.079435589234386
0.5048,48.118630781290825
0.5049,48.157825973347265
0.5052,48.21008622942252
0.5053,48.28847661353541
0.5057,48.30154167755422
0.5062,48.35380193362948
0.5063,48.40606218970473
0.5068,48.419127253723545
0.507,48.62816827802456
0.5073,48.745753854193886
0.5074,48.798014110269136
0.5078,48.811079174287954
0.5079,48.850274366344394
0.5083,48.863339430363204
0.5084,48.91559968643847
0.5093,48.92866475045728
0.5094,48.99399007055135
0.5097,49.03318526260779
0.5101,49.0462503266266
0.5102,49.07238045466423
0.5103,49.098510582701856
0.5106,49.150770838777106
0.5109,49.163835902795924
0.511,49.412072119153386
0.5111,49.47739743924745
0.5117,49.52965769532271
0.5123,49.54272275934152
0.5125,49.56885288737915
0.5127,49.67337339952966
0.5132,49.69950352756729
0.5134,49.72563365560491
0.5137,49.79095897569898
0.514,49.804024039717795
0.5141,49.869349359811864
0.5142,49.88241442383068
0.5145,49.9085445518683
0.5147,49.93467467990593
0.5151,50.195975960282205
0.5152,50.222106088319826
0.5161,50.248236216357455
0.5164,50.3788868565456
0.5165,50.40501698458323
0.517,50.44421217663967
0.5171,50.470342304677295
0.5175,50.483407368696106
0.518,50.509537496733735
0.5184,50.62712307290306
0.5191,50.64018813692187
0.5192,50.6663182649595
0.5193,50.82309903318526
0.5194,50.875359289260516
0.5199,50.888424353279326
0.52,50.90148941729814
0.5204,50.97987980141103
0.5205,51.254246145806114
0.522,51.30650640188137
0.5224,51.31957146590018
0.5225,51.33263652991899
0.5235,51.41102691403188
0.5237,51.5286124902012
0.5238,51.73765351450223
0.5241,51.881369218709175
0.5242,52.11654037104781
0.5249,52.14267049908544
0.5251,52.18186569114188
0.5255,52.20799581917951
0.526,52.24719101123596
0.5263,52.2863862032924
0.5268,52.31251633133003
0.5269,52.36477658740528
0.5271,52.39090671544291
0.5274,52.44316697151816
0.5276,52.599947739743925
0.5279,52.639142931800365
0.528,52.66527305983799
0.5281,52.74366344395087
0.5286,52.83511889208257
0.5298,52.887379148157834
0.5301,52.900444212176644
0.5304,52.96576953227071
0.5306,52.97883459628952
0.5309,53.05722498040241
0.5313,53.07029004442122
0.5314,53.20094068460936
0.5316,53.40998170891037
0.5318,53.436111836947994
0.5322,53.46224196498562
0.5326,53.579827541154955
0.5329,53.658217925267834
0.5336,53.76273843741834
0.5338,53.77580350143716
0.5345,53.85419388555004
0.5349,53.86725894956885
0.5352,53.945649333681736
0.536,53.97177946171936
0.5363,53.997909589756986
0.5367,54.010974653775804
0.5371,54.102430101907494
0.5374,54.15469035798275
0.5375,54.18082048602039
0.5376,54.22001567807683
0.5377,54.35066631826496
0.5379,54.41599163835903
0.5387,54.42905670237784
0.5391,54.46825189443428
0.5397,54.55970734256598
0.5401,54.57277240658479
0.5407,54.89939900705514
0.5414,54.990854455186835
0.542,55.043114711262085
0.5424,55.0561797752809
0.5426,55.12150509537497
0.5427,55.16070028743141
0.5429,55.18683041546903
0.5432,55.21296054350666
0.5434,55.29135092761954
0.5435,55.3436111836948
0.5436,55.422001567807676
0.5437,55.50039195192057
0.544,55.51345701593938
0.5444,55.735563104259214
0.5463,55.748628168278024
0.5467,55.761693232296835
0.5472,55.77475829631565
0.5474,55.8270185523909
0.5477,56.04912464071074
0.5481,56.24510060099295
0.5482,56.25816566501176
0.5484,56.31042592108702
0.549,56.55866213744447
0.5493,56.61092239351972
0.5495,56.74157303370787
0.5498,56.83302848183956
0.5501,56.85915860987719
0.5502,56.88528873791482
0.5503,56.9636791220277
0.5504,57.094329762215835
0.552,57.31643585053566
0.5525,57.36869610661092
0.5526,57.381761170629744
0.553,57.420956362686184
0.5532,57.434021426704994
0.5544,57.46015155474262
0.5545,57.49934674679906
0.5553,57.64306245100601
0.556,57.68225764306245
0.5561,57.72145283511889
0.5564,57.78677815521296
0.5571,57.812908283250586
0.5572,57.8259733472694
0.5574,57.90436373138228
0.5576,58.139534883720934
0.5578,58.28325058792788
0.558,58.440031356153646
0.5581,58.50535667624771
0.5585,58.518421740266525
0.5588,58.531486804285336
0.56,58.701332636529926
0.5601,58.71439770054874
0.5603,58.779723020642805
0.5605,58.792788084661616
0.5608,58.818918212699245
0.561,58.845048340736874
0.5615,58.88424353279331
0.5626,58.92343872484975
0.5633,58.94956885288738
0.5635,58.96263391690619
0.5637,59.02795923700026
0.5648,59.11941468513196
0.5651,59.13247974915077
0.5653,59.21087013326365
0.5656,59.223935197282465
0.5657,59.3415207734518
0.5658,59.35458583747061
0.5664,59.40684609354586
0.5665,59.446041285602305
0.5668,59.51136660569637
0.5671,59.576691925790435
0.5672,59.69427750195976
0.5673,59.77266788607264
0.5679,59.83799320616671
0.5687,59.85105827018552
0.5695,59.864123334204336
0.5696,59.89025346224196
0.5698,59.91638359027959
0.5699,59.9294486542984
0.5703,59.94251371831722
0.5705,59.99477397439248
0.5711,60.00783903841129
0.5718,60.06009929448655
0.5725,60.17768487065587
0.5728,60.203814998693495
0.5732,60.295270446825185
0.5737,60.321400574862814
0.574,60.34753070290044
0.5744,60.36059576691925
0.5747,60.3997909589757
0.5753,60.42592108701332
0.5755,60.47818134308858
0.576,60.54350666318265
0.5766,60.56963679122027
0.5767,60.582701855239094
0.577,60.67415730337079
0.5776,60.75254768748367
0.578,60.76561275150249
0.5785,60.7786778155213
0.5794,60.84400313561537
0.5796,60.883198327671806
0.5805,60.93545858374706
0.5806,61.039979095897564
0.581,61.05304415991638
0.5816,61.19675986412333
0.5817,61.23595505617978
0.582,61.32741050431147
0.5826,61.3535406323491
0.5837,61.36660569636791
0.584,61.37967076038673
0.5846,61.41886595244317
0.5847,61.45806114449961
0.5849,61.48419127253724
0.5853,61.51032140057487
0.5857,61.549516592631306
0.5859,61.57564672066893
0.5862,61.588711784687746
0.5865,61.61484191272537
0.5869,61.75855761693232
0.5876,61.85001306506401
0.5878,61.889208257120465
0.5885,61.941468513195716
0.5886,61.967598641233344
0.5889,61.99372876927097
0.5891,62.0198588973086
0.5899,62.03292396132741
0.5904,62.22889992160962
0.5913,62.24196498562843
0.5917,62.25503004964724
0.5918,62.35955056179775
0.5919,62.372615625816564
0.5928,62.411810817873004
0.5929,62.424875881891815
0.5931,62.45100600992944
0.5933,62.47713613796707
0.5938,62.50326626600471
0.5945,62.646981970211655
0.5949,62.73843741834335
0.5957,62.77763261039979
0.5959,62.82989286647505
0.5965,62.85602299451267
0.5974,62.86908805853149
0.5981,62.89521818656911
0.5988,62.99973869871962
0.5991,63.051998954794875
0.5992,63.065064018813686
0.5997,63.117324274888944
0.5999,63.14345440292658
0.6,63.62686177162268
0.6001,63.65299189966031
0.6002,63.70525215573556
0.6004,63.718317219754375
0.6014,63.744447347792
0.6017,63.78364253984845
0.602,63.79670760386726
0.6026,63.80977266788608
0.6028,63.82283773190489
0.6039,63.88816305199896
0.6047,63.90122811601777
0.6049,64.0188136921871
0.6054,64.04494382022472
0.6056,64.05800888424353
0.6059,64.07107394826235
0.6064,64.14946433237523
0.6068,64.17559446041285
0.6074,64.20172458845047
0.6081,64.21478965246929
0.6087,64.22785471648811
0.6092,64.28011497256337
0.6094,64.33237522863861
0.6096,64.34544029265743
0.6105,64.38463548471387
0.6107,64.47609093284558
0.6127,64.51528612490202
0.6146,64.55448131695846
0.6149,64.63287170107134
0.615,64.71126208518422
0.6159,64.75045727724066
0.6173,64.76352234125947
0.6178,64.77658740527829
0.6183,64.80271753331591
0.6185,64.82884766135354
0.619,64.84191272537235
0.6197,64.86804285340997
0.6201,64.88110791742879
0.6208,64.90723804546641
0.6213,64.95949830154167
0.6222,64.99869349359811
0.6233,65.10321400574864
0.624,65.14240919780508
0.6244,65.1685393258427
0.6249,65.2599947739744
0.6251,65.2730598379932
0.626,65.3514502221061
0.6266,65.3645152861249
0.6277,65.37758035014372
0.628,65.39064541416253
0.6283,65.40371047818134
0.6288,65.42984060621897
0.6304,65.54742618238829
0.6312,65.56049124640711
0.6334,65.59968643846355
0.6338,65.62581656650117
0.6339,65.63888163051999
0.6344,65.6519466945388
0.6354,65.71727201463288
0.6361,65.7434021426705
0.6364,65.78259733472694
0.6366,65.82179252678338
0.6367,65.86098771883982
0.6368,65.9263130389339
0.6369,65.9393781029527
0.6385,65.96550823099034
0.6395,66.00470342304678
0.64,66.05696367912202
0.6402,66.09615887117847
0.642,66.10922393519728
0.643,66.1222889992161
0.6435,66.17454925529135
0.6438,66.18761431931016
0.6451,66.21374444734779
0.6455,66.2268095113666
0.6459,66.23987457538541
0.6464,66.35746015155475
0.6465,66.39665534361119
0.6467,66.40972040763
0.6468,66.44891559968644
0.6472,66.48811079174288
0.6473,66.5011758557617
0.6483,66.54037104781814
0.6493,66.56650117585576
0.65,67.65090148941731
0.6504,67.66396655343611
0.6516,67.69009668147375
0.6533,67.71622680951137
0.6536,67.72929187353019
0.6538,67.742356937549
0.6541,67.75542200156781
0.6556,67.76848706558663
0.6559,67.8468774496995
0.6566,67.85994251371832
0.6575,67.89913770577476
0.6581,67.92526783381238
0.6582,67.95139796185
0.6593,67.96446302586882
0.6609,67.97752808988764
0.6611,68.01672328194408
0.6642,68.0428534099817
0.6645,68.05591847400052
0.6646,68.08204860203814
0.665,68.09511366605696
0.6659,68.12124379409458
0.6669,68.14737392213222
0.6672,68.16043898615104
0.6673,68.19963417820748
0.6685,68.2257643062451
0.6692,68.23882937026391
0.6702,68.25189443428272
0.6705,68.26495949830154
0.6706,68.27802456232035
0.671,68.33028481839561
0.6724,68.34334988241443
0.6727,68.35641494643325
0.6735,68.38254507447087
0.6739,68.39561013848969
0.675,68.42174026652731
0.6754,68.46093545858375
0.6756,68.513195714659
0.676,68.52626077867782
0.6773,68.53932584269663
0.6781,68.57852103475307
0.6784,68.6177162268095
0.6792,68.68304154690358
0.6794,68.7091716749412
0.68,68.74836686699764
0.6806,68.77449699503528
0.6813,68.78756205905408
0.6814,68.8006271230729
0.6824,68.83982231512934
0.6826,68.85288737914816
0.683,68.9051476352234
0.6836,68.91821269924223
0.6843,68.93127776326105
0.6847,68.95740789129867
0.6858,68.97047295531749
0.6861,68.99660308335511
0.6882,69.02273321139273
0.6889,69.08805853148681
0.6892,69.11418865952443
0.6898,69.12725372354325
0.6901,69.14031878756207
0.6911,69.15338385158087
0.6917,69.1795139796185
0.6921,69.20564410765613
0.6936,69.23177423569375
0.6945,69.24483929971257
0.6947,69.25790436373138
0.6952,69.29709955578782
0.6955,69.31016461980664
0.6966,69.32322968382545
0.6976,69.36242487588189
0.6985,69.3754899399007
0.6991,69.38855500391952
0.6994,69.41468513195714
0.6995,69.42775019597596
0.703,69.45388032401358
0.7039,69.4669453880324
0.707,69.53227070812646
0.7084,69.54533577214528
0.7089,69.5584008361641
0.709,69.57146590018291
0.7093,69.58453096420173
0.7096,69.59759602822054
0.71,69.61066109223935
0.7107,69.62372615625817
0.7124,69.67598641233343
0.7151,69.70211654037105
0.7154,69.71518160438987
0.718,69.72824666840867
0.719,69.76744186046511
0.7196,69.79357198850275
0.72,69.81970211654037
0.7206,69.845832244578
0.721,69.85889730859681
0.7213,69.87196237261563
0.7214,69.93728769270969
0.7219,69.96341782074732
0.7221,69.97648288476613
0.7231,69.98954794878495
0.7246,70.00261301280376
0.7255,70.01567807682257
0.7259,70.02874314084139
0.7272,70.0418082048602
0.7282,70.08100339691664
0.7287,70.10713352495426
0.7295,70.1332636529919
0.7316,70.1463287170107
0.7325,70.15939378102952
0.7365,70.27697935719885
0.7366,70.3161745492553
0.7368,70.34230467729292
0.7392,70.35536974131173
0.7403,70.38149986934937
0.7425,70.39456493336817
0.7447,70.42069506140581
0.745,70.43376012542461
0.7451,70.44682518944343
0.7452,70.45989025346225
0.7469,70.47295531748105
0.7477,70.48602038149987
0.7486,70.51215050953749
0.75,70.55134570159393
0.7516,70.56441076561275
0.7518,70.59054089365037
0.7521,70.60360595766919
0.7526,70.7081264698197
0.7534,70.7211915338385
0.7544,70.73425659785732
0.7546,70.74732166187614
0.7548,70.76038672589495
0.7558,70.77345178991376
0.7576,70.78651685393258
0.7618,70.82571204598902
0.7638,70.8910373660831
0.7643,70.90410243010191
0.765,70.91716749412072
0.7654,70.94329762215835
0.7659,70.96942775019598
0.7661,71.03475307029005
0.768,71.07394826234649
0.7698,71.0870133263653
0.7715,71.10007839038411
0.7717,71.15233864645937
0.7719,71.16540371047819
0.7735,71.19153383851581
0.7752,71.20459890253463
0.7764,71.23072903057225
0.7766,71.24379409459107
0.7772,71.25685915860987
0.778,71.2829892866475
0.7782,71.34831460674157
0.7801,71.36137967076039
0.7805,71.3744447347792
0.7824,71.41363992683564
0.7829,71.43977005487326
0.7834,71.45283511889208
0.7845,71.46590018291089
0.7848,71.47896524692972
0.7849,71.50509537496734
0.7856,71.57042069506142
0.7882,71.62268095113666
0.789,71.6488110791743
0.7893,71.6618761431931
0.7896,71.67494120721192
0.7906,71.68800627123073
0.7909,71.71413639926836
0.7924,71.74026652730599
0.7927,71.7533315913248
0.7942,71.79252678338123
0.7953,71.80559184740005
0.7961,71.81865691141887
0.7969,71.83172197543767
0.7983,71.84478703945649
0.7989,71.85785210347531
0.7994,71.87091716749411
0.7997,71.91011235955057
0.7999,71.949307551607
0.8,72.0538280637575
0.8008,72.10608831983276
0.8017,72.28899921609616
0.8033,72.30206428011498
0.8034,72.3151293441338
0.8041,72.3281944081526
0.8065,72.36738960020904
0.807,72.39351972824667
0.8114,72.68095113666057
0.8121,72.69401620067939
0.8129,72.72014632871701
0.8133,72.73321139273583
0.8138,72.74627645675463
0.8143,72.77240658479226
0.8159,72.7985367128299
0.8166,72.8116017768487
0.8168,72.9030572249804
0.8181,72.91612228899922
0.8186,72.92918735301804
0.8214,73.13822837731905
0.8226,73.17742356937549
0.823,73.1904886333943
0.8237,73.20355369741311
0.8258,73.22968382545073
0.8259,73.24274888946955
0.828,73.25581395348837
0.8282,73.32113927358243
0.8291,73.33420433760125
0.8294,73.34726940162007
0.8298,73.36033446563887
0.8299,73.37339952965769
0.8312,73.38646459367651
0.8318,73.50405016984584
0.8327,73.51711523386464
0.8337,73.53018029788346
0.8338,73.60857068199634
0.8376,73.62163574601516
0.8387,73.64776587405278
0.8396,73.70002613012804
0.8426,73.80454664227855
0.8434,73.81761170629736
0.8445,73.84374183433499
0.8451,73.8568068983538
0.8453,73.86987196237261
0.8459,73.88293702639143
0.8469,73.94826234648549
0.8472,73.96132741050431
0.8484,73.97439247452311
0.849,73.98745753854193
0.8502,74.00052260256075
0.8518,74.05278285863601
0.8527,74.07891298667364
0.8529,74.10504311471126
0.8538,74.44473477920042
0.8567,74.48392997125686
0.857,74.56232035536974
0.8575,74.57538541938855
0.8577,74.60151554742617
0.8597,74.62764567546381
0.8601,74.64071073948261
0.8602,74.66684086752025
0.8647,74.67990593153907
0.865,74.69297099555789
0.8654,74.9020120198589
0.8675,74.96733733995296
0.8681,74.9934674679906
0.8684,75.07185785210348
0.8695,75.0979879801411
0.8714,75.12411810817873
0.8738,75.13718317219754
0.8745,75.16331330023517
0.8758,75.21557355631042
0.8761,75.22863862032924
0.8766,75.24170368434805
0.8769,75.35928926051739
0.8776,75.39848445257383
0.8784,75.42461458061145
0.8806,75.45074470864907
0.8826,75.46380977266789
0.8833,75.50300496472433
0.8835,75.54220015678077
0.8837,75.55526522079958
0.8854,75.60752547687484
0.8862,75.63365560491246
0.8864,75.64672066893128
0.8868,75.73817611706298
0.8885,75.75124118108178
0.8898,75.77737130911942
0.8902,75.80350143715704
0.8903,75.81656650117586
0.8929,75.84269662921348
0.8961,75.8557616932323
0.8974,75.89495688528874
0.8991,75.93415207734517
0.8998,76.02560752547689
0.9007,76.03867258949569
0.9015,76.06480271753333
0.902,76.07786778155213
0.9032,76.09093284557095
0.9035,76.10399790958976
0.9051,76.16932322968383
0.9072,76.18238829370264
0.9073,76.2346485497779
0.9083,76.31303893389078
0.9088,76.32610399790958
0.9097,76.3391690619284
0.9116,76.41755944604128
0.9117,76.4306245100601
0.9124,76.45675463809772
0.9141,76.48288476613536
0.9156,76.49594983015416
0.9173,76.5220799581918
0.9193,76.5351450222106
0.9228,76.54821008622942
0.9239,76.58740527828586
0.9251,76.61353540632349
0.9277,76.62660047034231
0.9278,76.63966553436113
0.93,76.66579566239875
0.9307,76.71805591847401
0.9341,76.73112098249281
0.9351,76.75725111053045
0.9353,76.78338123856807
0.9364,76.79644630258689
0.9366,76.82257643062451
0.9371,76.84870655866214
0.9375,76.87483668669977
0.9404,76.88790175071858
0.9427,76.92709694277502
0.9464,76.94016200679383
0.9472,77.03161745492552
0.9491,77.04468251894434
0.9499,77.07081264698196
0.9524,77.12307290305722
0.9538,77.16226809511366
0.9559,77.22759341520774
0.9571,77.24065847922654
0.9575,77.25372354324537
0.9587,77.26678860726417
0.9613,77.27985367128299
0.9621,77.29291873530181
0.9625,77.34517899137707
0.9627,77.35824405539587
0.9628,77.37130911941469
0.9637,77.38437418343351
0.9647,77.42356937548995
0.9654,77.43663443950875
0.9681,77.52808988764045
0.9698,77.54115495165927
0.97,77.55422001567808
0.9704,77.56728507969689
0.9708,77.64567546380977
0.9721,77.69793571988502
0.9725,77.72406584792265
0.9735,77.73713091194146
0.9747,77.7632610399791
0.9758,77.80245623203554
0.976,77.88084661614842
0.9783,77.92004180820487
0.9794,77.9461719362425
0.9832,77.98536712829893
0.9862,78.08988764044943
0.9864,78.11601776848707
0.9891,78.12908283250589
0.9894,78.15521296054351
0.9899,78.16827802456233
0.9909,78.19440815259995
0.9914,78.22053828063757
0.9933,78.23360334465639
0.9934,78.32505879278808
0.9935,78.3381238568069
0.995,78.3511889208257
0.9954,78.4426443689574
0.9961,78.48183956101384
0.9999,78.49490462503266
1.0,78.69088058531487
1.0013,78.70394564933369
1.0014,78.7170107133525
1.0015,78.73007577737131
1.0042,78.76927096942775
1.0061,78.82153122550301
1.0065,78.86072641755945
1.008,78.87379148157827
1.0093,78.93911680167233
1.0095,78.95218186569114
1.0113,78.96524692970995
1.0115,78.97831199372877
1.0128,78.99137705774758
1.0156,79.00444212176639
1.0186,79.03057224980402
1.0204,79.04363731382283
1.0227,79.05670237784165
1.023,79.06976744186046
1.0235,79.1089626339169
1.0243,79.12202769793572
1.025,79.40945910634963
1.0254,79.42252417036843
1.0255,79.43558923438725
1.0259,79.44865429840607
1.026,79.47478442644369
1.0269,79.48784949046251
1.0287,79.50091455448131
1.0298,79.51397961850013
1.0303,79.52704468251895
1.0338,79.65769532270708
1.0346,79.6838254507447
1.0366,79.69689051476352
1.0386,79.70995557878233
1.0395,79.74915077083877
1.044,79.76221583485759
1.0448,79.7883459628952
1.0449,79.80141102691402
1.0467,79.84060621897048
1.0471,79.8536712829893
1.0483,79.8667363470081
1.049,79.87980141102692
1.0511,79.89286647504574
1.053,79.94512673112098
1.0538,79.97125685915861
1.0558,79.98432192317743
1.0571,80.20642801149725
1.0582,80.21949307551607
1.0607,80.24562320355369
1.063,80.27175333159133
1.0633,80.45466422785472
1.0636,80.46772929187354
1.0656,80.48079435589234
1.0684,80.49385941991116
1.0687,80.5330546119676
1.0709,80.54611967598642
1.0719,80.55918474000524
1.0734,80.57224980402404
1.0755,80.59837993206168
1.0762,80.61144499608048
1.0784,80.6245100600993
1.083,80.63757512411811
1.0839,80.70290044421218
1.0851,80.74209563626862
1.0855,80.75516070028743
1.0859,80.76822576430625
1.0904,80.78129082832506
1.0922,80.79435589234387
1.0923,80.93807159655083
1.0935,80.96420172458845
1.0954,81.16017768487066
1.0956,81.18630781290828
1.0981,81.22550300496472
1.0986,81.23856806898354
1.0995,81.25163313300236
1.1004,81.27776326103998
1.1034,81.2908283250588
1.105,81.30389338907761
1.1065,81.31695845309642
1.1074,81.3822837731905
1.1103,81.40841390122812
1.1128,81.43454402926574
1.1162,81.486804285341
1.1202,81.52599947739743
1.1216,81.53906454141625
1.125,81.55212960543507
1.1265,81.56519466945387
1.1304,81.66971518160439
1.1306,81.68278024562319
1.131,81.83956101384896
1.1315,81.85262607786778
1.1354,81.87875620590542
1.1358,81.89182126992422
1.1379,81.93101646198066
1.138,82.00940684609354
1.1402,82.02247191011236
1.1426,82.03553697413118
1.1491,82.04860203815
1.1533,82.0616671021688
1.1534,82.07473216618762
1.155,82.08779723020643
1.1556,82.10086229422524
1.1563,82.20538280637575
1.1587,82.23151293441337
1.161,82.257643062451
1.1648,82.28377319048863
1.1676,82.32296838254507
1.1679,82.34909851058269
1.1681,82.37522863862033
1.1688,82.45361902273322
1.17,82.46668408675202
1.1738,82.55813953488372
1.1765,82.57120459890254
1.1771,82.58426966292134
1.1785,82.59733472694016
1.1822,82.61039979095898
1.1832,82.6234648549778
1.1836,82.6365299189966
1.1851,82.64959498301542
1.1936,82.75411549516592
1.196,82.76718055918474
1.1963,82.78024562320356
1.1973,82.80637575124118
1.1991,82.83250587927881
1.2012,82.84557094329762
1.203,82.85863600731643
1.2112,82.88476613535406
1.212,82.93702639142931
1.2128,82.95009145544813
1.2162,82.96315651946693
1.2191,83.00235171152337
1.2216,83.13300235171153
1.2225,83.15913247974916
1.2246,83.22445779984322
1.2253,83.23752286386204
1.2255,83.27671805591848
1.2273,83.31591324797492
1.23,83.40736869610662
1.2327,83.42043376012542
1.2347,83.43349882414424
1.2399,83.44656388816306
1.2402,83.59027959237
1.2405,83.60334465638881
1.2485,83.62947478442644
1.249,83.66866997648289
1.2513,83.6817350405017
1.2515,83.69480010452051
1.2528,83.74706036059577
1.2555,83.7731904886334
1.2572,83.78625555265221
1.2577,83.81238568068984
1.2583,83.89077606480272
1.2584,83.90384112882153
1.2668,83.91690619284034
1.2679,83.92997125685916
1.2697,83.94303632087798
1.2707,84.08675202508492
1.2728,84.09981708910374
1.2754,84.1651424091978
1.2777,84.17820747321662
1.2783,84.21740266527306
1.2801,84.23046772929187
1.2811,84.2565978573295
1.2851,84.26966292134831
1.2856,84.28272798536712
1.2875,84.29579304938595
1.2896,84.30885811340477
1.2923,84.33498824144239
1.295,84.36111836948001
1.2977,84.37418343349883
1.3018,84.40031356153645
1.3028,84.41337862555527
1.3036,84.51789913770578
1.3057,84.53096420172459
1.3058,84.5440292657434
1.3067,84.55709432976222
1.3071,84.59628952181866
1.3113,84.62241964985628
1.3133,84.67467990593154
1.3161,84.68774496995036
1.3189,84.7400052260256
1.3194,84.77920041808204
1.3206,84.79226548210086
1.322,84.80533054611968
1.3226,84.8314606741573
1.3236,84.84452573817612
1.3253,84.85759080219492
1.3271,84.87065586621374
1.33,84.88372093023256
1.3306,84.89678599425136
1.3309,84.90985105827018
1.3326,84.922916122289
1.3352,84.93598118630781
1.3366,84.94904625032663
1.3395,85.07969689051477
1.3404,85.10582701855239
1.342,85.2103475307029
1.3498,85.22341259472171
1.3617,85.23647765874053
1.3623,85.26260778677816
1.3638,85.27567285079697
1.367,85.28873791481578
1.3762,85.32793310687222
1.3772,85.35406323490984
1.3787,85.45858374706036
1.3789,85.48471387509798
1.3848,85.4977789391168
1.3849,85.57616932322968
1.3857,85.5892343872485
1.3872,85.60229945126731
1.3908,85.61536451528613
1.3943,85.62842957930495
1.3965,85.65455970734257
1.4019,85.66762477136139
1.4029,85.68068983538019
1.4073,85.71988502743663
1.4077,85.73295009145545
1.4125,85.74601515547427
1.4174,85.75908021949307
1.4176,85.83747060360596
1.4221,85.8766657956624
1.427,85.88973085968121
1.4294,85.92892605173765
1.432,85.94199111575647
1.4365,85.99425137183172
1.4426,86.03344656388816
1.4451,86.04651162790698
1.4453,86.0726417559446
1.4458,86.08570681996342
1.448,86.09877188398222
1.4514,86.11183694800104
1.4537,86.12490201201986
1.4654,86.13796707603866
1.4706,86.15103214005748
1.4729,86.1640972040763
1.4748,86.20329239613274
1.4751,86.24248758818919
1.476,86.255552652208
1.4802,86.26861771622681
1.4839,86.28168278024563
1.4854,86.34700810033969
1.4878,86.37313822837733
1.4902,86.38620329239613
1.4905,86.46459367650901
1.4924,86.47765874052783
1.5,86.49072380454665
1.5002,86.50378886856545
1.5012,86.51685393258427
1.502,86.52991899660309
1.5048,86.55604912464071
1.5095,86.56911418865953
1.5138,86.60830938071597
1.5145,86.62137444473478
1.5156,86.63443950875359
1.5181,86.67363470081003
1.5356,86.71282989286647
1.5424,86.7389600209041
1.5428,86.7520250849229
1.5485,86.76509014894172
1.5541,86.80428534099816
1.5558,86.81735040501698
1.5604,86.8304154690358
1.5656,86.8434805330546
1.5687,86.86961066109224
1.5709,86.88267572511106
1.5761,86.89574078912987
1.5811,86.93493598118631
1.5833,86.94800104520513
1.5854,86.97413117324275
1.5859,87.02639142931801
1.5906,87.07865168539325
1.5915,87.13091194146851
1.5952,87.15704206950615
1.5992,87.17010713352495
1.6001,87.18317219754377
1.6039,87.19623726156259
1.6081,87.22236738960021
1.6112,87.26156258165665
1.6119,87.30075777371309
1.6122,87.33995296576953
1.6135,87.39221322184478
1.6161,87.4183433498824
1.6206,87.43140841390122
1.6305,87.44447347792004
1.6422,87.45753854193885
1.6477,87.47060360595766
1.6508,87.53592892605174
1.6543,87.54899399007056
1.6568,87.56205905408937
1.6626,87.57512411810818
1.6654,87.588189182127
1.6667,87.61431931016462
1.6724,87.62738437418344
1.676,87.64044943820225
1.6779,87.66657956623988
1.6831,87.6796446302587
1.6835,87.69270969427751
1.6859,87.74496995035275
1.6931,87.75803501437157
1.7015,87.81029527044683
1.7036,87.91481578259733
1.7112,87.96707603867259
1.7153,87.99320616671021
1.7194,88.04546642278547
1.721,88.07159655082309
1.7233,88.24144238306768
1.7308,88.29370263914294
1.7344,88.359027959237
1.7577,88.37209302325581
1.7686,88.47661353540633
1.7715,88.48967859942513
1.7739,88.50274366344395
1.7764,88.51580872746277
1.7789,88.52887379148157
1.7793,88.54193885550039
1.7814,88.56806898353801
1.7862,88.58113404755683
1.7908,88.62032923961327
1.7936,88.63339430363209
1.7973,88.64645936765089
1.7994,88.68565455970734
1.8015,88.69871962372615
1.8035,88.71178468774497
1.8055,88.72484975176378
1.8074,88.73791481578259
1.8126,88.7509798798014
1.8131,88.77711000783903
1.8149,88.86856545597074
1.8167,88.88163051998956
1.8184,88.89469558400836
1.8239,88.90776064802718
1.8291,88.920825712046
1.8342,88.98615103214006
1.8368,88.99921609615888
1.8391,89.05147635223413
1.8437,89.07760648027175
1.8525,89.10373660830938
1.8567,89.1168016723282
1.8607,89.12986673634701
1.8646,89.14293180036582
1.8684,89.18212699242225
1.872,89.19519205644107
1.8755,89.23438724849751
1.8789,89.29971256859159
1.8822,89.39116801672327
1.8854,89.43036320877972
1.8886,89.61327410504312
1.8916,89.62633916906194
1.8945,89.74392474523125
1.8974,89.7831199372877
1.9222,89.8876404494382
1.9265,89.90070551345701
1.9307,89.92683564149463
1.9365,89.93990070551345
1.939,89.96603083355109
1.9402,90.03135615364515
1.942,90.0705513457016
1.9438,90.0836164097204
1.9472,90.10974653775804
1.9505,90.13587666579566
1.9521,90.1750718578521
1.9537,90.18813692187092
1.9568,90.22733211392736
1.9597,90.29265743402142
1.9612,90.31878756205906
1.9626,90.34491769009668
1.9744,90.3579827541155
1.988,90.37104781813431
2.0,90.7368696106611
2.0038,90.7499346746799
2.0047,90.76299973869872
2.0526,90.77606480271754
2.0572,90.78912986673635
2.0616,90.80219493075516
2.0736,90.8413901228116
2.0841,90.95897569898092
2.0872,91.0373660830938
2.0903,91.1288215312255
2.0933,91.16801672328194
2.0961,91.18108178730076
2.0988,91.24640710739482
2.1014,91.25947217141363
2.104,91.28560229945126
2.1064,91.36399268356415
2.1088,91.39012281160178
2.1111,91.4162529396394
2.1133,91.49464332375229
2.1155,91.57303370786516
2.1176,91.66448915599686
2.1196,91.78207473216618
2.1215,91.86046511627907
2.1234,92.06950614058009
2.1253,92.2785471648811
2.1271,92.38306767703162
2.1288,92.39613274105042
2.1306,92.43532793310688
2.1322,92.4614580611445
2.1385,92.47452312516332
2.14,92.50065325320094
2.1414,92.565978573295
2.1455,92.57904363731382
2.1468,92.7488894695584
2.1481,92.77501959759603
2.1494,92.81421478965247
2.1506,92.86647504572773
2.1518,92.91873530180298
2.153,93.08858113404756
2.1541,93.31068722236739
2.1553,93.45440292657435
2.1564,93.55892343872485
2.1575,93.6111836948001
2.1586,93.62424875881892
2.1596,93.66344395087536
2.1606,93.71570420695062
2.1617,93.82022471910112
2.1626,93.83328978311994
2.1636,93.87248497517638
2.1646,93.99007055134571
2.1655,94.05539587143977
2.1665,94.06846093545859
2.1674,94.21217663966553
2.17,94.22524170368435
2.1726,94.23830676770316
2.1772,94.25137183172197
2.1802,94.26443689574079
2.1943,94.2775019597596
2.394,99.58191795139795
2.5,99.68643846354848
2.52,99.83015416775542
2.75,99.93467467990594
3.0,99.96080480794356
4.0,99.97386987196238
25.2,100.0
