0.0584,0.0028982986986638842
0.0585,0.0057965973973277685
0.0586,0.008694896095991653
0.0587,0.011593194794655537
0.0588,0.03188128568530273
0.0589,0.052169376575949916
0.059,0.057965973973277685
0.0591,0.0724574674665971
0.0592,0.08115236356258876
0.0593,0.08694896095991653
0.0594,0.09854215575457208
0.0595,0.11593194794655537
0.0596,0.13911833753586644
0.0597,0.15071153233052198
0.0598,0.16810132452250529
0.0599,0.19418601281048026
0.06,0.22606729849578297
0.0601,0.23766049329043853
0.0602,0.25215198678375794
0.0603,0.2840332724690607
0.0604,0.33040605164768283
0.0605,0.37967712952496885
0.0606,0.41445671390893546
0.0607,0.4637277917862215
0.0608,0.5216937657594992
0.0609,0.5593716488421296
0.061,0.6028461293220879
0.0611,0.6666087006926934
0.0612,0.7448627655566182
0.0613,0.8115236356258876
0.0614,0.8578964148045096
0.0615,0.9129640900791236
0.0616,0.9651334666550734
0.0617,0.9883198562443846
0.0618,1.0288960380256789
0.0619,1.0694722198069733
0.062,1.1332347911775789
0.0621,1.1651160768628814
0.0622,1.1940990638495204
0.0623,1.2172854534388313
0.0624,1.2259803495348232
0.0625,1.2346752456308145
0.0626,1.2462684404254702
0.0627,1.2868446222067647
0.0628,1.3361157000840507
0.0629,1.3969799727559922
0.063,1.4375561545372868
0.0631,1.45494594672927
0.0632,1.4752340376199171
0.0633,1.4926238298119006
0.0634,1.501318725907892
0.0635,1.5071153233052197
0.0636,1.5129119207025477
0.0637,1.5187085180998754
0.0638,1.5216068167985393
0.0639,1.5418949076891864
0.064,1.5650812972784973
0.0641,1.5940642842651362
0.0643,1.608555777758456
0.0644,1.625945569950439
0.0645,1.6462336608410864
0.0646,1.6694200504303973
0.0648,1.681013245225053
0.0649,1.683911543923717
0.065,1.6926064400197085
0.0651,1.7215894270063474
0.0653,1.7273860244036752
0.0654,1.730284323102339
0.0657,1.733182621801003
0.0658,1.7389792191983307
0.0659,1.756369011390314
0.066,1.773758803582297
0.0661,1.776657102280961
0.0662,1.7795554009796248
0.0663,1.7824536996782887
0.0664,1.7940468944729444
0.0665,1.8114366866649276
0.0669,1.8230298814595831
0.067,1.8462162710488943
0.0671,1.8636060632408777
0.0672,1.8723009593368694
0.0673,1.8925890502275162
0.0674,1.9099788424195
0.0675,1.950555024200794
0.0677,1.9592499202967857
0.0678,1.979538011187433
0.0679,1.9911312059820885
0.068,2.101266556531316
0.0682,2.153435933107266
0.0683,2.202707010984552
0.0684,2.228791699272527
0.0685,2.2722661797524855
0.0686,2.330232153725763
0.0687,2.3881981276990407
0.0688,2.4519606990696463
0.0689,2.527316465234907
0.069,2.6142654261948235
0.0691,2.683824594962757
0.0692,2.75338376373069
0.0693,2.837434425991943
0.0694,2.904095296061212
0.0695,2.9997391531171202
0.0696,3.0924847114743645
0.0697,3.167840477639625
0.0698,3.257687737298206
0.0699,3.3446366982581224
0.07,3.4199924644233834
0.0701,3.5098397240819637
0.0702,3.6344665681245107
0.0703,3.7735849056603774
0.0704,4.077906269020085
0.0706,4.254702489638582
0.0707,4.376431034982466
0.0708,4.538735762107643
0.0709,4.866243515056662
0.0711,5.028548242181839
0.0712,5.187954670608353
0.0713,5.309683215952235
0.0714,5.480682839173405
0.0716,5.576326696229313
0.0717,5.669072254586557
0.0718,5.776309306437121
0.0719,5.8777497608903575
0.072,6.002376604932905
0.0721,6.106715358084804
0.0722,6.2197490073326955
0.0723,6.312494565689939
0.0724,6.4139350201431755
0.0725,6.5124771758977475
0.0726,6.640002318638959
0.0727,6.773324058777498
0.0728,6.88635770802539
0.0729,7.010984552067937
0.073,7.132713097411819
0.0731,7.271831434947686
0.0732,7.396458278990233
0.0733,7.489203837347477
0.0734,7.567457902211403
0.0735,7.651508564472655
0.0736,7.738457525432571
0.0737,7.845694577283135
0.0738,8.112338057560212
0.074,8.257252992493406
0.0741,8.373184940439963
0.0742,8.471727096194535
0.0743,8.677506303799671
0.0745,8.793438251746224
0.0746,8.897777004898124
0.0747,9.057183433324639
0.0748,9.190505173463178
0.0749,9.375996290177666
0.075,9.523809523809524
0.0751,9.703504043126685
0.0752,9.839724081963887
0.0753,9.978842419499752
0.0754,10.086079471350317
0.0755,10.17882502970756
0.0756,10.28316378285946
0.0757,10.401994029504682
0.0758,10.515027678752572
0.0759,10.630959626699129
0.076,10.75268817204301
0.0761,10.891806509578878
0.0762,11.004840158826768
0.0763,11.106280613280004
0.0764,11.204822769034577
0.0765,11.300466626090484
0.0766,11.465669651914325
0.0767,11.741008028287395
0.0769,11.91490595020723
0.077,12.097498768223053
0.0771,12.262701794046894
0.0772,12.613395936585226
0.0774,12.761209170217084
0.0775,12.906124105150276
0.0776,13.056835637480798
0.0777,13.468394052691071
0.0779,13.697359649885518
0.078,13.929223545778626
0.0781,14.137901052082427
0.0782,14.381358142770193
0.0783,14.57264585688201
0.0784,14.732052285308525
0.0785,14.88566211633771
0.0786,15.04217024606556
0.0787,15.16389879140944
0.0788,15.300118830246646
0.0789,15.43633886908385
0.079,15.566762310523721
0.0791,15.708778946758253
0.0792,15.8334057908008
0.0793,15.972524128336666
0.0794,16.065269686693913
0.0795,16.181201634640466
0.0796,16.424658725328232
0.0798,16.543488971973453
0.0799,16.67681071211199
0.08,16.873895023621134
0.0801,17.16952149088485
0.0803,17.308639828420716
0.0804,17.43906326986059
0.0805,17.552096919108486
0.0806,17.80424890589224
0.0808,17.90858765904414
0.0809,18.010028113497377
0.081,18.12306176274527
0.0811,18.238993710691823
0.0812,18.404196736515665
0.0813,18.54331507405153
0.0814,18.656348723299423
0.0815,18.789670463437965
0.0816,18.93748369706982
0.0817,19.09399182679767
0.0818,19.24470335912819
0.0819,19.38671999536272
0.082,19.505550242007942
0.0821,19.641770280845144
0.0822,19.754803930093033
0.0823,19.87943077413558
0.0824,20.02434570906878
0.0825,20.19824363098861
0.0826,20.35765005941512
0.0827,20.51415818914297
0.0828,20.650378227980177
0.0829,20.792394864214707
0.083,21.096716227574415
0.0832,21.232936266411617
0.0833,21.374952902646147
0.0834,21.508274642784684
0.0835,21.711155551691157
0.0837,21.783613019157755
0.0838,21.876358577515
0.0839,21.992290525461556
0.084,22.244442512245314
0.0842,22.34588296669855
0.0843,22.473408109439756
0.0844,22.59803495348231
0.0845,22.71976349882619
0.0846,22.853085238964727
0.0847,22.969017186911284
0.0848,23.084949134857837
0.0849,23.215372576297714
0.085,23.357389212532244
0.0851,23.493609251369445
0.0852,23.624032692809322
0.0853,23.766049329043852
0.0854,23.870388082195753
0.0855,23.966031939251657
0.0856,24.08776048459554
0.0857,24.235573718227403
0.0858,24.39208184795525
0.0859,24.632640639944352
0.0861,24.751470886589573
0.0862,24.87030113323479
0.0863,25.000724574674667
0.0864,25.281859548445063
0.0866,25.455757470364897
0.0867,25.65863837927137
0.0868,25.847027794684518
0.0869,26.186128742428195
0.0871,26.380314755238675
0.0872,26.583195664145148
0.0873,26.73680549517433
0.0874,26.916500014491497
0.0875,27.075906442918008
0.0876,27.241109468741847
0.0877,27.449786975045647
0.0878,27.617888299568154
0.0879,27.797582818885314
0.088,28.003362026490453
0.0881,28.171463351012953
0.0882,28.377242558618093
0.0883,28.583021766223226
0.0884,28.71924180506043
0.0885,28.93951250615888
0.0886,29.156884908558677
0.0887,29.293104947395875
0.0888,29.47279946671304
0.0889,29.69886676520882
0.089,29.829290206648697
0.0891,29.977103440280555
0.0892,30.17128945309104
0.0893,30.524881894328033
0.0895,30.69008492015187
0.0896,30.92194881604498
0.0897,31.08715184186882
0.0898,31.443642581804482
0.09,31.626235399820306
0.0901,31.736370750369534
0.0902,31.936353360577343
0.0903,32.23197982784106
0.0905,32.452250528939516
0.0906,32.68701272353129
0.0907,32.878300437643105
0.0908,33.098571138741555
0.0909,33.27246906066139
0.091,33.45506187867721
0.0911,33.657942787583686
0.0912,33.826044112106196
0.0913,33.94777265745007
0.0914,34.072399501492626
0.0915,34.23180592991914
0.0916,34.39990725444164
0.0917,34.55351708547083
0.0918,34.6926354230067
0.0919,34.849143552734546
0.092,35.04043126684636
0.0921,35.208532591368865
0.0922,35.62878590267513
0.0924,35.834565110280266
0.0925,36.03454772048808
0.0926,36.25192012288787
0.0927,36.611309161522186
0.0929,36.84027475871663
0.093,37.02576587543112
0.0931,37.21125699214561
0.0932,37.58223922557459
0.0934,37.779323537083734
0.0935,38.01408573167551
0.0936,38.17639045880068
0.0937,38.37347477030983
0.0938,38.53867779613367
0.0939,38.72416891284816
0.094,38.87777874387734
0.0941,39.10384604237313
0.0942,39.26325247079964
0.0943,39.3704895226502
0.0944,39.55018404196737
0.0945,39.66031939251659
0.0946,39.79943773005246
0.0947,39.90957308060168
0.0948,40.09796249601484
0.0949,40.2457757296467
0.095,40.35301278149726
0.0951,40.53560559951308
0.0952,40.58777497608904
0.0953,40.76167289800887
0.0954,40.95875720951801
0.0955,41.02541807958728
0.0956,41.303654754659014
0.0958,41.4978407674695
0.0959,41.61087441671739
0.096,41.8021621308292
0.0961,42.10358519549025
0.0963,42.27458481871141
0.0964,42.3963133640553
0.0965,42.58760107816711
0.0966,42.90641393502014
0.0968,43.03973567515868
0.0969,43.17885401269455
0.097,43.346955337217054
0.0971,43.451294090368954
0.0972,43.63388690838478
0.0973,43.72663246674202
0.0974,43.871547401675215
0.0975,44.03675042749906
0.0976,44.190360258528244
0.0977,44.335275193461435
0.0978,44.47149523229864
0.0979,44.619308465930494
0.098,44.73234211517839
0.0981,44.891748543604905
0.0982,45.03956177723676
0.0983,45.172883517375304
0.0984,45.28881546532186
0.0985,45.61922151696954
0.0987,45.77862794539605
0.0988,45.946729269918556
0.0989,46.059762919166445
0.099,46.32640639944353
0.0992,46.45972813958206
0.0993,46.60464307451526
0.0994,46.761151204243106
0.0995,47.04518447671217
0.0997,47.19009941164536
0.0998,47.33211604787989
0.0999,47.459641190621106
0.1,47.601657826855636
0.1001,47.74657276178883
0.1002,47.891487696722024
0.1003,48.08857200823117
0.1004,48.25957163145234
0.1005,48.36680868330291
0.1006,48.57258789090804
0.1007,48.691418137553256
0.1008,48.85082456597977
0.1009,48.978349708720984
0.101,49.155145929339476
0.1011,49.28846766947802
0.1012,49.427586007013886
0.1013,49.56960264324841
0.1014,49.69712778598962
0.1015,49.859432513114804
0.1016,49.969567863664025
0.1017,50.11738109729589
0.1018,50.291279019215715
0.1019,50.61299017476741
0.1021,50.78109149928992
0.1022,50.943396226415096
0.1023,51.08831116134829
0.1024,51.236124394980145
0.1025,51.36364953772136
0.1026,51.50566617395589
0.1027,51.63898791409443
0.1028,51.7694113555343
0.1029,51.92881778396081
0.103,52.05344462800336
0.1031,52.16647827725125
0.1032,52.30559661478712
0.1033,52.44471495232299
0.1034,52.59252818595485
0.1035,52.754832913080016
0.1036,52.90554444541055
0.1037,53.04756108164508
0.1038,53.21856070486625
0.1039,53.35188244500478
0.104,53.47650928904733
0.1041,53.61272932788454
0.1042,53.71416978233777
0.1043,53.85038982117497
0.1044,53.98950815871084
0.1045,54.154711184534676
0.1046,54.27064313248123
0.1047,54.444541054401064
0.1048,54.59815088543025
0.1049,54.74596411906211
0.105,54.861896067008665
0.1051,55.064776975915144
0.1052,55.212590209546995
0.1053,55.42996261194679
0.1054,55.56328435208533
0.1055,55.713995884415844
0.1056,55.887893806335676
0.1057,56.06469002695418
0.1058,56.22119815668203
0.1059,56.38060458510854
0.106,56.52262122134307
0.1061,56.62116337709764
0.1062,56.82984088340144
0.1063,56.95446772744399
0.1064,57.13126394806248
0.1065,57.31095846737965
0.1066,57.48775468799815
0.1067,57.62977132423267
0.1068,57.7486015708779
0.1069,57.925397791496394
0.107,58.04712633684027
0.1071,58.174651479581485
0.1072,58.2934817262267
0.1073,58.41521027157059
0.1074,58.551430310407795
0.1075,58.64997246616236
0.1076,58.80648059589021
0.1077,58.922412543836764
0.1078,59.01515810219401
0.1079,59.18325942671652
0.108,59.296293075964414
0.1081,59.43541141350027
0.1082,59.56583485494015
0.1083,59.69625829638002
0.1084,59.887546010491846
0.1085,60.073037127206334
0.1086,60.238240153030176
0.1087,60.362866997072715
0.1088,60.53966321769122
0.1089,60.69617134741907
0.109,60.83239138625627
0.1091,61.01788250297076
0.1092,61.14830594441063
0.1093,61.27583108715184
0.1094,61.43813581427702
0.1095,61.53957626873026
0.1096,61.67579630756745
0.1097,61.803321450308665
0.1098,61.93084659304988
0.1099,62.09315132017505
0.11,62.21487986551894
0.1101,62.31921861867084
0.1102,62.46413355360404
0.1103,62.55108251456395
0.1104,62.66991276120917
0.1105,62.79743790395038
0.1106,62.95974263107556
0.1107,63.08436947511811
0.1108,63.19450482566733
0.1109,63.327826565805864
0.111,63.455351708547084
0.1111,63.57708025389096
0.1112,63.701707097933514
0.1113,63.83502883807205
0.1114,63.97704547430658
0.1115,64.13355360403443
0.1116,64.23789235718633
0.1117,64.36251920122888
0.1118,64.47845114917543
0.1119,64.57989160362867
0.112,64.73929803205519
0.1121,64.80306060342579
0.1122,64.91899255137234
0.1123,65.01463640842825
0.1124,65.0841955771962
0.1125,65.2349071095267
0.1126,65.32765266788395
0.1127,65.42619482363853
0.1128,65.5392284728864
0.1129,65.637770628641
0.113,65.73631278439555
0.1131,65.83195664145147
0.1132,65.89861751152074
0.1133,66.03193925165928
0.1134,66.10729501782454
0.1135,66.22032866707242
0.1136,66.33626061501899
0.1137,66.4550908616642
0.1138,66.53044662782946
0.1139,66.66087006926934
0.114,66.77100541981856
0.1141,66.84346288728517
0.1142,66.93620844564241
0.1143,67.08691997797293
0.1144,67.14488595194621
0.1145,67.26081789989277
0.1146,67.40863113352462
0.1147,67.48398689968988
0.1148,67.58832565284179
0.1149,67.7564269773643
0.115,67.82598614613222
0.1151,67.94481639277744
0.1152,68.052053444628
0.1153,68.17957858736922
0.1154,68.27232414572646
0.1155,68.34478161319305
0.1156,68.4781033533316
0.1157,68.5650523142915
0.1158,68.63750978175811
0.1159,68.74184853491
0.116,68.81720430107528
0.1161,68.90415326203518
0.1162,68.99979711909108
0.1163,69.10123757354432
0.1164,69.1765933397096
0.1165,69.26354230066951
0.1166,69.39106744341072
0.1167,69.45483001478132
0.1168,69.5359823783439
0.1169,69.62872793670115
0.117,69.73596498855173
0.1171,69.82291394951163
0.1172,69.8982697156769
0.1173,69.99391357273281
0.1174,70.1069472219807
0.1175,70.19679448163927
0.1176,70.27794684520187
0.1177,70.34750601396979
0.1178,70.42576007883372
0.1179,70.49531924760166
0.118,70.56198011767093
0.1181,70.62574268904154
0.1182,70.71558994870011
0.1183,70.8054372083587
0.1184,70.9010810654146
0.1185,70.95614874068922
0.1186,71.04309770164913
0.1187,71.12425006521173
0.1188,71.19670753267832
0.1189,71.29235138973422
0.119,71.36191055850216
0.1191,71.43726632466742
0.1192,71.57058806480596
0.1193,71.65463872706721
0.1194,71.72999449323247
0.1195,71.85462133727502
0.1196,71.95316349302959
0.1197,72.03721415529084
0.1198,72.16763759673071
0.1199,72.22270527200533
0.12,72.36472190823986
0.1201,72.4748572587891
0.1202,72.54731472625568
0.1203,72.59658580413297
0.1204,72.71251775207953
0.1205,72.79077181694346
0.1206,72.88641567399937
0.1207,72.98205953105527
0.1208,73.05741529722053
0.1209,73.15016085557777
0.121,73.24290641393502
0.1211,73.34434686838826
0.1212,73.43999072544416
0.1213,73.52114308900676
0.1214,73.66605802393995
0.1215,73.71532910181723
0.1216,73.79358316668116
0.1217,73.88922702373706
0.1218,73.99356577688897
0.1219,74.10080282873953
0.122,74.11239602353419
0.1221,74.22542967278207
0.1222,74.25731095846739
0.1223,74.35875141292063
0.1224,74.42831058168855
0.1225,74.53264933484046
0.1226,74.63988638669102
0.1227,74.67756426977364
0.1228,74.82247920470684
0.1229,74.87175028258413
0.123,74.95580094484538
0.1231,75.002173724024
0.1232,75.10361417847723
0.1233,75.17607164594384
0.1234,75.25722400950642
0.1235,75.30069848998637
0.1236,75.40213894443961
0.1237,75.4601049184129
0.1238,75.53256238587949
0.1239,75.61661304814075
0.124,75.67747732081268
0.1241,75.7731211778686
0.1242,75.8281888531432
0.1243,75.91513781410312
0.1244,75.95861229458308
0.1245,76.05425615163898
0.1246,76.11222212561226
0.1247,76.17598469698287
0.1248,76.2455438657508
0.1249,76.32959452801205
0.125,76.39335709938267
0.1251,76.45711967075327
0.1252,76.5585601252065
0.1253,76.6310175926731
0.1254,76.66869547575573
0.1255,76.74694954061965
0.1256,76.8310002028809
0.1257,76.89766107295017
0.1258,77.00199982610208
0.1259,77.05416920267803
0.126,77.22227052720054
0.1261,77.28603309857114
0.1262,77.36428716343507
0.1263,77.44543952699765
0.1264,77.53528678665623
0.1265,77.60484595542417
0.1266,77.6744051241921
0.1267,77.74976089035735
0.1268,77.82511665652262
0.1269,77.90337072138655
0.127,77.96133669535983
0.1271,78.05698055241574
0.1272,78.10335333159435
0.1273,78.1555227081703
0.1274,78.2366750717329
0.1275,78.30333594180216
0.1276,78.37579340926875
0.1277,78.41347129235139
0.1278,78.49462365591397
0.1279,78.57867431817523
0.128,78.65982668173783
0.1281,78.72648755180708
0.1282,78.83082630495899
0.1283,78.96994464249487
0.1285,79.08007999304408
0.1286,79.13224936962003
0.1287,79.21630003188127
0.1288,79.39599455119844
0.129,79.47424861606237
0.1291,79.54090948613164
0.1292,79.59597716140625
0.1293,79.77856997942207
0.1295,79.84233255079268
0.1296,79.93507810914993
0.1297,79.98434918702722
0.1298,80.1379590180564
0.13,80.210416485523
0.1301,80.24809436860562
0.1302,80.30606034257892
0.1303,80.46836506970408
0.1305,80.50894125148538
0.1306,80.59299191374663
0.1307,80.66255108251457
0.1308,80.82195751094108
0.131,80.89441497840767
0.1311,80.96687244587427
0.1312,81.01614352375157
0.1313,81.1088890821088
0.1314,81.16685505608207
0.1315,81.26539721183666
0.1316,81.32046488711127
0.1317,81.40161725067385
0.1318,81.48566791293511
0.1319,81.53783728951106
0.132,81.60449815958033
0.1321,81.67985392574558
0.1322,81.70883691273222
0.1323,81.78419267889748
0.1324,81.84795525026809
0.1325,81.88853143204938
0.1326,81.94939570472133
0.1327,81.99866678259862
0.1328,82.05083615917457
0.1329,82.09720893835318
0.133,82.14937831492914
0.1331,82.22183578239573
0.1332,82.25081876938238
0.1333,82.31747963945165
0.1334,82.3696490160276
0.1335,82.4015303017129
0.1336,82.49427586007015
0.1337,82.55803843144074
0.1338,82.62180100281135
0.1339,82.66527548329131
0.134,82.73193635336058
0.1341,82.78990232733385
0.1342,82.8333768078138
0.1343,82.89713937918441
0.1344,82.91742747007507
0.1345,82.95800365185636
0.1346,83.04495261281627
0.1348,83.10002028809089
0.1349,83.13479987247486
0.135,83.18986754774947
0.1351,83.25942671651741
0.1353,83.3000028982987
0.1354,83.33478248268267
0.1355,83.36086717097064
0.1356,83.43332463843723
0.1358,83.49418891110918
0.1359,83.52317189809581
0.136,83.58403617076776
0.1361,83.68837492391967
0.1363,83.73474770309828
0.1364,83.75793409268759
0.1365,83.80430687186622
0.1366,83.85937454714083
0.1368,83.88545923542881
0.1369,83.92313711851143
0.137,83.96661159899139
0.1371,83.98400139118337
0.1372,84.030374170362
0.1373,84.05935715734863
0.1374,84.09703504043127
0.1375,84.14050952091122
0.1376,84.17239080659652
0.1377,84.2071703909805
0.1378,84.23325507926846
0.1379,84.26223806625511
0.138,84.30861084543373
0.1381,84.32889893632438
0.1382,84.36367852070833
0.1383,84.38396661159899
0.1384,84.4158478972843
0.1385,84.45932237776425
0.1386,84.50859345564153
0.1387,84.53467814392951
0.1388,84.56655942961481
0.1389,84.59844071530011
0.139,84.63032200098543
0.1391,84.65061009187606
0.1392,84.66220328667072
0.1393,84.67379648146537
0.1394,84.70277946845202
0.1395,84.72306755934267
0.1396,84.74335565023331
0.1397,84.77813523461728
0.1398,84.78972842941194
0.1399,84.81581311769992
0.14,84.8476944033852
0.1401,84.87377909167319
0.1402,84.8969654812625
0.1403,84.92594846824913
0.1404,84.94623655913979
0.1405,85.0013042344144
0.1406,85.01869402660638
0.1407,85.04477871489435
0.1408,85.06796510448366
0.1409,85.13462597455293
0.1411,85.14621916934759
0.1412,85.19549024722488
0.1413,85.2012868446222
0.1414,85.26794771469147
0.1416,85.32011709126742
0.1417,85.33750688345941
0.1418,85.36359157174739
0.1419,85.418659247022
0.1421,85.43025244181666
0.1422,85.4737269222966
0.1423,85.47952351969394
0.1424,85.53169289626989
0.1426,85.56067588325654
0.1427,85.5867605715445
0.1428,85.6273367533258
0.1429,85.66211633770976
0.1431,85.67081123380575
0.1432,85.6997942207924
0.1433,85.72587890908036
0.1434,85.75486189606701
0.1435,85.77225168825899
0.1436,85.81282787004028
0.1437,85.83021766223227
0.1438,85.84760745442426
0.1439,85.88238703880822
0.144,85.91426832449352
0.1441,85.95194620757616
0.1442,85.97513259716546
0.1443,85.99542068805611
0.1444,86.02440367504275
0.1445,86.05628496072806
0.1446,86.09106454511202
0.1447,86.12874242819466
0.1448,86.1490305190853
0.1449,86.1809118047706
0.145,86.20699649305857
0.1451,86.23308118134655
0.1452,86.25047097353853
0.1453,86.31133524621048
0.1454,86.32292844100513
0.1455,86.33162333710112
0.1456,86.3577080253891
0.1457,86.3808944149784
0.1458,86.40697910326638
0.1459,86.45045358374634
0.146,86.47943657073299
0.1461,86.4939280642263
0.1462,86.52001275251428
0.1463,86.54319914210359
0.1464,86.56928383039157
0.1465,86.59536851867954
0.1466,86.64753789525548
0.1467,86.67652088224213
0.1468,86.69970727183144
0.1469,86.7113004666261
0.147,86.73738515491407
0.1471,86.76346984320205
0.1472,86.83013071327132
0.1474,86.8707068950526
0.1475,86.90258818073791
0.1476,86.92577457032722
0.1477,86.96635075210851
0.1479,86.98953714169782
0.148,87.00402863519115
0.1481,87.02431672608178
0.1482,87.08518099875373
0.1484,87.1199605831377
0.1485,87.14314697272701
0.1486,87.17212995971366
0.1487,87.20690954409761
0.1489,87.24168912848158
0.149,87.27067211546822
0.1491,87.31414659594819
0.1492,87.36631597252413
0.1494,87.39819725820944
0.1495,87.43877343999073
0.1496,87.45326493348404
0.1497,87.49384111526534
0.1498,87.5199258035533
0.1499,87.54311219314262
0.15,87.63875605019852
0.1501,87.66773903718517
0.1502,87.69092542677448
0.1503,87.71701011506245
0.1504,87.76048459554242
0.1505,87.78077268643307
0.1506,87.78946758252906
0.1507,87.81265397211837
0.1508,87.85612845259833
0.1509,87.87061994609164
0.151,87.87641654348897
0.1511,87.90539953047562
0.1512,87.94017911485957
0.1513,87.95177230965423
0.1514,87.97206040054488
0.1515,88.0184331797235
0.1516,88.04741616671015
0.1517,88.06190766020346
0.1518,88.07350085499812
0.1519,88.09668724458743
0.152,88.1227719328754
0.1521,88.13726342636872
0.1522,88.16334811465669
0.1523,88.20102599773932
0.1524,88.22131408862998
0.1525,88.24160217952061
0.1526,88.25029707561661
0.1527,88.26768686780859
0.1528,88.28507666000058
0.1529,88.31116134828856
0.153,88.33724603657653
0.1531,88.36333072486451
0.1532,88.38651711445381
0.1533,88.40970350404312
0.1534,88.43288989363244
0.1535,88.49665246500305
0.1537,88.4995507637017
0.1538,88.51983885459236
0.1539,88.54592354288033
0.154,88.58070312726429
0.1543,88.60678781555227
0.1544,88.6125844129496
0.1545,88.64156739993624
0.1547,88.65316059473089
0.1548,88.68214358171753
0.1549,88.68794017911486
0.155,88.74010955569081
0.1552,88.75460104918413
0.1553,88.77488914007478
0.1554,88.7893806335681
0.1555,88.82416021795207
0.1557,88.84734660754138
0.1558,88.86183810103469
0.1559,88.89082108802133
0.156,88.92560067240531
0.1561,88.93429556850128
0.1562,88.97197345158392
0.1563,88.97487175028257
0.1564,89.00095643857055
0.1565,89.00965133466656
0.1566,89.0299394255572
0.1567,89.04153262035184
0.1568,89.07631220473581
0.1569,89.08210880213315
0.157,89.12268498391444
0.1571,89.13717647740776
0.1572,89.15746456829841
0.1573,89.18644755528504
0.1574,89.20383734747703
0.1575,89.23282033446367
0.1576,89.24731182795699
0.1577,89.2618033214503
0.1578,89.29948120453294
0.1579,89.3023795032316
0.158,89.32556589282092
0.1581,89.34005738631423
0.1582,89.3748369706982
0.1583,89.38643016549285
0.1584,89.39802336028751
0.1585,89.4067182563835
0.1586,89.43859954206881
0.1587,89.46468423035678
0.1588,89.47627742515144
0.1589,89.49366721734341
0.159,89.50815871083674
0.1591,89.53134510042605
0.1592,89.54003999652204
0.1593,89.57771787960466
0.1595,89.60090426919398
0.1596,89.61829406138597
0.1597,89.64437874967393
0.1598,89.6878532301539
0.16,89.70234472364722
0.1601,89.70814132104454
0.1602,89.71393791844187
0.1603,89.73712430803118
0.1605,89.7603106976205
0.1606,89.79509028200447
0.1607,89.80958177549778
0.1608,89.83566646378576
0.161,89.84725965858041
0.1611,89.85305625597773
0.1612,89.86464945077239
0.1613,89.92551372344434
0.1615,89.94000521693766
0.1616,89.95739500912964
0.1617,89.98058139871895
0.1618,90.00376778830827
0.162,90.02115758050024
0.1621,90.0414456713909
0.1622,90.05014056748688
0.1623,90.07042865837754
0.1624,90.08781845056951
0.1625,90.11390313885748
0.1626,90.12259803495348
0.1627,90.1283946323508
0.1628,90.15158102194012
0.1629,90.16317421673477
0.163,90.18636060632409
0.1631,90.20375039851606
0.1632,90.21244529461207
0.1633,90.22693678810538
0.1634,90.24432658029737
0.1635,90.25881807379068
0.1636,90.26751296988668
0.1637,90.27620786598267
0.1638,90.29649595687331
0.1639,90.29939425557197
0.164,90.3138857490653
0.1641,90.31968234646263
0.1642,90.33417383995595
0.1643,90.35156363214793
0.1644,90.36315682694259
0.1645,90.38924151523055
0.1646,90.39213981392923
0.1647,90.40083471002521
0.1648,90.41242790481986
0.1649,90.42691939831319
0.165,90.43271599571052
0.1651,90.45300408660117
0.1652,90.47039387879316
0.1653,90.47619047619048
0.1654,90.50517346317712
0.1655,90.51966495667043
0.1656,90.54285134625974
0.1658,90.56893603454772
0.1659,90.5863258267397
0.166,90.5950207228357
0.1661,90.62110541112366
0.1663,90.63849520331566
0.1664,90.64429180071298
0.1665,90.67037648900096
0.1666,90.68776628119294
0.1668,90.7080543720836
0.1669,90.71964756687825
0.167,90.74573225516622
0.1671,90.77761354085152
0.1673,90.7950033330435
0.1674,90.81529142393416
0.1675,90.82688461872881
0.1676,90.85876590441411
0.1678,90.87325739790742
0.1679,90.90803698229139
0.1681,90.93701996927803
0.1683,90.96890125496334
0.1685,90.99788424194998
0.1686,91.01817233284062
0.1687,91.02686722893661
0.1688,91.03846042373127
0.1689,91.07324000811523
0.169,91.10222299510188
0.1691,91.11671448859519
0.1692,91.1254093846912
0.1693,91.15439237167783
0.1694,91.16018896907515
0.1695,91.18337535866446
0.1696,91.18917195606178
0.1697,91.20366344955511
0.1698,91.2210532417471
0.1699,91.24134133263773
0.17,91.25003622873373
0.1701,91.27612091702171
0.1702,91.27901921572037
0.1703,91.29640900791236
0.1704,91.30510390400835
0.1705,91.33118859229631
0.1706,91.34568008578964
0.1707,91.36017157928296
0.1708,91.38625626757093
0.1709,91.40074776106427
0.171,91.40654435846159
0.1711,91.42683244935223
0.1712,91.44712054024288
0.1713,91.45291713764021
0.1714,91.47320522853086
0.1715,91.47900182592818
0.1716,91.51957800770948
0.1717,91.53696779990146
0.1718,91.55145929339477
0.1719,91.56884908558676
0.1721,91.58913717647741
0.1722,91.59493377387473
0.1723,91.61232356606672
0.1724,91.6297133582587
0.1726,91.64130655305335
0.1727,91.65000144914936
0.1728,91.67318783873866
0.1729,91.7253572153146
0.1731,91.73115381271194
0.1732,91.75144190360258
0.1733,91.7659333970959
0.1734,91.78042489058923
0.1736,91.78622148798655
0.1737,91.79491638408254
0.1738,91.80940787757586
0.1739,91.8470857606585
0.1741,91.85867895545314
0.1742,91.87317044894647
0.1743,91.88186534504246
0.1744,91.90215343593312
0.1746,91.90795003333044
0.1747,91.93113642291975
0.1748,91.9514245138104
0.1749,91.95432281250906
0.175,91.96591600730372
0.1751,91.99489899429035
0.1752,92.015187085181
0.1753,92.03257687737299
0.1754,92.0470683708663
0.1756,92.05866156566096
0.1757,92.06735646175694
0.1758,92.08474625394894
0.176,92.09344115004492
0.1761,92.11083094223692
0.1762,92.13691563052488
0.1763,92.14850882531954
0.1764,92.16589861751152
0.1765,92.18328840970351
0.1766,92.18908500710083
0.1767,92.20647479929282
0.1768,92.21516969538881
0.1769,92.2238645914848
0.177,92.23255948758079
0.1771,92.23545778627945
0.1772,92.2557458771701
0.1773,92.26154247456742
0.1774,92.27893226675941
0.1775,92.28472886415673
0.1776,92.30501695504739
0.1777,92.31950844854072
0.1778,92.32240674723937
0.1779,92.33399994203403
0.178,92.35428803292467
0.1781,92.36298292902066
0.1782,92.4006608121033
0.1784,92.42094890299394
0.1786,92.43833869518593
0.1787,92.45572848737791
0.1789,92.47021998087122
0.179,92.47601657826856
0.1791,92.4963046691592
0.1792,92.52528765614584
0.1794,92.53398255224184
0.1795,92.54847404573515
0.1796,92.55137234443382
0.1797,92.58905022751645
0.1799,92.59774512361244
0.18,92.60064342231111
0.1801,92.61223661710576
0.1802,92.64701620148973
0.1804,92.67020259107903
0.1805,92.6731008897777
0.1806,92.69918557806568
0.1807,92.71657537025766
0.1809,92.73106686375098
0.181,92.75715155203895
0.1811,92.76004985073762
0.1812,92.77164304553227
0.1813,92.78033794162826
0.1814,92.78903283772426
0.1815,92.8006260325189
0.1816,92.81221922731356
0.1817,92.84699881169753
0.1818,92.8498971103962
0.1819,92.88757499347882
0.182,92.89047329217749
0.1821,92.91076138306813
0.1822,92.91945627916412
0.1823,92.92525287656146
0.1824,92.95423586354809
0.1825,92.9629307596441
0.1826,92.97162565574007
0.1827,92.9774222531374
0.1828,93.00060864272672
0.1829,93.0093035388227
0.183,93.01799843491871
0.1831,93.02089673361736
0.1832,93.0266933310147
0.1833,93.049879720604
0.1834,93.0585746167
0.1835,93.06726951279599
0.1836,93.07016781149466
0.1837,93.08465930498797
0.1838,93.09335420108397
0.1839,93.10494739587863
0.184,93.12523548676927
0.1841,93.14842187635858
0.1842,93.1716082659479
0.1843,93.18030316204387
0.1844,93.18320146074255
0.1845,93.20928614903052
0.1847,93.22957423992116
0.1848,93.23247253861983
0.1849,93.24406573341449
0.185,93.26145552560648
0.1852,93.2672521230038
0.1853,93.27884531779846
0.1854,93.29043851259311
0.1855,93.31362490218243
0.1857,93.3310146943744
0.1858,93.33681129177172
0.1859,93.34550618786773
0.186,93.37738747355301
0.1863,93.39187896704635
0.1864,93.403472161841
0.1865,93.42376025273165
0.1867,93.43245514882764
0.1868,93.43825174622496
0.1869,93.4440483436223
0.187,93.47013303191028
0.1872,93.4759296293076
0.1873,93.48462452540359
0.1874,93.49042112280091
0.1875,93.49911601889691
0.1876,93.50201431759557
0.1877,93.51650581108889
0.1878,93.53679390197954
0.1879,93.55128539547286
0.188,93.55998029156885
0.1881,93.56867518766484
0.1883,93.58316668115816
0.1884,93.58606497985681
0.1885,93.5889632785555
0.1886,93.6034547720488
0.1887,93.61504796684346
0.1888,93.61794626554213
0.1889,93.62953946033679
0.189,93.66142074602209
0.1891,93.6759122395154
0.1892,93.69620033040606
0.1893,93.7164884212967
0.1894,93.72228501869402
0.1895,93.72518331739269
0.1896,93.73677651218735
0.1897,93.74547140828334
0.1898,93.75996290177666
0.1899,93.76575949917398
0.1902,93.77445439526998
0.1903,93.7802509926673
0.1905,93.80053908355795
0.1906,93.8121322783526
0.1907,93.81503057705127
0.1908,93.83821696664059
0.191,93.84401356403791
0.1911,93.86430165492857
0.1912,93.87299655102454
0.1913,93.89908123931252
0.1915,93.90777613540851
0.1916,93.92226762890184
0.1917,93.94545401849115
0.1918,93.9657421093818
0.192,93.97443700547778
0.1921,93.98603020027244
0.1922,93.9889284989711
0.1923,94.00921658986175
0.1925,94.01791148595774
0.1926,94.02660638205373
0.1927,94.0295046807524
0.1928,94.06428426513637
0.193,94.07008086253369
0.1931,94.07587745993102
0.1932,94.08167405732834
0.1933,94.10486044691766
0.1936,94.10775874561632
0.1937,94.12514853780831
0.1938,94.14833492739761
0.1939,94.15413152479495
0.194,94.15702982349362
0.1941,94.1744196156856
0.1942,94.17731791438425
0.1943,94.18601281048025
0.1945,94.19180940787759
0.1946,94.2063009013709
0.1947,94.21209749876822
0.1948,94.21499579746688
0.1949,94.22079239486422
0.195,94.22369069356287
0.1953,94.22658899226154
0.1954,94.25557197924817
0.1956,94.26716517404283
0.1957,94.27296177144017
0.1958,94.28455496623482
0.1959,94.29904645972815
0.196,94.31353795322146
0.1961,94.32223284931746
0.1962,94.33092774541343
0.1963,94.34252094020809
0.1966,94.34831753760542
0.1967,94.35701243370141
0.1968,94.35991073240008
0.1969,94.36280903109875
0.1971,94.3830971219894
0.1973,94.38889371938673
0.1974,94.3975886154827
0.1975,94.41208010897603
0.1976,94.43526649856534
0.1978,94.44396139466133
0.1979,94.45265629075733
0.198,94.46424948555197
0.1981,94.47294438164798
0.1983,94.48453757644263
0.1984,94.49613077123729
0.1986,94.50482566733326
0.1988,94.5106222647306
0.1989,94.52221545952526
0.199,94.52511375822392
0.1991,94.53670695301858
0.1993,94.5425035504159
0.1994,94.55409674521056
0.1995,94.5598933426079
0.1996,94.56858823870388
0.1998,94.57148653740255
0.1999,94.57728313479987
0.2,94.66423209575979
0.2001,94.6874184853491
0.2002,94.69031678404777
0.2005,94.69901168014376
0.2006,94.70190997884242
0.2008,94.71350317363706
0.2009,94.73379126452772
0.201,94.74828275802103
0.2012,94.7511810567197
0.2013,94.75697765411704
0.2015,94.76277425151436
0.2016,94.7685708489117
0.2017,94.78306234240502
0.2018,94.78596064110367
0.2021,94.79465553719967
0.2023,94.80335043329565
0.2024,94.80624873199433
0.2025,94.81784192678897
0.2026,94.82363852418631
0.2027,94.82943512158363
0.2028,94.83523171898096
0.2029,94.84102831637829
0.203,94.84682491377562
0.2031,94.84972321247427
0.2032,94.85551980987161
0.2033,94.85841810857026
0.2034,94.87001130336492
0.2036,94.87290960206359
0.2037,94.89029939425558
0.2038,94.89899429035157
0.2039,94.90768918644756
0.2041,94.91348578384489
0.2042,94.9279772773382
0.2043,94.93377387473552
0.2044,94.95406196562618
0.2047,94.95696026432483
0.2049,94.9685534591195
0.2051,94.9772483552155
0.2053,94.99173984870882
0.2054,94.99753644610614
0.2055,95.00623134220213
0.2056,95.02072283569545
0.2057,95.0236211343941
0.2058,95.02941773179144
0.2059,95.03521432918876
0.206,95.04680752398342
0.2061,95.04970582268209
0.2064,95.05840071877807
0.2066,95.06999391357273
0.2067,95.07579051097007
0.2068,95.08158710836739
0.2069,95.08738370576472
0.207,95.10187519925803
0.2071,95.10767179665537
0.2072,95.13375648494335
0.2073,95.13955308234067
0.2074,95.15404457583398
0.2075,95.15984117323131
0.2076,95.1685360693273
0.2077,95.17723096542329
0.2078,95.19462075761528
0.2079,95.19751905631394
0.208,95.21201054980726
0.2081,95.2178071472046
0.2082,95.22360374460192
0.2084,95.2322986406979
0.2088,95.23809523809523
0.2089,95.24389183549256
0.209,95.26707822508187
0.2091,95.26997652378054
0.2092,95.27867141987653
0.2093,95.2815697185752
0.2095,95.28736631597252
0.2096,95.31055270556183
0.2098,95.31634930295915
0.2099,95.32794249775381
0.21,95.33663739384981
0.2101,95.33953569254847
0.2102,95.34243399124713
0.2103,95.34823058864447
0.2104,95.35692548474046
0.2106,95.35982378343913
0.2108,95.37431527693244
0.2109,95.38011187432977
0.211,95.39170506912443
0.2111,95.39460336782308
0.2112,95.39750166652176
0.2113,95.40619656261774
0.2114,95.40909486131642
0.2115,95.41489145871374
0.2116,95.43517954960438
0.2118,95.43807784830305
0.212,95.44387444570037
0.2122,95.44677274439903
0.2126,95.45256934179636
0.2127,95.45546764049503
0.2128,95.47285743268701
0.2129,95.47575573138568
0.213,95.49314552357767
0.2132,95.49604382227632
0.2133,95.49894212097499
0.2135,95.50763701707098
0.2136,95.52502680926295
0.2137,95.53372170535896
0.2138,95.53951830275628
0.2139,95.54531490015361
0.214,95.54821319885227
0.2141,95.55690809494827
0.2142,95.56270469234559
0.2143,95.56560299104426
0.2144,95.57139958844158
0.2145,95.57719618583891
0.2147,95.58878938063357
0.2148,95.59458597803089
0.2149,95.60617917282556
0.215,95.60907747152422
0.2151,95.62356896501754
0.2153,95.62936556241486
0.2154,95.63226386111353
0.2155,95.64385705590817
0.2156,95.6496536533055
0.2157,95.65255195200417
0.2159,95.65834854940151
0.216,95.66124684810016
0.2161,95.68153493899081
0.2164,95.68443323768948
0.2165,95.69602643248413
0.2168,95.6989247311828
0.217,95.70761962727879
0.2171,95.71631452337478
0.2173,95.72790771816943
0.2174,95.7308060168681
0.2175,95.74529751036141
0.2176,95.76558560125207
0.2178,95.76848389995072
0.2179,95.77717879604673
0.218,95.78877199084138
0.2181,95.79167028954004
0.2182,95.7945685882387
0.2183,95.80036518563602
0.2184,95.81195838043068
0.2185,95.81485667912936
0.2186,95.82065327652668
0.2187,95.83804306871866
0.2188,95.84094136741732
0.2189,95.84673796481465
0.219,95.85253456221197
0.2191,95.86992435440396
0.2192,95.87282265310263
0.2193,95.88731414659594
0.2195,95.89311074399328
0.2196,95.89890734139061
0.2197,95.90470393878793
0.2198,95.91050053618527
0.22,95.91629713358259
0.2201,95.91919543228124
0.2202,95.92209373097992
0.2203,95.92499202967858
0.2205,95.92789032837725
0.2206,95.93658522447323
0.2208,95.95687331536388
0.2209,95.95977161406255
0.2211,95.96556821145987
0.2212,95.97716140625452
0.2214,95.98585630235053
0.2215,95.98875460104918
0.2216,96.00034779584384
0.2218,96.01483928933716
0.222,96.01773758803583
0.2222,96.02933078283048
0.2225,96.03222908152914
0.2226,96.0351273802278
0.2227,96.03802567892647
0.2228,96.0525171724198
0.2229,96.05541547111845
0.223,96.05831376981712
0.2231,96.06700866591311
0.2232,96.07280526331043
0.2233,96.08150015940643
0.2234,96.09309335420109
0.2235,96.10758484769441
0.2236,96.11048314639307
0.2237,96.11338144509173
0.2239,96.12207634118772
0.224,96.12787293858504
0.2241,96.13077123728372
0.2242,96.1394661333797
0.2243,96.14526273077703
0.2245,96.15105932817436
0.2246,96.15395762687302
0.2247,96.15975422427036
0.2249,96.16265252296901
0.225,96.16844912036633
0.2251,96.17134741906501
0.2252,96.17714401646234
0.2253,96.18294061385967
0.2254,96.18873721125699
0.2255,96.20033040605165
0.2256,96.20902530214764
0.2257,96.21482189954497
0.2258,96.22351679564096
0.2259,96.23510999043562
0.226,96.23800828913429
0.2262,96.24090658783294
0.2265,96.24670318523026
0.2266,96.25829638002492
0.2267,96.26988957481957
0.2269,96.27858447091558
0.2271,96.29017766571023
0.2272,96.29307596440889
0.2273,96.30466915920354
0.2275,96.31626235399821
0.2276,96.31916065269687
0.2277,96.32495725009419
0.2278,96.32785554879287
0.2279,96.33075384749152
0.228,96.33655044488884
0.2281,96.34234704228618
0.2282,96.35104193838217
0.2283,96.3568385357795
0.2287,96.35973683447816
0.229,96.36553343187549
0.2291,96.37133002927281
0.2292,96.37422832797148
0.2293,96.37712662667013
0.2294,96.38002492536882
0.2296,96.39451641886212
0.2297,96.40321131495811
0.2299,96.40900791235545
0.23,96.41480450975277
0.2302,96.4206011071501
0.2304,96.42639770454743
0.2305,96.43219430194476
0.2306,96.43799089934208
0.2307,96.44378749673942
0.2309,96.44668579543809
0.231,96.45538069153406
0.2311,96.4611772889314
0.2313,96.46697388632872
0.2315,96.47277048372605
0.2316,96.47856708112337
0.2317,96.48726197721938
0.2318,96.49016027591803
0.2319,96.49595687331536
0.232,96.49885517201403
0.2321,96.50755006811002
0.2323,96.51914326290468
0.2324,96.53073645769933
0.2325,96.53363475639799
0.2327,96.53653305509667
0.2328,96.53943135379532
0.233,96.54522795119264
0.2331,96.54812624989131
0.2334,96.55971944468597
0.2335,96.56261774338464
0.2337,96.56841434078196
0.2338,96.57131263948062
0.2339,96.58580413297393
0.2341,96.59449902906994
0.2343,96.6060922238646
0.2344,96.61478711996058
0.2345,96.6292786134539
0.2346,96.63217691215257
0.2347,96.64956670434455
0.2348,96.65826160044054
0.2349,96.66695649653654
0.235,96.67275309393386
0.2352,96.68144799002985
0.2353,96.68434628872852
0.2354,96.69014288612584
0.2355,96.69304118482451
0.2357,96.69593948352318
0.2358,96.69883778222183
0.236,96.7017360809205
0.2365,96.70463437961916
0.2367,96.71043097701649
0.2368,96.71622757441382
0.2369,96.73071906790713
0.237,96.73941396400313
0.2371,96.75390545749644
0.2372,96.76260035359245
0.2373,96.7654986522911
0.2374,96.76839695098977
0.2375,96.7741935483871
0.2376,96.77999014578442
0.2377,96.79448163927773
0.2378,96.80027823667507
0.2379,96.8060748340724
0.2381,96.80897313277106
0.2382,96.81187143146973
0.2385,96.8147697301684
0.2388,96.82056632756571
0.2389,96.82346462626438
0.239,96.82636292496305
0.2391,96.8379561197577
0.2392,96.84085441845637
0.2394,96.8466510158537
0.2396,96.85824421064835
0.2397,96.878532301539
0.2399,96.89012549633365
0.24,96.89882039242964
0.2401,96.90461698982698
0.2402,96.90751528852563
0.2403,96.92200678201895
0.2404,96.92490508071762
0.2405,96.93939657421093
0.2406,96.94229487290961
0.2409,96.95388806770426
0.241,96.95678636640292
0.2411,96.95968466510159
0.2412,96.96548126249891
0.2415,96.97127785989625
0.2418,96.97997275599222
0.2419,96.9828710546909
0.242,96.98576935338956
0.2422,96.99446424948556
0.2424,97.00026084688288
0.2425,97.00315914558153
0.2426,97.0060574442802
0.2428,97.01185404167754
0.243,97.0234472364722
0.2431,97.03214213256818
0.2432,97.04083702866417
0.2433,97.0466336260615
0.2436,97.04953192476017
0.2437,97.0553285221575
0.2438,97.06112511955483
0.2439,97.06402341825348
0.2442,97.07561661304814
0.2443,97.08431150914413
0.2444,97.0872098078428
0.2445,97.09010810654146
0.2446,97.09300640524012
0.2449,97.10459960003477
0.245,97.10749789873344
0.2452,97.1190910935281
0.2454,97.12488769092543
0.2456,97.12778598962409
0.2457,97.13068428832275
0.2459,97.14227748311741
0.246,97.14517578181608
0.2461,97.15097237921341
0.2462,97.15387067791207
0.2463,97.16836217140539
0.2464,97.17126047010404
0.2465,97.17705706750137
0.2467,97.17995536620005
0.2469,97.1828536648987
0.247,97.18575196359737
0.2475,97.18865026229602
0.2476,97.19444685969336
0.2477,97.20024345709068
0.2478,97.20314175578935
0.2479,97.21183665188533
0.2483,97.214734950584
0.2484,97.22342984668
0.2485,97.22632814537866
0.2487,97.22922644407733
0.2488,97.232124742776
0.2489,97.23792134017332
0.249,97.24081963887198
0.2491,97.24661623626932
0.2492,97.24951453496797
0.2493,97.25531113236529
0.2494,97.26110772976263
0.2496,97.26690432715995
0.2498,97.27270092455728
0.2499,97.27559922325595
0.25,97.28429411935194
0.2501,97.29009071674926
0.2502,97.29298901544793
0.2503,97.29878561284526
0.2509,97.30168391154392
0.251,97.30458221024259
0.2512,97.30748050894124
0.2513,97.31037880763992
0.2515,97.31907370373591
0.2517,97.32487030113323
0.2518,97.3277685998319
0.252,97.33066689853057
0.2521,97.33936179462656
0.2524,97.34226009332522
0.2525,97.34515839202388
0.2527,97.35095498942121
0.2528,97.35385328811988
0.2529,97.3596498855172
0.2532,97.36254818421587
0.2534,97.36834478161319
0.2536,97.37703967770919
0.2538,97.37993797640785
0.254,97.38573457380517
0.2541,97.38863287250385
0.2543,97.39442946990117
0.2544,97.40602266469583
0.2545,97.41181926209315
0.2549,97.41471756079181
0.2551,97.41761585949048
0.2556,97.42920905428514
0.2557,97.43210735298379
0.2558,97.43790395038113
0.2559,97.44659884647712
0.2561,97.44949714517578
0.2562,97.4639886386691
0.2564,97.46688693736778
0.2565,97.4726835347651
0.2566,97.48427672955975
0.2567,97.49297162565574
0.2569,97.49876822305306
0.2571,97.50166652175173
0.2572,97.50746311914907
0.2574,97.51325971654639
0.2576,97.51615801524505
0.2577,97.5364461061357
0.2579,97.53934440483437
0.258,97.54224270353302
0.2581,97.54803930093036
0.2582,97.55963249572501
0.2584,97.56253079442368
0.2585,97.57122569051967
0.2589,97.57412398921834
0.2592,97.57702228791699
0.2596,97.57992058661566
0.2597,97.58281888531431
0.2599,97.58571718401299
0.26,97.58861548271165
0.2601,97.59731037880765
0.2602,97.60600527490362
0.2604,97.61180187230096
0.2606,97.62629336579428
0.2607,97.64368315798626
0.2609,97.64658145668493
0.261,97.6494797553836
0.2611,97.65237805408226
0.2612,97.6813610410689
0.2614,97.69295423586355
0.2615,97.6958525345622
0.2616,97.70454743065821
0.2617,97.71034402805553
0.2619,97.71324232675418
0.262,97.71903892415152
0.2622,97.72483552154884
0.2625,97.73063211894618
0.2626,97.73932701504216
0.2632,97.74802191113817
0.2634,97.75381850853549
0.2637,97.75671680723416
0.2639,97.75961510593282
0.2641,97.76251340463148
0.2643,97.76831000202881
0.2644,97.77120830072748
0.2645,97.7770048981248
0.2648,97.79729298901545
0.2649,97.80308958641277
0.265,97.82337767730343
0.2651,97.83207257339942
0.2652,97.8407674694954
0.2653,97.84366576819407
0.2654,97.84946236559139
0.2655,97.85236066429006
0.2656,97.86395385908472
0.2657,97.87264875518072
0.2658,97.88424194997536
0.2659,97.88714024867403
0.266,97.89583514477002
0.2661,97.91032663826333
0.2663,97.92771643045532
0.2664,97.93351302785265
0.2665,97.94510622264731
0.2666,97.94800452134596
0.2669,97.96539431353796
0.2679,97.96829261223662
0.2681,97.97119091093528
0.2682,97.97698750833261
0.2683,97.97988580703128
0.2685,97.9856824044286
0.2686,97.99437730052459
0.2687,98.0030721966206
0.2688,98.00886879401791
0.2693,98.02046198881257
0.2695,98.02915688490856
0.2696,98.03785178100455
0.2697,98.05234327449787
0.2698,98.05524157319654
0.27,98.06103817059386
0.2701,98.06973306668986
0.2702,98.07263136538852
0.2703,98.08132626148452
0.2705,98.09291945627916
0.2706,98.09581775497783
0.2708,98.11610584586847
0.271,98.12190244326581
0.2711,98.12769904066313
0.2715,98.13059733936178
0.2721,98.13349563806047
0.2722,98.13639393675912
0.2723,98.14219053415644
0.2725,98.14508883285511
0.2726,98.15378372895111
0.2728,98.15668202764977
0.2732,98.15958032634843
0.2733,98.1624786250471
0.2735,98.16537692374577
0.2736,98.17117352114309
0.2737,98.17986841723908
0.2738,98.1943599107324
0.274,98.19725820943106
0.2742,98.20015650812974
0.2744,98.20885140422571
0.2745,98.21174970292438
0.2746,98.21464800162305
0.2747,98.21754630032171
0.2748,98.22044459902037
0.2749,98.22334289771904
0.275,98.2262411964177
0.2751,98.22913949511637
0.2753,98.23203779381502
0.2754,98.23783439121236
0.2756,98.26102078080167
0.2758,98.27261397559633
0.2764,98.27551227429498
0.2767,98.27841057299366
0.2769,98.28130887169232
0.2774,98.28710546908964
0.2775,98.2900037677883
0.2777,98.29290206648697
0.2778,98.2986986638843
0.2779,98.30449526128163
0.2782,98.3073935599803
0.2783,98.31029185867895
0.2784,98.31319015737762
0.2785,98.31898675477495
0.2787,98.32478335217228
0.2789,98.33057994956961
0.2792,98.33347824826826
0.2794,98.33927484566559
0.2796,98.34507144306292
0.2797,98.35666463785758
0.2799,98.36246123525491
0.2802,98.36825783265223
0.2804,98.3711561313509
0.2806,98.38274932614556
0.2807,98.40013911833753
0.2808,98.40593571573486
0.2809,98.42332550792685
0.2811,98.43202040402284
0.2812,98.43781700142017
0.2813,98.44651189751616
0.2814,98.44941019621483
0.2823,98.45230849491348
0.2824,98.45520679361215
0.2831,98.45810509231082
0.2837,98.46390168970814
0.2839,98.47259658580413
0.2844,98.47549488450281
0.2849,98.47839318320146
0.2851,98.48418978059878
0.2853,98.48708807929746
0.2854,98.49578297539344
0.2859,98.51027446888676
0.2861,98.51896936498275
0.2863,98.53346085847608
0.2864,98.54215575457206
0.2867,98.54505405327073
0.2868,98.54795235196939
0.2869,98.55085065066805
0.287,98.55664724806539
0.288,98.55954554676404
0.2884,98.56534214416138
0.2887,98.57113874155871
0.2889,98.57693533895603
0.289,98.5798336376547
0.2892,98.58563023505202
0.2895,98.58852853375069
0.2898,98.59142683244934
0.2902,98.59722342984668
0.2904,98.60012172854535
0.2905,98.603020027244
0.2906,98.60591832594268
0.2908,98.60881662464134
0.2909,98.61751152073732
0.2911,98.62910471553198
0.2912,98.63200301423065
0.2914,98.63490131292932
0.2916,98.63779961162797
0.2917,98.64069791032664
0.2918,98.64649450772397
0.2919,98.6522911051213
0.2921,98.66388429991595
0.2922,98.6754774947106
0.2924,98.68707068950526
0.2925,98.69286728690258
0.2927,98.70156218299859
0.2934,98.70446048169724
0.2935,98.70735878039591
0.2938,98.71025707909457
0.294,98.71895197519056
0.296,98.7247485725879
0.2964,98.73344346868387
0.2965,98.7479349621772
0.2969,98.75662985827319
0.297,98.77112135176651
0.2972,98.77691794916385
0.2974,98.78271454656117
0.2975,98.79140944265717
0.2977,98.79430774135582
0.2984,98.79720604005449
0.2985,98.80300263745183
0.2987,98.80590093615048
0.2988,98.80879923484915
0.299,98.82329072834246
0.2993,98.83198562443846
0.2999,98.83488392313711
0.3,99.00008694896097
0.3003,99.00298524765962
0.3005,99.00588354635829
0.3016,99.00878184505694
0.3017,99.01168014375563
0.3027,99.01457844245428
0.3029,99.0203750398516
0.3034,99.02617163724894
0.3037,99.0290699359476
0.304,99.03196823464626
0.3045,99.03486653334492
0.3046,99.04066313074226
0.3048,99.04356142944091
0.3049,99.04935802683823
0.3054,99.05515462423557
0.3057,99.05805292293424
0.3061,99.0609512216329
0.3062,99.06384952033157
0.3064,99.06674781903023
0.3069,99.0696461177289
0.307,99.07254441642756
0.3071,99.07544271512621
0.3073,99.08123931252355
0.3074,99.08413761122222
0.3076,99.08703590992087
0.3079,99.08993420861954
0.309,99.0928325073182
0.3095,99.09573080601687
0.3096,99.09862910471553
0.3111,99.1015274034142
0.3119,99.10732400081153
0.3121,99.11312059820885
0.3122,99.11601889690752
0.3124,99.11891719560619
0.3129,99.12181549430484
0.313,99.12761209170216
0.3144,99.13051039040084
0.315,99.1334086890995
0.3158,99.13630698779816
0.3175,99.13920528649682
0.3177,99.1421035851955
0.3197,99.15369677999014
0.3201,99.15659507868881
0.3204,99.15949337738748
0.3206,99.1652899747848
0.3207,99.17398487088079
0.3209,99.18267976697679
0.3212,99.19427296177143
0.3215,99.19717126047011
0.3216,99.20006955916877
0.3217,99.20586615656609
0.322,99.20876445526477
0.3229,99.21745935136074
0.3232,99.22035765005941
0.3235,99.22615424745675
0.3236,99.23195084485407
0.3244,99.23484914355274
0.3271,99.2377474422514
0.3287,99.24064574095006
0.3293,99.24354403964873
0.3295,99.24644233834738
0.3297,99.24934063704606
0.3299,99.25223893574471
0.3304,99.26093383184072
0.3305,99.26962872793669
0.3312,99.27542532533403
0.3313,99.2783236240327
0.3325,99.28122192273136
0.3328,99.28412022143002
0.3333,99.28991681882735
0.334,99.29281511752602
0.3343,99.29571341622467
0.3346,99.29861171492334
0.3348,99.30440831232067
0.3353,99.30730661101933
0.3357,99.31600150711533
0.336,99.31889980581398
0.3383,99.32179810451265
0.3388,99.3246964032113
0.3406,99.32759470190999
0.3414,99.33628959800596
0.3415,99.3420861954033
0.3417,99.34498449410196
0.3418,99.34788279280062
0.3419,99.35078109149929
0.3421,99.35367939019795
0.3422,99.35657768889662
0.3423,99.35947598759527
0.3433,99.36527258499261
0.3435,99.36817088369128
0.3436,99.37106918238993
0.3437,99.3739674810886
0.3438,99.37686577978727
0.3439,99.38556067588326
0.3441,99.38845897458192
0.3446,99.39135727328059
0.3449,99.39425557197924
0.3466,99.40005216937658
0.3468,99.40295046807523
0.3481,99.40584876677391
0.3513,99.40874706547257
0.3518,99.41454366286989
0.3528,99.42034026026722
0.3531,99.42323855896589
0.3534,99.42613685766455
0.3542,99.42903515636321
0.3543,99.43483175376055
0.3546,99.4377300524592
0.3561,99.44062835115787
0.3562,99.44352664985654
0.3565,99.44932324725386
0.357,99.45222154595253
0.3594,99.45511984465118
0.3597,99.45801814334986
0.3598,99.46091644204851
0.36,99.47540793554184
0.3605,99.4783062342405
0.3625,99.48120453293916
0.3664,99.48410283163783
0.3666,99.4870011303365
0.3691,99.49279772773382
0.3694,99.49569602643248
0.3695,99.49859432513115
0.3696,99.50439092252847
0.3698,99.50728922122714
0.3711,99.51598411732313
0.3715,99.5188824160218
0.3718,99.52178071472045
0.372,99.52467901341913
0.3721,99.53047561081645
0.3726,99.5333739095151
0.3729,99.53627220821379
0.3733,99.53917050691244
0.3738,99.54206880561111
0.374,99.54496710430976
0.3761,99.54786540300843
0.3762,99.5507637017071
0.3798,99.55945859780309
0.3799,99.56235689650175
0.3821,99.56815349389908
0.3855,99.57395009129641
0.3857,99.57684838999508
0.3873,99.57974668869373
0.3879,99.5826449873924
0.3882,99.58844158478973
0.3883,99.59423818218706
0.3886,99.59713648088572
0.3893,99.60293307828306
0.3894,99.60583137698171
0.39,99.60872967568038
0.3901,99.61162797437903
0.3912,99.61452627307771
0.3914,99.61742457177637
0.3999,99.62322116917369
0.4,99.68118714314697
0.4001,99.68408544184564
0.4003,99.68698374054429
0.4008,99.69278033794163
0.4053,99.6956786366403
0.4054,99.70147523403762
0.4056,99.70727183143495
0.4073,99.71017013013362
0.4078,99.71306842883227
0.4081,99.71596672753094
0.4099,99.71886502622961
0.41,99.7275599223256
0.4101,99.73045822102425
0.4113,99.73335651972293
0.4118,99.73915311712025
0.4119,99.7420514158189
0.412,99.74494971451759
0.4144,99.75074631191491
0.4162,99.75364461061356
0.4166,99.75654290931223
0.431,99.7594412080109
0.4314,99.76523780540822
0.4316,99.76813610410689
0.4318,99.77103440280555
0.4323,99.77393270150422
0.4374,99.77683100020288
0.4376,99.77972929890154
0.4382,99.78552589629888
0.4384,99.78842419499753
0.4412,99.7913224936962
0.4416,99.79422079239487
0.4417,99.80291568849086
0.4418,99.81161058458684
0.442,99.81450888328551
0.4429,99.81740718198418
0.4433,99.82030548068283
0.4434,99.82320377938152
0.4446,99.83189867547749
0.4447,99.84059357157349
0.4459,99.84639016897081
0.4466,99.84928846766947
0.4468,99.8550850650668
0.447,99.85798336376547
0.4472,99.86088166246412
0.4474,99.8637799611628
0.4486,99.86667825986146
0.479,100.0
