0.1171,0.003973299427844882
0.1179,0.007946598855689765
0.118,0.011919898283534647
0.1181,0.01589319771137953
0.1182,0.019866497139224414
0.1188,0.023839796567069294
0.1189,0.02781309599491418
0.1198,0.03178639542275906
0.1199,0.03575969485060394
0.1206,0.06357279084551812
0.1207,0.08343928798474252
0.1208,0.09535918626827718
0.1213,0.09933248569612206
0.1214,0.12317228226319135
0.1215,0.135092180546726
0.1217,0.14701207883026066
0.1218,0.16290527654164016
0.1219,0.16687857596948505
0.1222,0.17085187539732993
0.1223,0.19866497139224412
0.1225,0.22647806738715828
0.1226,0.23839796567069294
0.1227,0.2463445645263827
0.1229,0.2582644628099174
0.1231,0.26223776223776224
0.1233,0.26621106166560715
0.1234,0.2741576605212969
0.1236,0.28210425937698663
0.1238,0.28607755880483154
0.124,0.2900508582326764
0.1241,0.3019707565162111
0.1243,0.3138906547997457
0.1244,0.3218372536554355
0.1247,0.32581055308328033
0.1254,0.3337571519389701
0.1255,0.337730451366815
0.1256,0.3456770502225048
0.1257,0.37349014621741894
0.1258,0.39732994278448824
0.1259,0.4013032422123331
0.126,0.40924984106802287
0.1261,0.41719643992371264
0.1263,0.4330896376350922
0.1265,0.44103623649078194
0.1266,0.46090273363000633
0.1267,0.46487603305785125
0.1268,0.4926891290527654
0.127,0.5165289256198348
0.1271,0.5205022250476796
0.1273,0.5244755244755245
0.1274,0.5284488239033693
0.1275,0.5363954227590592
0.1276,0.540368722186904
0.1277,0.5642085187539733
0.1278,0.5721551176096631
0.1279,0.5880483153210426
0.128,0.5959949141767323
0.1282,0.6158614113159567
0.1283,0.6476478067387158
0.1285,0.6635410044500953
0.1286,0.6714876033057852
0.1287,0.6794342021614749
0.1288,0.6873808010171647
0.129,0.6953273998728544
0.1291,0.7191671964399237
0.1292,0.7231404958677686
0.1293,0.7668467895740623
0.1295,0.7867132867132868
0.1296,0.8224729815638907
0.1297,0.8383661792752702
0.1298,0.8741258741258742
0.13,0.8900190718372537
0.1301,0.9218054672600127
0.1302,0.9297520661157025
0.1303,1.0052447552447552
0.1305,1.0290845518118246
0.1306,1.080737444373808
0.1307,1.1244437380801018
0.1308,1.1760966306420853
0.131,1.211856325492689
0.1311,1.2317228226319135
0.1312,1.2436427209154481
0.1313,1.2555626191989828
0.1314,1.2714558169103625
0.1316,1.287349014621742
0.1317,1.2992689129052766
0.1318,1.319135410044501
0.1319,1.3429752066115703
0.132,1.346948506039415
0.1321,1.3787349014621741
0.1322,1.3827082008900191
0.1323,1.4264144945963129
0.1324,1.4343610934520026
0.1326,1.4621741894469167
0.1327,1.4939605848696758
0.1328,1.5019071837253655
0.1329,1.5654799745708836
0.133,1.5694532739987284
0.1331,1.6131595677050223
0.1332,1.6767323585505405
0.1334,1.6807056579783854
0.1335,1.6846789574062302
0.1336,1.7124920534011445
0.1337,1.7283852511125237
0.1338,1.7601716465352828
0.1339,1.7681182453909725
0.134,1.7959313413858868
0.1341,1.7999046408137316
0.1342,1.8396376350921804
0.1343,1.8515575333757153
0.1344,1.86347743165925
0.1345,1.895263827082009
0.1346,1.9389701207883026
0.1348,1.9707565162110616
0.1349,1.9866497139224413
0.135,1.998569612205976
0.1351,2.0065162110616654
0.1353,2.0104895104895104
0.1354,2.0263827082008903
0.1355,2.0462492053401142
0.1356,2.085982199618563
0.1358,2.1137952956134773
0.1359,2.1257151938970122
0.136,2.1416083916083917
0.1361,2.1932612841703754
0.1363,2.2171010807374443
0.1364,2.2488874761602036
0.1365,2.292593769866497
0.1366,2.4157660521296886
0.1368,2.4992053401144307
0.1369,2.527018436109345
0.137,2.562778130959949
0.1371,2.6184043229497775
0.1372,2.646217418944692
0.1373,2.6899237126509856
0.1374,2.7217101080737445
0.1375,2.7574698029243483
0.1376,2.797202797202797
0.1377,2.817069294342022
0.1378,2.8488556897647808
0.1379,2.8965352828989195
0.138,2.904481881754609
0.1381,2.9521614748887473
0.1382,3.0197075651621104
0.1383,3.055467260012714
0.1384,3.091226954863319
0.1385,3.146853146853147
0.1386,3.1508264462809916
0.1387,3.2223458359821997
0.1388,3.230292434837889
0.1389,3.2620788302606485
0.139,3.3256516211061666
0.1391,3.337571519389701
0.1392,3.3773045136681503
0.1393,3.4289574062301336
0.1394,3.4448506039415125
0.1395,3.4647171010807374
0.1396,3.508423394787031
0.1397,3.524316592498411
0.1398,3.5680228862047048
0.1399,3.5878893833439287
0.14,3.599809281627463
0.1401,3.651462174189447
0.1402,3.655435473617292
0.1403,3.7269548633185
0.1404,3.7627145581691037
0.1405,3.770661157024793
0.1406,3.814367450731087
0.1407,3.826287349014622
0.1408,3.8739669421487606
0.1409,3.9057533375715194
0.1411,3.9335664335664338
0.1412,3.9415130324221233
0.1413,3.9693261284170376
0.1414,4.013032422123331
0.1416,4.056738715829625
0.1417,4.084551811824539
0.1418,4.104418308963764
0.1419,4.164017800381437
0.1421,4.243483788938334
0.1423,4.2514303877940245
0.1424,4.37857596948506
0.1426,4.458041958041958
0.1427,4.485855054036872
0.1428,4.513668150031786
0.1429,4.7004132231404965
0.1431,4.740146217418944
0.1432,4.787825810553083
0.1433,4.851398601398602
0.1434,4.914971392244119
0.1435,4.954704386522568
0.1436,5.105689764780673
0.1437,5.141449459631278
0.1438,5.1573426573426575
0.1439,5.2566751430387795
0.144,5.383820724729816
0.1441,5.419580419580419
0.1442,5.503019707565162
0.1443,5.546726001271455
0.1444,5.685791481246027
0.1445,5.745390972663699
0.1446,5.765257469802925
0.1447,5.8725365543547365
0.1448,5.936109345200254
0.1449,5.991735537190083
0.145,6.091068022886205
0.1451,6.1466942148760335
0.1452,6.289732994278449
0.1453,6.3294659885568985
0.1454,6.444691671964399
0.1455,6.532104259376986
0.1456,6.643356643356643
0.1457,6.726795931341385
0.1458,6.8022886204704385
0.1459,6.881754609027337
0.146,7.036713286713287
0.1461,7.09631277813096
0.1462,7.187698664971393
0.1463,7.255244755244755
0.1464,7.354577240940877
0.1465,7.4181500317863955
0.1466,7.465829624920533
0.1467,7.537349014621741
0.1468,7.6009218054672605
0.1469,7.632708200890019
0.147,7.696280991735536
0.1471,7.77972027972028
0.1472,7.922759059122695
0.1474,7.962492053401145
0.1475,8.049904640813732
0.1476,8.12142403051494
0.1477,8.320089001907185
0.1479,8.407501589319772
0.148,8.427368086458996
0.1481,8.526700572155118
0.1482,8.669739351557533
0.1484,8.697552447552448
0.1485,8.78893833439288
0.1486,8.880324221233312
0.1487,8.971710108073744
0.1489,9.071042593769867
0.149,9.166401780038145
0.1491,9.210108073744436
0.1492,9.468372536554355
0.1494,9.512078830260648
0.1495,9.663064208518755
0.1496,9.774316592498412
0.1497,9.901462174189447
0.1498,10.056420851875398
0.1499,10.116020343293071
0.15,10.219326128417038
0.1501,10.30276541640178
0.1502,10.414017800381437
0.1503,10.529243483788939
0.1504,10.62857596948506
0.1505,10.719961856325492
0.1506,10.839160839160838
0.1507,10.886840432294978
0.1508,11.01795931341386
0.1509,11.065638906547997
0.151,11.121265098537826
0.1511,11.176891290527655
0.1512,11.276223776223777
0.1513,11.375556261919899
0.1514,11.427209154481883
0.1515,11.506675143038779
0.1516,11.546408137317227
0.1517,11.717260012714558
0.1518,11.764939605848697
0.1519,11.81659249841068
0.152,11.93976478067387
0.1521,12.023204068658615
0.1522,12.15034965034965
0.1523,12.174189446916719
0.1524,12.257628734901461
0.1525,12.34504132231405
0.1526,12.392720915448189
0.1527,12.480133502860776
0.1528,12.50794659885569
0.1529,12.63111888111888
0.153,12.762237762237763
0.1531,12.821837253655435
0.1532,12.929116338207248
0.1533,13.04434202161475
0.1534,13.17546090273363
0.1535,13.354259376986649
0.1537,13.521137952956137
0.1538,13.60060394151303
0.1539,13.664176732358552
0.154,13.898601398601398
0.1542,13.958200890019071
0.1543,14.081373172282262
0.1544,14.148919262555626
0.1545,14.367450731087095
0.1547,14.427050222504768
0.1548,14.526382708200892
0.1549,14.613795295613476
0.155,14.768753973299429
0.1552,14.868086458995549
0.1553,15.011125238397966
0.1554,15.082644628099173
0.1555,15.340909090909092
0.1557,15.40448188175461
0.1558,15.476001271455816
0.1559,15.587253655435473
0.156,15.710425937698666
0.1561,15.801811824539097
0.1562,15.865384615384615
0.1563,16.00047679593134
0.1564,16.155435473617292
0.1565,16.18722186904005
0.1566,16.246821360457727
0.1567,16.33423394787031
0.1568,16.58057851239669
0.1569,16.628258105530833
0.157,16.656071201525748
0.1571,16.842816274634455
0.1572,16.989828353464716
0.1573,17.120947234583596
0.1574,17.144787031150667
0.1575,17.263986013986013
0.1576,17.434837889383346
0.1577,17.546090273363003
0.1578,17.665289256198346
0.1579,17.78846153846154
0.158,17.867927527018438
0.1581,17.915607120152576
0.1582,17.971233312142402
0.1583,18.157978385251113
0.1584,18.249364272091544
0.1585,18.289097266369993
0.1586,18.368563254926894
0.1587,18.56325492689129
0.1588,18.638747616020343
0.1589,18.694373808010173
0.159,18.722186904005085
0.1591,18.88906547997457
0.1592,18.988397965670693
0.1593,19.10759694850604
0.1595,19.24666242848061
0.1596,19.258582326764145
0.1597,19.298315321042594
0.1598,19.60425937698665
0.16,19.715511760966304
0.1601,19.739351557533375
0.1602,19.787031150667513
0.1603,20.06118881118881
0.1605,20.09297520661157
0.1606,20.136681500317863
0.1607,20.23998728544183
0.1608,20.522091544818817
0.161,20.609504132231404
0.1611,20.70089001907184
0.1612,20.736649713922443
0.1613,20.91544818817546
0.1615,21.17371265098538
0.1616,21.193579148124602
0.1617,21.201525746980295
0.1618,21.35648442466624
0.162,21.48363000635728
0.1621,21.55117609663064
0.1622,21.56309599491418
0.1623,21.68229497774952
0.1624,21.75381436745073
0.1625,21.789574062301334
0.1626,21.93261284170375
0.1627,22.06770502225048
0.1628,22.19882390336936
0.1629,22.222663699936426
0.163,22.242530197075652
0.1631,22.286236490781945
0.1632,22.389542275905914
0.1633,22.57231404958678
0.1634,22.580260648442465
0.1635,22.62396694214876
0.1636,22.695486331849967
0.1637,22.751112523839797
0.1638,22.81865861411316
0.1639,22.92991099809282
0.164,23.013350286077557
0.1641,23.108709472345836
0.1642,23.156389065479974
0.1643,23.239828353464716
0.1644,23.295454545454543
0.1645,23.398760330578515
0.1646,23.525905912269547
0.1647,23.57358550540369
0.1648,23.637158296249204
0.1649,23.728544183089635
0.165,23.784170375079466
0.1651,23.899396058486968
0.1652,24.00667514303878
0.1653,24.113954227590593
0.1654,24.1854736172918
0.1655,24.245073108709473
0.1656,24.419898283534646
0.1658,24.570883661792752
0.1659,24.630483153210424
0.166,24.678162746344565
0.1661,24.849014621741894
0.1663,24.856961220597583
0.1664,25.00794659885569
0.1665,25.07151938970121
0.1666,25.214558169103622
0.1668,25.27813095994914
0.1669,25.397329942784484
0.167,25.468849332485693
0.1671,25.61188811188811
0.1673,25.695327399872852
0.1674,25.762873490146216
0.1675,25.830419580419576
0.1676,26.005244755244757
0.1678,26.100603941513036
0.1679,26.120470438652255
0.168,26.176096630642085
0.1681,26.315162110616658
0.1683,26.394628099173556
0.1684,26.422441195168467
0.1685,26.501907183725365
0.1686,26.617132867132863
0.1687,26.625079465988556
0.1688,26.712492053401142
0.1689,26.76017164653528
0.169,26.79195804195804
0.1691,26.883343928798475
0.1692,26.96678321678322
0.1693,27.00254291163382
0.1694,27.093928798474252
0.1695,27.0979020979021
0.1696,27.20120788302606
0.1697,27.25286077558805
0.1698,27.284647171010807
0.1699,27.37603305785124
0.17,27.48331214240305
0.1701,27.554831532104256
0.1702,27.62237762237762
0.1703,27.701843610934517
0.1704,27.761443102352196
0.1705,27.809122695486334
0.1706,27.88064208518754
0.1707,27.944214876033058
0.1708,27.96805467260013
0.1709,28.103146853146853
0.171,28.107120152574698
0.1711,28.2223458359822
0.1712,28.23029243483789
0.1713,28.389224411951687
0.1714,28.47266369993643
0.1715,28.524316592498412
0.1716,28.59583598219962
0.1717,28.623649078194536
0.1718,28.774634456452635
0.1719,28.88191354100445
0.1721,28.97727272727273
0.1722,29.09249841068023
0.1723,29.128258105530836
0.1724,29.291163382072472
0.1726,29.326923076923077
0.1727,29.37857596948506
0.1728,29.50174825174825
0.1729,29.62889383343929
0.1731,29.672600127145582
0.1732,29.724253019707565
0.1733,29.871265098537826
0.1734,29.962650985378257
0.1736,29.990464081373176
0.1737,30.03814367450731
0.1738,30.11760966306421
0.1739,30.26462174189447
0.1741,30.324221233312144
0.1742,30.340114431023522
0.1743,30.435473617291798
0.1744,30.514939605848696
0.1746,30.685791481246028
0.1747,30.73744437380801
0.1748,30.856643356643353
0.1749,30.944055944055943
0.175,30.983788938334396
0.1751,31.063254926891293
0.1752,31.158614113159565
0.1753,31.170534011443102
0.1754,31.34535918626828
0.1755,31.472504767959315
0.1756,31.540050858232675
0.1757,31.595677050222505
0.1758,31.65924984106802
0.1759,31.679116338207248
0.176,31.79831532104259
0.1761,31.93340750158932
0.1762,32.03273998728544
0.1763,32.08439287984742
0.1764,32.21153846153847
0.1765,32.2949777495232
0.1766,32.32676414494596
0.1767,32.45788302606484
0.1768,32.58900190718372
0.1769,32.64065479974571
0.177,32.66449459631278
0.1771,32.73601398601399
0.1772,32.819453273998725
0.1773,32.90686586141132
0.1774,32.98235855054037
0.1775,33.04990464081373
0.1776,33.18499682136046
0.1777,33.25254291163382
0.1778,33.28830260648443
0.1779,33.37571519389701
0.178,33.463127781309595
0.1781,33.5425937698665
0.1782,33.75715193897012
0.1784,33.79688493324857
0.1785,33.8525111252384
0.1786,33.896217418944694
0.1787,34.075015893197715
0.1789,34.098855689764775
0.179,34.170375079465984
0.1791,34.25778766687858
0.1792,34.34917355371901
0.1794,34.44850603941513
0.1795,34.52797202797203
0.1796,34.59551811824539
0.1797,34.69485060394151
0.1799,34.74253019707565
0.18,34.83391608391608
0.1801,34.94516846789574
0.1802,35.08026064844247
0.1804,35.12396694214876
0.1805,35.16767323585505
0.1806,35.19151303242212
0.1807,35.354418308963766
0.1809,35.51335028607756
0.181,35.54116338207247
0.1811,35.60473617291799
0.1812,35.73188175460903
0.1813,35.83916083916084
0.1814,35.85505403687222
0.1815,35.89081373172282
0.1816,35.9504132231405
0.1817,36.061665607120155
0.1818,36.15305149396059
0.1819,36.22457088366179
0.182,36.304036872218695
0.1821,36.38747616020343
0.1822,36.399396058486964
0.1823,36.435155753337575
0.1824,36.54640813731723
0.1825,36.578194532739985
0.1826,36.67355371900827
0.1827,36.73315321042594
0.1828,36.820565797838526
0.1829,36.87221869040051
0.183,36.939764780673876
0.1831,37.00731087094724
0.1832,37.05896376350922
0.1833,37.11856325492689
0.1835,37.277495232040685
0.1836,37.31722822631914
0.1837,37.43245390972664
0.1838,37.539732994278445
0.1839,37.55959949141767
0.184,37.60330578512397
0.1841,37.67879847425302
0.1842,37.71058486967578
0.1843,37.74237126509854
0.1844,37.83375715193897
0.1845,38.060235219326124
0.1847,38.103941513032424
0.1848,38.13572790845518
0.1849,38.20327399872854
0.185,38.31055308328036
0.1852,38.362205975842336
0.1853,38.39001907183726
0.1854,38.433725365543545
0.1855,38.608550540368725
0.1857,38.64033693579148
0.1858,38.71980292434838
0.1859,38.75556261919898
0.186,38.83502860775588
0.1862,38.878734901462174
0.1863,38.96614748887476
0.1864,39.04164017800382
0.1865,39.10123966942149
0.1867,39.22043865225683
0.1868,39.25619834710744
0.1869,39.319771137952955
0.187,39.43499682136046
0.1872,39.46280991735537
0.1873,39.52240940877304
0.1874,39.570089001907185
0.1875,39.5979020979021
0.1876,39.72107438016529
0.1877,39.756834075015895
0.1878,39.84821996185632
0.1879,39.87603305785124
0.188,39.94755244755245
0.1881,39.98728544183089
0.1882,40.01509853782581
0.1883,40.082644628099175
0.1884,40.11840432294978
0.1885,40.17403051493961
0.1886,40.217736808645896
0.1887,40.336935791481245
0.1888,40.408455181182454
0.1889,40.4839478703115
0.189,40.51573426573427
0.1891,40.54354736172918
0.1892,40.56738715829625
0.1893,40.69055944055944
0.1894,40.75413223140496
0.1895,40.79783852511125
0.1896,40.857438016528924
0.1897,40.93690400508582
0.1898,41.00445009535918
0.1899,41.056102987921165
0.19,41.111729179911
0.1901,41.15146217418945
0.1902,41.17927527018436
0.1903,41.26271455816911
0.1904,41.33026064844247
0.1905,41.36602034329307
0.1906,41.41767323585505
0.1907,41.46932612841704
0.1908,41.604418308963766
0.191,41.68388429752066
0.1911,41.743483788938335
0.1912,41.76335028607756
0.1913,41.870629370629366
0.1915,41.95406865861411
0.1916,41.98188175460903
0.1917,42.049427844882395
0.1918,42.16465352828989
0.192,42.25206611570248
0.1921,42.30769230769231
0.1922,42.371265098537826
0.1923,42.43881118881119
0.1925,42.45867768595041
0.1926,42.53814367450731
0.1927,42.60568976478068
0.1928,42.73680864589956
0.193,42.78448823903369
0.1931,42.820247933884296
0.1932,42.891767323585505
0.1933,42.99507310870948
0.1935,43.02685950413223
0.1936,43.1301652892562
0.1937,43.18181818181818
0.1938,43.26128417037508
0.1939,43.34075015893198
0.194,43.37253655435474
0.1941,43.39240305149396
0.1942,43.44405594405594
0.1943,43.55928162746345
0.1944,43.61888111888112
0.1945,43.70629370629371
0.1946,43.849332485696124
0.1947,43.88111888111888
0.1948,43.92879847425302
0.1949,43.97647806738716
0.1951,44.01621106166561
0.1952,44.1393833439288
0.1953,44.22282263191354
0.1954,44.26255562619199
0.1955,44.35791481246027
0.1956,44.42546090273363
0.1957,44.44532739987285
0.1958,44.485060394151304
0.1959,44.6439923712651
0.196,44.69564526382708
0.1961,44.71153846153847
0.1962,44.810870947234584
0.1963,44.88636363636363
0.1964,44.922123331214245
0.1965,44.96980292434838
0.1966,45.10886840432295
0.1967,45.15654799745709
0.1968,45.21217418944692
0.1969,45.29164017800382
0.197,45.426732358550545
0.1971,45.59361093452002
0.1973,45.700890019071835
0.1974,45.71678321678322
0.1975,45.74459631277813
0.1976,45.90352828989192
0.1978,45.963127781309595
0.1979,46.08232676414495
0.198,46.12603305785124
0.1981,46.2293388429752
0.1983,46.30085823267641
0.1984,46.400190718372535
0.1985,46.49554990464082
0.1986,46.61077558804831
0.1988,46.62269548633185
0.1989,46.658455181182454
0.199,46.74189446916719
0.1991,46.87301335028608
0.1993,47.043865225683405
0.1994,47.087571519389705
0.1995,47.107438016528924
0.1996,47.19485060394151
0.1997,47.25047679593134
0.1998,47.282263191354104
0.1999,47.3180228862047
0.2,47.45708836617927
0.2001,47.50874125874126
0.2002,47.53258105530833
0.2003,47.63986013986014
0.2004,47.71932612841704
0.2005,47.73521932612842
0.2006,47.83057851239669
0.2007,47.85044500953592
0.2008,47.89812460267006
0.2009,47.96567069294342
0.201,48.001430387794024
0.2011,48.02527018436109
0.2012,48.04116338207247
0.2013,48.120629370629366
0.2014,48.19612205975842
0.2015,48.235855054036875
0.2016,48.27956134774317
0.2017,48.34710743801653
0.2018,48.36300063572791
0.2019,48.38286713286713
0.202,48.42657342657343
0.2021,48.51001271455817
0.2022,48.52987921169739
0.2023,48.561665607120155
0.2024,48.621265098537826
0.2025,48.740464081373176
0.2026,48.78019707565162
0.2027,48.83979656706929
0.2028,48.871582962492056
0.2029,48.891449459631275
0.203,48.92323585505404
0.2032,48.95104895104895
0.2033,49.002701843610936
0.2034,49.11395422759059
0.2036,49.24507310870948
0.2037,49.24904640813732
0.2038,49.268912905276544
0.2039,49.30467260012715
0.2041,49.30864589955499
0.2042,49.32453909726637
0.2043,49.36029879211697
0.2044,49.467577876668784
0.2046,49.586776859504134
0.2047,49.709949141767325
0.2048,49.713922441195166
0.2049,49.72186904005086
0.205,49.74570883661793
0.2051,49.777495232040685
0.2053,49.78146853146853
0.2054,49.81325492689129
0.2055,49.85298792116974
0.2056,49.916560712015254
0.2057,50.01191989828353
0.2058,50.26223776223776
0.206,50.27018436109345
0.2061,50.28210425937699
0.2062,50.31389065479974
0.2063,50.31786395422759
0.2064,50.361570247933884
0.2065,50.37746344564526
0.2066,50.421169739351555
0.2068,50.441036236490774
0.2069,50.46090273363001
0.207,50.599968213604576
0.2071,50.80657978385251
0.2072,50.854259376986654
0.2073,50.866179275270184
0.2074,50.90193897012079
0.2075,50.90988556897648
0.2076,50.921805467260015
0.2077,50.95359186268277
0.2078,50.981404958677686
0.2079,51.048951048951054
0.208,51.09663064208518
0.2081,51.120470438652255
0.2082,51.184043229497775
0.2083,51.27145581691036
0.2084,51.36681500317864
0.2085,51.370788302606485
0.2086,51.39462809917356
0.2087,51.41449459631278
0.2088,51.426414494596315
0.2089,51.450254291163375
0.209,51.45422759059123
0.2091,51.47012078830261
0.2092,51.50190718372537
0.2093,51.557533375715195
0.2094,51.60123966942148
0.2095,51.63699936427209
0.2096,51.700572155117605
0.2097,51.79990464081373
0.2098,51.875397329942786
0.2099,51.895263827082005
0.21,51.91910362364908
0.2101,51.92307692307693
0.2102,51.950890019071835
0.2103,51.95883661792753
0.2104,51.99459631277813
0.2105,52.04624920534011
0.2106,52.078035600762874
0.2107,52.133661792752704
0.2108,52.20120788302607
0.2109,52.2488874761602
0.211,52.30848696757787
0.2111,52.36411315956771
0.2112,52.43563254926892
0.2113,52.5230451366815
0.2114,52.54688493324857
0.2115,52.62237762237763
0.2116,52.62635092180547
0.2117,52.670057215511754
0.2118,52.68992371265099
0.2119,52.765416401780044
0.212,52.828989192625556
0.2121,52.920375079465984
0.2122,52.96805467260013
0.2123,53.03560076287349
0.2124,53.05944055944056
0.2125,53.075333757151945
0.2126,53.091226954863316
0.2127,53.14685314685315
0.2128,53.19453273998729
0.2129,53.21837253655436
0.213,53.289891926255564
0.2131,53.32167832167832
0.2132,53.36141131595677
0.2133,53.52034329307056
0.2134,53.54815638906548
0.2135,53.63556897647806
0.2136,53.679275270184355
0.2137,53.70311506675143
0.2138,53.74284806102988
0.2139,53.782581055308334
0.214,53.81039415130324
0.2141,53.81436745073108
0.2142,53.81834075015893
0.2143,53.90575333757152
0.2144,53.96535282898919
0.2145,54.036872218690405
0.2146,54.06865861411316
0.2147,54.10044500953591
0.2148,54.116338207247296
0.2149,54.15209790209791
0.215,54.21169739351558
0.2151,54.2315638906548
0.2152,54.299109980928165
0.2153,54.39049586776859
0.2154,54.454068658614105
0.2155,54.49777495232041
0.2156,54.52956134774316
0.2157,54.569294342021614
0.2158,54.65670692943421
0.2159,54.66068022886205
0.216,54.70835982199619
0.2161,54.72425301970757
0.2162,54.76398601398601
0.2163,54.81563890654799
0.2164,54.86331849968214
0.2165,54.91497139224412
0.2166,54.94278448823904
0.2167,55.04211697393515
0.2168,55.054036872218695
0.2169,55.1255562619199
0.217,55.15734265734265
0.2171,55.19310235219326
0.2172,55.2407819453274
0.2173,55.28448823903369
0.2174,55.395740623013346
0.2175,55.47520661157025
0.2176,55.59043229497775
0.2177,55.6222186904005
0.2178,55.7096312778131
0.2179,55.72552447552448
0.218,55.74936427209154
0.2181,55.816910362364915
0.2182,55.87253655435474
0.2183,55.88048315321043
0.2184,55.98378893833439
0.2185,55.99173553719008
0.2186,56.06325492689129
0.2187,56.110934520025424
0.2188,56.14272091544819
0.2189,56.18642720915447
0.219,56.285759694850604
0.2191,56.37714558169103
0.2192,56.45661157024794
0.2193,56.53210425937699
0.2194,56.583757151938975
0.2195,56.64335664335665
0.2196,56.659249841068025
0.2197,56.70295613477432
0.2198,56.77447552447552
0.2199,56.798315321042594
0.22,56.838048315321046
0.2201,56.94135410044501
0.2202,56.97314049586777
0.2203,57.03273998728544
0.2204,57.12412587412587
0.2205,57.15988556897648
0.2206,57.20359186268277
0.2207,57.23935155753338
0.2208,57.34663064208518
0.2209,57.39828353464718
0.221,57.50556261919898
0.2211,57.5691354100445
0.2212,57.59694850603941
0.2213,57.67244119516847
0.2214,57.7638270820089
0.2215,57.78766687857597
0.2216,57.85521296884934
0.2217,57.90686586141132
0.2218,57.94659885568977
0.2219,57.97838525111252
0.222,58.02606484424666
0.2221,58.0737444373808
0.2222,58.145263827082005
0.2223,58.21678321678322
0.2224,58.28432930705658
0.2225,58.3041958041958
0.2226,58.375715193897015
0.2227,58.39955499046409
0.2228,58.47902097902098
0.2229,58.51080737444374
0.223,58.55848696757787
0.2231,58.66179275270185
0.2232,58.66973935155754
0.2233,58.72536554354736
0.2234,58.8088048315321
0.2235,58.836617927527016
0.2236,58.892244119516846
0.2237,58.955816910362365
0.2238,58.99554990464081
0.2239,59.04322949777495
0.224,59.158455181182454
0.2241,59.210108073744436
0.2242,59.25778766687858
0.2243,59.329307056579786
0.2244,59.36506675143038
0.2245,59.392879847425306
0.2246,59.460425937698666
0.2247,59.51605212968849
0.2248,59.527972027972034
0.2249,59.56373172282263
0.225,59.61141131595677
0.2251,59.62730451366814
0.2252,59.65114431023522
0.2253,59.75047679593134
0.2254,59.76239669421488
0.2255,59.77828989192625
0.2256,59.87364907819453
0.2258,59.88556897647806
0.2259,60.01668785759695
0.2261,60.04052765416402
0.2262,60.1279402415766
0.2263,60.13588684043229
0.2264,60.13986013986013
0.2265,60.21535282898919
0.2266,60.2511125238398
0.2267,60.25905912269549
0.2268,60.27495232040686
0.2269,60.33852511125238
0.2271,60.362364907819455
0.2272,60.45375079465989
0.2273,60.46567069294342
0.2274,60.50143038779402
0.2275,60.65638906547998
0.2276,60.73585505403687
0.2277,60.77558804831532
0.2278,60.77956134774316
0.2279,60.83518753973299
0.228,60.85505403687221
0.2281,60.866973935155755
0.2282,60.92260012714558
0.2283,60.99411951684679
0.2284,61.04179910998093
0.2285,61.049745708836625
0.2286,61.125238397965674
0.2287,61.15305149396059
0.2288,61.22059758423395
0.2289,61.23649078194533
0.229,61.28814367450731
0.2291,61.331849968213604
0.2292,61.36363636363637
0.2293,61.43515575333757
0.2294,61.47886204704387
0.2295,61.52256834075016
0.2297,61.62587412587413
0.2298,61.633820724729816
0.2299,61.65766052129689
0.23,61.689446916719646
0.2301,61.73712650985378
0.2302,61.77685950413223
0.2303,61.884138588684046
0.2304,61.97949777495232
0.2305,61.98744437380801
0.2306,62.019230769230774
0.2307,62.098696757787664
0.2308,62.11458995549904
0.2309,62.12253655435474
0.231,62.126509853782586
0.2311,62.21789574062301
0.2312,62.24570883661793
0.2313,62.29736172917991
0.2314,62.3053083280356
0.2315,62.400667514303876
0.2316,62.44040050858233
0.2317,62.50397329942784
0.2318,62.52781309599491
0.2319,62.535759694850604
0.232,62.583439287984746
0.2321,62.6231722822632
0.2322,62.6946916719644
0.2324,62.73442466624285
0.2325,62.75826446280992
0.2326,62.8814367450731
0.2327,62.92514303877941
0.2328,62.941036236490774
0.2329,63.07215511760966
0.233,63.08407501589319
0.2331,63.103941513032424
0.2332,63.12380801017164
0.2333,63.163541004450096
0.2334,63.24698029243484
0.2335,63.25890019071837
0.2336,63.298633184996824
0.2337,63.3145263827082
0.2338,63.34233947870311
0.2339,63.3860457724094
0.234,63.44167196439924
0.2342,63.473458359822
0.2343,63.688016528925615
0.2344,63.77940241576605
0.2345,63.7833757151939
0.2346,63.79926891290527
0.2347,63.84297520661158
0.2348,63.890654799745704
0.2349,63.918467895740626
0.235,63.93436109345201
0.2351,63.950254291163375
0.2352,64.05356007628735
0.2353,64.07739987285443
0.2354,64.11713286713287
0.2355,64.15289256198346
0.2356,64.1727590591227
0.2357,64.23235855054037
0.2358,64.34758423394787
0.2359,64.37539732994279
0.236,64.40718372536554
0.2361,64.47870311506675
0.2362,64.48664971392245
0.2363,64.52240940877304
0.2364,64.53035600762873
0.2365,64.55816910362365
0.2366,64.80451366815004
0.2367,64.82040686586141
0.2368,64.83232676414494
0.2369,64.84821996185633
0.237,64.90384615384616
0.2371,64.99125874125873
0.2372,65.01112523839797
0.2373,65.07867132867133
0.2374,65.0945645263827
0.2375,65.1740305149396
0.2376,65.20184361093452
0.2377,65.30514939605848
0.2378,65.30912269548634
0.2379,65.3409090909091
0.238,65.39256198347107
0.2381,65.42037507946598
0.2382,65.51573426573427
0.2383,65.5276541640178
0.2384,65.53560076287349
0.2385,65.599173553719
0.2386,65.65479974570884
0.2387,65.71837253655436
0.2388,65.82565162110616
0.2389,65.83359821996186
0.239,65.98855689764781
0.2391,66.02828989192625
0.2392,66.04815638906548
0.2393,66.17132867132867
0.2394,66.18722186904004
0.2395,66.23092816274635
0.2396,66.25874125874127
0.2397,66.28258105530833
0.2398,66.31834075015894
0.2399,66.39383343928799
0.24,66.49316592498411
0.2401,66.5368722186904
0.2403,66.55673871582962
0.2404,66.60044500953592
0.2405,66.74348378893833
0.2406,66.78719008264463
0.2407,66.79116338207247
0.2408,66.81500317863954
0.2409,66.81897647806738
0.241,66.82294977749524
0.2411,66.86665607120152
0.2412,66.91830896376351
0.2413,66.99380165289256
0.2414,67.01764144945963
0.2415,67.06134774316592
0.2416,67.09313413858868
0.2417,67.13286713286713
0.2418,67.22822631913542
0.2419,67.24809281627464
0.242,67.2719326128417
0.2421,67.30371900826447
0.2422,67.3076923076923
0.2423,67.33947870311506
0.2424,67.46265098537826
0.2425,67.52225047679593
0.2426,67.55403687221869
0.2427,67.61363636363636
0.2428,67.62952956134775
0.2429,67.6692625556262
0.243,67.67720915448187
0.2431,67.76064844246662
0.2432,67.78846153846155
0.2433,67.82819453273999
0.2434,67.8560076287349
0.2435,67.87190082644628
0.2436,67.94342021614749
0.2437,68.01891290527654
0.2438,68.05467260012715
0.2439,68.10632549268912
0.244,68.17387158296249
0.2441,68.19771137952955
0.2442,68.22949777495232
0.2443,68.26525746980292
0.2444,68.34869675778766
0.2445,68.38048315321042
0.2446,68.40034965034964
0.2447,68.4758423394787
0.2448,68.49968213604576
0.2449,68.51557533375716
0.245,68.57914812460267
0.2451,68.58312142403051
0.2452,68.5910680228862
0.2453,68.67450731087095
0.2454,68.70232040686585
0.2455,68.73410680228862
0.2456,68.7420534011443
0.2457,68.76191989828354
0.2458,68.79767959313415
0.2459,68.82549268912905
0.246,68.88509218054672
0.2461,68.89303877940242
0.2462,68.90495867768594
0.2463,68.96455816910363
0.2464,68.99237126509854
0.2465,69.05594405594405
0.2466,69.10759694850604
0.2467,69.1314367450731
0.2468,69.15130324221234
0.2469,69.19103623649077
0.247,69.23474253019708
0.2471,69.24268912905276
0.2472,69.2903687221869
0.2473,69.31818181818183
0.2474,69.33010171646535
0.2475,69.35791481246027
0.2476,69.39764780673872
0.2478,69.45724729815639
0.2479,69.4850603941513
0.248,69.50890019071836
0.2481,69.52082008900192
0.2482,69.52479338842976
0.2483,69.54863318499682
0.2484,69.58836617927527
0.2485,69.61617927527018
0.2486,69.67180546726001
0.2487,69.71153846153845
0.2488,69.75524475524476
0.2489,69.76319135410044
0.249,69.77908455181182
0.2491,69.83868404322949
0.2492,69.85060394151303
0.2493,69.86252383979657
0.2494,69.87047043865225
0.2495,69.91417673235854
0.2496,69.96185632549269
0.2497,69.97377622377621
0.2498,69.9896694214876
0.2499,70.04529561347744
0.25,70.05324221233312
0.2501,70.07708200890019
0.2502,70.12476160203433
0.2503,70.1486013986014
0.2504,70.18436109345201
0.2505,70.20025429116338
0.2506,70.23601398601399
0.2507,70.2638270820089
0.2508,70.29164017800382
0.2509,70.31945327399873
0.251,70.35521296884933
0.2511,70.40289256198346
0.2512,70.46646535282899
0.2513,70.53003814367452
0.2515,70.5459313413859
0.2516,70.57374443738081
0.2518,70.60155753337571
0.2519,70.60553083280357
0.252,70.72870311506675
0.2521,70.78830260648442
0.2523,70.83598219961857
0.2524,70.8836617927527
0.2525,70.91147488874762
0.2526,70.93134138588684
0.2527,70.95915448188175
0.2528,70.97107438016529
0.2529,71.02670057215512
0.253,71.03067387158296
0.2531,71.10219326128417
0.2532,71.13000635727909
0.2533,71.16973935155754
0.2534,71.19755244755245
0.2535,71.22139224411951
0.2537,71.23331214240305
0.2538,71.26907183725365
0.2539,71.29291163382072
0.254,71.29688493324858
0.2541,71.37237762237763
0.2542,71.38429752066115
0.2543,71.4319771137953
0.2545,71.44389701207882
0.2546,71.47965670692943
0.2547,71.51938970120788
0.2548,71.5472027972028
0.2549,71.57898919262556
0.255,71.58693579148124
0.2551,71.62269548633185
0.2552,71.67037507946598
0.2553,71.68626827717736
0.2554,71.71408137317228
0.2555,71.7418944691672
0.2556,71.75381436745073
0.2557,71.75778766687858
0.2558,71.7776541640178
0.2559,71.79354736172918
0.256,71.90479974570884
0.2561,71.96837253655436
0.2562,72.0518118245391
0.2564,72.05578512396694
0.2565,72.09949141767324
0.2566,72.11141131595677
0.2567,72.23458359821996
0.2569,72.25842339478703
0.257,72.26239669421489
0.2571,72.27828989192625
0.2572,72.310076287349
0.2574,72.36967577876669
0.2575,72.41338207247298
0.2576,72.49284806102987
0.2577,72.49682136045772
0.2579,72.52463445645265
0.258,72.58026064844246
0.2581,72.59615384615384
0.2582,72.7511125238398
0.2584,72.77495232040685
0.2585,72.79481881754609
0.2586,72.86236490781945
0.2587,72.89415130324221
0.2589,72.96169739351558
0.259,72.99348378893833
0.2591,73.06897647806738
0.2592,73.11665607120152
0.2594,73.12062937062937
0.2595,73.17625556261919
0.2596,73.23982835346472
0.2597,73.32326764144946
0.2599,73.37492053401145
0.26,73.43054672600127
0.2601,73.43452002542912
0.2602,73.50603941513032
0.2604,73.54577240940877
0.2605,73.56166560712015
0.2606,73.6013986013986
0.2607,73.66099809281627
0.2609,73.68881118881119
0.261,73.74046408137318
0.2611,73.76430387794024
0.2612,73.90336935791481
0.2614,73.92323585505403
0.2615,73.97091544818818
0.2616,73.97886204704388
0.2617,74.05038143674507
0.2619,74.07819453273999
0.262,74.09011443102352
0.2621,74.12587412587412
0.2622,74.17752701843611
0.2623,74.21726001271456
0.2624,74.28877940241576
0.2625,74.31261919898283
0.2626,74.35632549268912
0.2627,74.40797838525111
0.2628,74.41592498410681
0.2629,74.44771137952955
0.263,74.46360457724094
0.2631,74.4953909726637
0.2632,74.53512396694215
0.2633,74.55499046408137
0.2634,74.58677685950413
0.2635,74.63445645263828
0.2636,74.66624284806103
0.2637,74.68610934520026
0.2638,74.717895740623
0.2639,74.78941513032422
0.264,74.79736172917991
0.2641,74.80530832803561
0.2642,74.83709472345836
0.2643,74.86093452002542
0.2644,74.89272091544818
0.2645,74.91656071201525
0.2646,74.93642720915447
0.2647,74.94040050858233
0.2648,74.98808010171646
0.2649,75.0079465988557
0.265,75.03973299427845
0.2652,75.09933248569612
0.2653,75.1231722822632
0.2654,75.1589319771138
0.2655,75.23442466624284
0.2656,75.32183725365543
0.2658,75.33375715193897
0.2659,75.3814367450731
0.266,75.42116973935155
0.2662,75.45692943420215
0.2663,75.4688493324857
0.2664,75.49268912905276
0.2665,75.51652892561982
0.2666,75.5483153210426
0.2667,75.6635410044501
0.2668,75.73108709472346
0.267,75.77082008900192
0.2671,75.7787666878576
0.2672,75.80657978385251
0.2673,75.81452638270821
0.2674,75.8502860775588
0.2675,75.94564526382707
0.2676,75.96948506039415
0.2677,76.0092180546726
0.2678,76.07676414494597
0.2679,76.19596312778131
0.268,76.19993642720915
0.2681,76.25953591862682
0.2682,76.2833757151939
0.2683,76.33900190718373
0.2684,76.35886840432295
0.2685,76.36681500317863
0.2686,76.37476160203433
0.2687,76.38270820089002
0.2688,76.43833439287985
0.269,76.48998728544183
0.2691,76.61315956770503
0.2692,76.6727590591227
0.2693,76.71646535282899
0.2695,76.72441195168467
0.2696,76.75222504767959
0.2697,76.81579783852511
0.2698,76.88731722822631
0.27,76.93102352193262
0.2701,76.95486331849968
0.2702,76.97075651621105
0.2703,77.1416083916084
0.2705,77.14955499046408
0.2706,77.15352828989192
0.2707,77.18134138588684
0.2708,77.2925937698665
0.271,77.30451366815004
0.2711,77.36411315956771
0.2712,77.37205975842339
0.2713,77.50715193897013
0.2715,77.58264462809917
0.2716,77.6462174189447
0.2717,77.6740305149396
0.2718,77.70979020979021
0.272,77.80117609663064
0.2721,77.80912269548634
0.2722,77.82501589319772
0.2723,77.88064208518753
0.2725,77.90050858232676
0.2726,77.92037507946598
0.2727,77.98792116973935
0.2728,78.09122695486332
0.273,78.15877304513668
0.2731,78.17069294342022
0.2732,78.20247933884298
0.2733,78.26207883026065
0.2735,78.27002542911634
0.2736,78.31373172282264
0.2737,78.32167832167832
0.2738,78.38922441195169
0.274,78.42895740623014
0.2741,78.48458359821996
0.2742,78.51636999364273
0.2743,78.5322631913541
0.2744,78.62762237762237
0.2745,78.67132867132867
0.2746,78.73887476160203
0.2747,78.8064208518754
0.2749,78.81039415130324
0.275,78.8501271455817
0.2751,78.85807374443739
0.2752,78.88588684043229
0.2753,78.93753973299428
0.2754,78.94151303242212
0.2755,78.9574062301335
0.2756,79.02097902097903
0.2757,79.06865861411316
0.2758,79.09647171010808
0.2759,79.15607120152575
0.276,79.1958041958042
0.2761,79.21567069294342
0.2762,79.25143038779402
0.2763,79.303083280356
0.2764,79.37857596948507
0.2765,79.39844246662429
0.2766,79.45804195804196
0.2767,79.46598855689764
0.2768,79.47790845518118
0.2769,79.53353464717101
0.277,79.5414812460267
0.2771,79.5772409408773
0.2772,79.58916083916084
0.2773,79.64876033057851
0.2774,79.6924666242848
0.2775,79.74014621741895
0.2776,79.7719326128417
0.2777,79.77987921169739
0.2778,79.83947870311506
0.2779,79.89113159567705
0.278,79.8951048951049
0.2781,79.94675778766688
0.2782,79.97854418308964
0.2783,80.01430387794024
0.2784,80.03814367450731
0.2786,80.06993006993007
0.2787,80.08582326764146
0.2788,80.10568976478068
0.2789,80.13350286077558
0.279,80.22091544818818
0.2792,80.23680864589956
0.2793,80.29640813731723
0.2794,80.32819453273999
0.2795,80.36792752701844
0.2796,80.41958041958041
0.2797,80.45931341385887
0.2798,80.49904640813732
0.2799,80.55864589955499
0.28,80.5864589955499
0.2801,80.60235219326128
0.2802,80.6301652892562
0.2803,80.64605848696758
0.2804,80.65400508582327
0.2805,80.68976478067387
0.2806,80.7016846789574
0.2807,80.78512396694215
0.2808,80.80101716465353
0.2809,80.80896376350923
0.281,80.86458995549904
0.2811,80.92418944691671
0.2812,80.97186904005086
0.2813,81.00365543547362
0.2814,81.07120152574699
0.2816,81.10298792116974
0.2817,81.16258741258741
0.2818,81.21821360457724
0.2819,81.26191989828354
0.2821,81.2857596948506
0.2822,81.31754609027337
0.2824,81.3731722822632
0.2827,81.39303877940242
0.2828,81.42482517482517
0.2829,81.45263827082009
0.2831,81.48839796567069
0.2832,81.51223776223776
0.2833,81.57978385251113
0.2834,81.66719643992371
0.2836,81.68308963763509
0.2837,81.69500953591863
0.2838,81.72679593134139
0.2839,81.78639542275906
0.2841,81.80626191989828
0.2842,81.84599491417673
0.2843,81.90956770502224
0.2844,81.95327399872855
0.2847,81.9850603941513
0.2848,82.01684678957406
0.2849,82.05260648442466
0.2851,82.11617927527018
0.2852,82.1360457724094
0.2853,82.15988556897648
0.2854,82.18769866497139
0.2856,82.21948506039415
0.2857,82.26319135410044
0.2858,82.3029243483789
0.2859,82.36649713922442
0.2861,82.37047043865225
0.2862,82.39828353464718
0.2863,82.43801652892562
0.2864,82.51748251748252
0.2866,82.53734901462174
0.2867,82.54529561347744
0.2868,82.59297520661157
0.2869,82.59694850603941
0.287,82.62078830260648
0.2871,82.63668150031786
0.2872,82.66449459631278
0.2873,82.66846789574063
0.2874,82.67641449459632
0.2875,82.72012078830261
0.2876,82.7280673871583
0.2877,82.7558804831532
0.2878,82.80356007628735
0.2879,82.84329307056579
0.288,82.87110616656072
0.2881,82.8790527654164
0.2882,82.89097266369994
0.2883,82.89494596312778
0.2884,82.9227590591227
0.2885,82.9942784488239
0.2886,83.00222504767959
0.2888,83.00619834710744
0.2889,83.0379847425302
0.289,83.04990464081374
0.2891,83.10553083280357
0.2892,83.11347743165925
0.2893,83.12539732994279
0.2895,83.12937062937063
0.2896,83.14129052765416
0.2897,83.17705022250476
0.2898,83.20883661792753
0.2899,83.21678321678321
0.29,83.22870311506675
0.2902,83.25254291163382
0.2903,83.31611570247934
0.2904,83.34392879847425
0.2905,83.3479020979021
0.2906,83.37968849332485
0.2907,83.38763509218055
0.2908,83.41544818817546
0.2909,83.4194214876033
0.291,83.43928798474252
0.2911,83.46710108073745
0.2912,83.48299427844881
0.2913,83.51080737444374
0.2914,83.52670057215512
0.2915,83.56643356643356
0.2916,83.58630006357279
0.2917,83.63795295613478
0.2918,83.64589955499046
0.2919,83.65384615384616
0.292,83.67768595041323
0.2921,83.68165924984106
0.2923,83.70947234583598
0.2924,83.7372854418309
0.2926,83.7650985378258
0.2927,83.77701843610934
0.2928,83.79688493324858
0.2929,83.80483153210426
0.293,83.81277813095996
0.2931,83.91211061665607
0.2932,83.94389701207882
0.2933,83.94787031150668
0.2934,83.95979020979021
0.2936,83.97171010807375
0.2937,84.0034965034965
0.2938,84.01144310235219
0.2939,84.05117609663064
0.294,84.07501589319772
0.2942,84.09488239033693
0.2943,84.11077558804831
0.2944,84.13064208518753
0.2945,84.1624284806103
0.2947,84.17037507946598
0.2948,84.17832167832168
0.2949,84.18229497774952
0.295,84.24984106802289
0.2952,84.2776541640178
0.2954,84.28957406230133
0.2955,84.32533375715194
0.2957,84.36506675143039
0.2958,84.37301335028607
0.2959,84.37698664971393
0.296,84.41671964399237
0.2962,84.4365861411316
0.2963,84.5081055308328
0.2964,84.53989192625556
0.2965,84.57962492053402
0.2968,84.5955181182454
0.2969,84.60346471710109
0.297,84.65114431023521
0.2972,84.66306420851876
0.2973,84.6670375079466
0.2974,84.67101080737444
0.2975,84.75047679593133
0.2977,84.77828989192625
0.2978,84.810076287349
0.2979,84.8259694850604
0.298,84.84186268277178
0.2983,84.86570247933885
0.2984,84.91338207247298
0.2985,84.95708836617928
0.2987,84.97298156389066
0.2988,85.00079465988557
0.2989,85.0127145581691
0.299,85.092180546726
0.2992,85.10410044500954
0.2993,85.11602034329307
0.2994,85.11999364272091
0.2996,85.15575333757151
0.2997,85.16767323585506
0.2998,85.19945963127782
0.2999,85.23919262555626
0.3,85.46567069294342
0.3001,85.48553719008265
0.3002,85.49348378893833
0.3003,85.52527018436109
0.3004,85.52924348378895
0.3005,85.57294977749524
0.3006,85.58884297520662
0.3008,85.60870947234584
0.3009,85.61665607120152
0.301,85.62857596948507
0.3011,85.63254926891291
0.3012,85.67625556261919
0.3013,85.69214876033058
0.3014,85.70009535918626
0.3015,85.7120152574698
0.3017,85.74380165289256
0.3018,85.75174825174825
0.3019,85.76764144945963
0.302,85.79942784488239
0.3021,85.81134774316592
0.3023,85.8192943420216
0.3024,85.87889383343928
0.3025,85.89876033057851
0.3026,85.93452002542912
0.3027,85.94643992371265
0.3028,85.95438652256834
0.3029,85.97425301970758
0.303,85.98219961856326
0.3031,85.99014621741895
0.3032,86.00206611570248
0.3033,86.00603941513032
0.3034,86.04179910998093
0.3035,86.06961220597584
0.3036,86.07755880483154
0.3037,86.08550540368722
0.3038,86.1013986013986
0.3039,86.10537190082644
0.304,86.12126509853782
0.3041,86.17291799109981
0.3042,86.19278448823904
0.3043,86.20073108709472
0.3044,86.20470438652256
0.3045,86.2086776859504
0.3046,86.23251748251748
0.3047,86.25238397965671
0.3048,86.27622377622379
0.3049,86.34774316592498
0.305,86.36363636363636
0.3053,86.37158296249206
0.3054,86.37952956134775
0.3056,86.41528925619835
0.3057,86.43515575333757
0.3058,86.46296884933248
0.3059,86.48680864589956
0.306,86.4907819453274
0.3061,86.50270184361094
0.3063,86.53051493960585
0.3064,86.55832803560077
0.3065,86.57024793388429
0.3066,86.62190082644628
0.3068,86.62984742530197
0.3069,86.63779402415767
0.3071,86.66958041958041
0.3073,86.68944691671965
0.3074,86.7212333121424
0.3075,86.74507310870948
0.3076,86.76891290527654
0.3078,86.77288620470439
0.3079,86.78877940241576
0.308,86.8006993006993
0.3081,86.80864589955499
0.3083,86.85632549268912
0.3084,86.8801652892562
0.3085,86.90797838525111
0.3086,86.93579148124603
0.3088,86.95565797838525
0.3089,86.97155117609663
0.309,86.9953909726637
0.3091,87.01128417037508
0.3093,87.02320406865861
0.3094,87.04307056579785
0.3095,87.04704386522567
0.3096,87.07088366179275
0.3098,87.11458995549904
0.3099,87.1185632549269
0.31,87.12650985378258
0.3101,87.16624284806103
0.3103,87.217895740623
0.3104,87.22981563890654
0.3105,87.23776223776224
0.3106,87.25365543547362
0.3108,87.26557533375716
0.3109,87.33312142403051
0.311,87.33709472345836
0.3111,87.39272091544818
0.3113,87.39669421487604
0.3114,87.41258741258741
0.3115,87.46821360457724
0.3116,87.47616020343293
0.3118,87.48013350286078
0.3119,87.51986649713922
0.312,87.54767959313415
0.3121,87.57151938970121
0.3122,87.59933248569612
0.3123,87.63509218054672
0.3124,87.64701207883026
0.3125,87.66687857596949
0.3127,87.67879847425301
0.3128,87.68277177368087
0.3129,87.69469167196439
0.313,87.70263827082009
0.3131,87.75429116338206
0.3132,87.78607755880483
0.3133,87.79402415766052
0.3134,87.82978385251113
0.3135,87.84965034965036
0.3136,87.8814367450731
0.3137,87.90527654164018
0.3138,87.93308963763509
0.3139,87.95295613477433
0.3142,87.95692943420215
0.3143,87.98076923076923
0.3144,87.98474253019708
0.3145,87.98871582962492
0.3146,88.03639542275906
0.3147,88.06420851875397
0.3148,88.09202161474889
0.3149,88.09599491417673
0.3151,88.11188811188812
0.3152,88.13572790845518
0.3153,88.1555944055944
0.3155,88.1993006993007
0.3157,88.20327399872855
0.3158,88.23108709472346
0.3159,88.25095359186268
0.316,88.2867132867133
0.3161,88.31849968213604
0.3162,88.37809917355372
0.3163,88.40591226954864
0.3164,88.41385886840433
0.3165,88.42180546726001
0.3166,88.43372536554355
0.3168,88.44961856325493
0.3169,88.46551176096631
0.317,88.49332485696122
0.3171,88.5092180546726
0.3172,88.51319135410044
0.3173,88.52908455181182
0.3174,88.53305785123968
0.3175,88.57279084551813
0.3176,88.62047043865225
0.3178,88.6244437380801
0.3179,88.64431023521932
0.318,88.6602034329307
0.3181,88.6681500317864
0.3182,88.68801652892562
0.3183,88.71582962492054
0.3184,88.72377622377621
0.3185,88.76748251748252
0.3186,88.78734901462174
0.3187,88.83105530832803
0.3189,88.84297520661157
0.319,88.85092180546727
0.3192,88.90257469802924
0.3195,88.92641449459632
0.3196,88.9423076923077
0.3197,88.98998728544183
0.3199,88.99396058486968
0.32,89.09726636999365
0.3201,89.18865225683408
0.3202,89.25619834710744
0.3204,89.28401144310236
0.3206,89.29195804195804
0.3207,89.29990464081374
0.321,89.33566433566433
0.3211,89.35950413223141
0.3212,89.39923712650986
0.3214,89.41115702479338
0.3215,89.43102352193262
0.3216,89.46280991735537
0.3217,89.54624920534012
0.3219,89.5541958041958
0.322,89.57803560076287
0.3221,89.61776859504133
0.3222,89.65750158931976
0.3224,89.66544818817546
0.3225,89.677368086459
0.3226,89.72107438016529
0.3227,89.78862047043864
0.3229,89.79656706929434
0.323,89.80054036872218
0.3232,89.83232676414494
0.3234,89.87205975842339
0.3235,89.88397965670693
0.3236,89.89192625556261
0.3237,89.92371265098538
0.3239,89.96741894469167
0.324,89.97536554354735
0.3241,89.9872854418309
0.3242,90.01112523839797
0.3245,90.01907183725365
0.3246,90.0230451366815
0.3247,90.04291163382072
0.3248,90.04688493324858
0.325,90.0588048315321
0.3251,90.0667514303878
0.3252,90.07469802924348
0.3253,90.12237762237763
0.3255,90.138270820089
0.3256,90.14224411951685
0.3257,90.1462174189447
0.3259,90.23363000635727
0.326,90.27733630006357
0.3262,90.28925619834712
0.3263,90.29322949777495
0.3264,90.32898919262556
0.3265,90.3409090909091
0.3266,90.37269548633185
0.3267,90.38064208518753
0.3268,90.42832167832168
0.327,90.43229497774952
0.3271,90.43626827717736
0.3272,90.45216147488875
0.3273,90.46805467260013
0.3274,90.4918944691672
0.3276,90.5276541640178
0.3277,90.53162746344564
0.3279,90.58328035600763
0.328,90.61506675143039
0.3282,90.61904005085823
0.3283,90.62698664971393
0.3284,90.63493324856961
0.3286,90.69055944055944
0.3289,90.71837253655436
0.329,90.73029243483789
0.3292,90.78194532739987
0.3293,90.8375715193897
0.3294,90.84154481881754
0.3297,90.84949141767324
0.3298,90.86538461538461
0.3299,90.86935791481247
0.33,90.95677050222505
0.3301,90.97266369993643
0.3302,90.97663699936427
0.3303,91.00047679593133
0.3305,91.01636999364273
0.3306,91.0322631913541
0.3307,91.05610298792118
0.3309,91.06404958677686
0.331,91.08788938334393
0.3311,91.09980928162746
0.3313,91.20708836617928
0.3315,91.21900826446281
0.3317,91.2349014621742
0.3318,91.26668785759695
0.332,91.27066115702479
0.3321,91.27463445645265
0.3322,91.29450095359186
0.3323,91.31436745073108
0.3326,91.31834075015894
0.3327,91.32231404958677
0.3328,91.32628734901462
0.333,91.35807374443739
0.3332,91.36602034329307
0.3333,91.38986013986013
0.3336,91.42959313413859
0.3337,91.43753973299428
0.3338,91.46137952956136
0.334,91.49713922441195
0.3341,91.5011125238398
0.3342,91.50905912269549
0.3343,91.53289891926255
0.3345,91.56865861411316
0.3348,91.59249841068024
0.335,91.63223140495867
0.3351,91.66401780038143
0.3352,91.69183089637635
0.3353,91.72759059122696
0.3355,91.7395104895105
0.3356,91.75143038779402
0.3357,91.7673235855054
0.3358,91.77129688493325
0.336,91.78321678321679
0.3361,91.79513668150032
0.3362,91.80705657978385
0.3363,91.87062937062937
0.3366,91.87460267005721
0.3368,91.89844246662429
0.3369,91.92625556261919
0.337,91.93420216147489
0.3371,91.9620152574698
0.3372,91.96598855689764
0.3373,91.98585505403688
0.3375,91.99777495232041
0.3376,92.00174825174825
0.3377,92.0057215511761
0.3378,92.00969485060394
0.3379,92.02956134774315
0.3381,92.05737444373808
0.3382,92.07326764144946
0.3383,92.0772409408773
0.3384,92.09313413858868
0.3385,92.12889383343928
0.3386,92.14081373172283
0.3387,92.15670692943421
0.3388,92.1646535282899
0.339,92.2004132231405
0.3391,92.20835982199618
0.3393,92.2361729179911
0.3395,92.24809281627464
0.3396,92.25206611570248
0.3397,92.26795931341385
0.3398,92.28782581055309
0.34,92.29974570883662
0.3401,92.31166560712015
0.3402,92.31961220597584
0.3404,92.33153210425937
0.3406,92.33550540368722
0.3407,92.34345200254292
0.3409,92.37921169739352
0.341,92.38715829624921
0.3411,92.42291799109981
0.3412,92.42689129052766
0.3413,92.43881118881119
0.3414,92.4666242848061
0.3415,92.47457088366178
0.3416,92.48251748251748
0.3417,92.49046408137318
0.3418,92.50635727908455
0.3419,92.5103305785124
0.342,92.51827717736809
0.3421,92.53019707565161
0.3422,92.54211697393515
0.3423,92.546090273363
0.3424,92.5818499682136
0.3425,92.5897965670693
0.3426,92.59376986649714
0.3427,92.62952956134775
0.3428,92.64542275905913
0.3429,92.65336935791481
0.343,92.6692625556262
0.3432,92.68912905276542
0.3433,92.70899554990464
0.3434,92.72091544818818
0.3436,92.72488874761602
0.3437,92.75667514303878
0.3438,92.76462174189447
0.3439,92.76859504132231
0.3441,92.77256834075015
0.3442,92.78051493960585
0.3443,92.78448823903369
0.3444,92.78846153846155
0.3448,92.79640813731723
0.3449,92.83614113159567
0.3451,92.85203432930706
0.3452,92.8560076287349
0.3454,92.8997139224412
0.3456,92.92752701843611
0.3458,92.94342021614749
0.3459,92.96726001271456
0.3461,92.98712650985378
0.3462,93.0506993006993
0.3463,93.05467260012715
0.3464,93.07056579783853
0.3466,93.07851239669421
0.3467,93.09043229497776
0.3469,93.11427209154482
0.3471,93.13413858868404
0.3472,93.13811188811188
0.3474,93.16195168467895
0.3476,93.16592498410681
0.3477,93.16989828353465
0.3479,93.19373808010172
0.3483,93.19771137952955
0.3484,93.20565797838525
0.3486,93.21757787666878
0.3487,93.237444373808
0.3488,93.24141767323586
0.3489,93.2453909726637
0.3491,93.25731087094724
0.3492,93.26525746980292
0.3494,93.29307056579785
0.3495,93.32088366179275
0.3497,93.32883026064845
0.3499,93.34869675778766
0.35,93.36458995549904
0.3501,93.3685632549269
0.3502,93.37253655435474
0.3505,93.37650985378258
0.3507,93.38048315321042
0.3508,93.39240305149396
0.3509,93.43610934520026
0.351,93.44405594405595
0.3512,93.45994914176732
0.3513,93.467895740623
0.3514,93.47981563890654
0.3515,93.48776223776224
0.3517,93.50365543547362
0.3519,93.51160203432931
0.3522,93.51557533375716
0.3523,93.519548633185
0.3525,93.52352193261284
0.3527,93.55530832803561
0.3528,93.57517482517483
0.3529,93.57914812460267
0.353,93.58709472345836
0.3531,93.60298792116974
0.3534,93.60696122059758
0.3535,93.61888111888112
0.3536,93.62285441830896
0.3538,93.6268277177368
0.354,93.63874761602034
0.3541,93.65066751430388
0.3542,93.65464081373173
0.3543,93.67848061029879
0.3546,93.68245390972663
0.3548,93.69040050858233
0.3549,93.71821360457724
0.355,93.72616020343293
0.3551,93.73013350286078
0.3552,93.74602670057216
0.3553,93.7579465988557
0.3554,93.77383979656707
0.3556,93.77781309599492
0.356,93.81357279084553
0.3561,93.82151938970121
0.3563,93.82549268912905
0.3564,93.82946598855689
0.3565,93.83343928798475
0.3567,93.83741258741259
0.3568,93.88509218054672
0.3569,93.89303877940242
0.357,93.9009853782581
0.3573,93.91290527654164
0.3575,93.93277177368087
0.3578,93.93674507310871
0.3582,93.96058486967578
0.3583,93.97647806738716
0.3585,93.980451366815
0.3587,93.99634456452638
0.3588,94.00031786395424
0.359,94.01621106166562
0.3593,94.03607755880483
0.3594,94.04005085823268
0.3595,94.07978385251113
0.3598,94.08375715193897
0.3599,94.1393833439288
0.36,94.14732994278448
0.3603,94.17514303877941
0.3604,94.19103623649077
0.3605,94.21487603305785
0.3608,94.22679593134139
0.361,94.23871582962492
0.3613,94.24268912905276
0.3614,94.25063572790846
0.3617,94.2546090273363
0.362,94.25858232676414
0.3621,94.26652892561982
0.3622,94.31818181818183
0.3623,94.32612841703751
0.3629,94.34599491417673
0.3631,94.35394151303242
0.3634,94.35791481246027
0.3635,94.36188811188812
0.3637,94.36586141131596
0.3638,94.3777813095995
0.364,94.39764780673872
0.3641,94.42148760330579
0.3646,94.47711379529561
0.3649,94.4850603941513
0.365,94.48903369357915
0.3652,94.49300699300699
0.3653,94.53273998728544
0.3654,94.57644628099173
0.3655,94.59233947870311
0.3658,94.6002860775588
0.3659,94.60425937698666
0.366,94.61220597584233
0.3664,94.61617927527018
0.3668,94.62809917355372
0.3669,94.64796567069294
0.3675,94.65988556897648
0.3676,94.66385886840433
0.3677,94.67577876668786
0.3678,94.69564526382707
0.3679,94.73140495867769
0.3681,94.74332485696122
0.3682,94.7512714558169
0.3684,94.76319135410044
0.3685,94.7671646535283
0.3687,94.78703115066752
0.3688,94.79100445009536
0.369,94.79895104895105
0.3693,94.81881754609027
0.3695,94.87841703750794
0.3696,94.89431023521932
0.3701,94.9181500317864
0.3704,94.92212333121424
0.3705,94.92609663064209
0.3706,94.93801652892562
0.3708,94.94596312778131
0.371,94.96582962492054
0.3711,94.97377622377621
0.3713,94.98172282263191
0.3714,94.98569612205976
0.3716,94.99364272091545
0.3718,95.00158931977114
0.3719,95.02940241576606
0.3721,95.05324221233312
0.3724,95.07310870947234
0.3725,95.07708200890019
0.3726,95.10886840432295
0.3729,95.11681500317863
0.373,95.13270820089002
0.3735,95.13668150031786
0.3736,95.15257469802924
0.3739,95.16052129688494
0.3741,95.18038779402416
0.3743,95.18436109345201
0.3745,95.20025429116338
0.375,95.20422759059123
0.3751,95.20820089001907
0.3752,95.21614748887475
0.3753,95.2558804831532
0.3755,95.25985378258105
0.3757,95.26780038143674
0.3758,95.27972027972028
0.3759,95.28369357914812
0.3761,95.29164017800382
0.3762,95.29561347743166
0.3763,95.30356007628735
0.3764,95.3075333757152
0.3765,95.31547997457088
0.3768,95.33931977113795
0.3769,95.34329307056579
0.3772,95.34726636999365
0.3773,95.35521296884933
0.3774,95.35918626827717
0.3775,95.36713286713287
0.3776,95.37507946598855
0.3777,95.39891926255562
0.3781,95.40289256198346
0.3782,95.41878575969484
0.3783,95.42673235855054
0.3787,95.44659885568977
0.3789,95.45057215511761
0.3791,95.4585187539733
0.3792,95.46249205340115
0.3796,95.53401144310236
0.3798,95.5379847425302
0.3799,95.5459313413859
0.38,95.54990464081374
0.3801,95.56579783852511
0.3802,95.57771773680864
0.3803,95.60553083280357
0.3804,95.61347743165925
0.3808,95.62539732994279
0.381,95.64129052765416
0.3811,95.67705022250476
0.3812,95.68499682136046
0.3816,95.70089001907184
0.3819,95.70486331849968
0.3821,95.73664971392245
0.3822,95.74062301335029
0.3824,95.75254291163382
0.3825,95.75651621106167
0.3829,95.7684361093452
0.3831,95.78432930705658
0.3832,95.80022250476796
0.384,95.81611570247934
0.3842,95.8399554990464
0.3844,95.84392879847425
0.3846,95.85187539732995
0.3847,95.85584869675779
0.3849,95.87174189446917
0.385,95.8836617927527
0.3851,95.8916083916084
0.3852,95.90750158931976
0.3856,95.91147488874762
0.3857,95.9631277813096
0.3859,95.97902097902097
0.3861,96.00286077558805
0.3862,96.01080737444374
0.3864,96.01478067387158
0.3866,96.01875397329943
0.3867,96.02272727272727
0.387,96.03067387158296
0.3871,96.03464717101082
0.3872,96.03862047043864
0.3874,96.0425937698665
0.3876,96.05054036872218
0.3877,96.07040686586141
0.3879,96.07438016528926
0.3882,96.09821996185633
0.3883,96.10219326128417
0.3886,96.11411315956771
0.3888,96.12603305785123
0.389,96.13000635727909
0.3891,96.14589955499046
0.3892,96.16179275270184
0.3893,96.16576605212968
0.3894,96.16973935155754
0.3895,96.17371265098538
0.3896,96.1935791481246
0.3898,96.21344564526383
0.3899,96.22139224411951
0.3903,96.22536554354735
0.3904,96.2730451366815
0.3905,96.28893833439288
0.3907,96.29291163382072
0.391,96.30085823267642
0.3911,96.30483153210426
0.3912,96.31277813095996
0.3914,96.3167514303878
0.3919,96.33264462809917
0.3923,96.34059122695487
0.3924,96.3445645263827
0.3926,96.3525111252384
0.3928,96.36840432294977
0.393,96.388270820089
0.3934,96.3962174189447
0.3938,96.41608391608392
0.3942,96.42800381436744
0.3943,96.4319771137953
0.3945,96.44389701207882
0.3946,96.44787031150668
0.3947,96.47965670692943
0.3948,96.49952320406867
0.395,96.51541640178004
0.3953,96.52733630006357
0.3955,96.53925619834712
0.3956,96.54322949777495
0.3958,96.5472027972028
0.3961,96.55912269548634
0.3963,96.57898919262556
0.3965,96.60680228862047
0.3967,96.62269548633185
0.3968,96.63858868404323
0.3975,96.66640178003814
0.3977,96.67037507946598
0.3978,96.67434837889384
0.398,96.67832167832168
0.3981,96.68229497774952
0.3983,96.69421487603306
0.3985,96.70613477431658
0.3986,96.72202797202797
0.3988,96.72600127145581
0.399,96.87301335028607
0.3994,96.87698664971393
0.3995,96.88095994914177
0.3996,96.88493324856961
0.3998,96.8928798474253
0.4,96.95247933884298
0.4001,96.96439923712651
0.4002,96.9723458359822
0.4004,96.98823903369357
0.4006,96.99221233312142
0.4007,96.99618563254927
0.4011,97.00015893197711
0.4012,97.01605212968849
0.4014,97.02797202797203
0.4019,97.04783852511125
0.4021,97.0518118245391
0.4023,97.05578512396694
0.4024,97.06373172282264
0.4025,97.06770502225048
0.4026,97.0955181182454
0.4034,97.12333121424031
0.4035,97.12730451366815
0.4038,97.13922441195169
0.4048,97.14319771137953
0.4052,97.14717101080737
0.4054,97.15114431023521
0.4055,97.1670375079466
0.4058,97.17101080737444
0.4059,97.17895740623014
0.4061,97.18293070565798
0.4062,97.18690400508582
0.4064,97.20677050222505
0.4067,97.21074380165288
0.4071,97.21471710108074
0.4072,97.23458359821996
0.4074,97.2465034965035
0.4076,97.27431659249841
0.4078,97.29020979020979
0.4079,97.30610298792118
0.4082,97.3180228862047
0.4084,97.32199618563256
0.4087,97.35775588048315
0.4088,97.361729179911
0.4089,97.36967577876669
0.4094,97.3974888747616
0.4096,97.40146217418945
0.41,97.4054354736173
0.4101,97.42132867132867
0.4103,97.42530197075652
0.4104,97.4411951684679
0.4106,97.44516846789574
0.4108,97.45311506675142
0.4112,97.46106166560712
0.4114,97.46900826446281
0.4115,97.47298156389066
0.412,97.48092816274635
0.4122,97.4849014621742
0.4124,97.48887476160203
0.4125,97.49682136045772
0.4126,97.50476795931341
0.4128,97.5127145581691
0.4131,97.52066115702479
0.4135,97.52463445645265
0.4139,97.53655435473617
0.4141,97.54450095359186
0.4142,97.58026064844246
0.4144,97.6001271455817
0.4146,97.60410044500954
0.4148,97.61204704386522
0.4149,97.62396694214877
0.4154,97.63588684043229
0.4156,97.65972663699937
0.4159,97.67561983471074
0.4163,97.67959313413859
0.4166,97.68356643356644
0.4167,97.68753973299428
0.4172,97.69548633184996
0.4176,97.69945963127782
0.4177,97.7074062301335
0.4178,97.71535282898918
0.418,97.73124602670057
0.4181,97.73521932612842
0.4184,97.74713922441195
0.4188,97.75508582326763
0.419,97.76700572155119
0.4192,97.77097902097903
0.4193,97.77495232040685
0.4195,97.7868722186904
0.4196,97.79084551811825
0.4197,97.80276541640178
0.42,97.81865861411316
0.4205,97.822631913541
0.4206,97.82660521296886
0.4207,97.84647171010808
0.4212,97.8583916083916
0.4213,97.86236490781945
0.4214,97.89415130324221
0.4221,97.9020979020979
0.4223,97.90607120152575
0.4224,97.9100445009536
0.4225,97.92196439923713
0.423,97.93388429752066
0.4233,97.95375079465988
0.4234,97.96567069294342
0.4235,97.96964399237127
0.4236,97.9815638906548
0.4237,97.98553719008265
0.4242,98.00937698664971
0.4244,98.01335028607755
0.4245,98.02129688493325
0.4247,98.02527018436109
0.4251,98.03719008264463
0.4253,98.04116338207247
0.426,98.07294977749524
0.4261,98.08089637635092
0.4269,98.08884297520662
0.4272,98.09281627463446
0.4274,98.0967895740623
0.4276,98.10076287349014
0.4278,98.11268277177369
0.4279,98.11665607120152
0.4281,98.12062937062937
0.4284,98.12460267005721
0.4286,98.12857596948507
0.4287,98.13652256834075
0.4288,98.14049586776859
0.4289,98.14844246662429
0.4292,98.16433566433567
0.4294,98.16830896376351
0.4297,98.17625556261919
0.43,98.18420216147489
0.4304,98.18817546090274
0.4306,98.19612205975842
0.4307,98.20804195804196
0.4312,98.21996185632548
0.4315,98.22393515575334
0.4316,98.23982835346472
0.4317,98.24777495232041
0.432,98.25174825174825
0.4321,98.2557215511761
0.4322,98.26366815003179
0.4325,98.26764144945963
0.4328,98.27558804831533
0.4329,98.27956134774315
0.433,98.28353464717101
0.4334,98.29545454545455
0.4336,98.29942784488239
0.4337,98.31134774316592
0.4339,98.31532104259378
0.4342,98.32326764144946
0.4344,98.3272409408773
0.4347,98.33121424030516
0.4349,98.33916083916084
0.435,98.34313413858868
0.4351,98.34710743801654
0.4355,98.35902733630006
0.4356,98.3709472345836
0.436,98.40273363000635
0.4363,98.41068022886205
0.4366,98.41862682771773
0.4368,98.42260012714557
0.4369,98.43452002542912
0.437,98.43849332485696
0.4371,98.44643992371265
0.4372,98.45835982199618
0.4375,98.46233312142402
0.4377,98.46630642085188
0.4378,98.47822631913542
0.4379,98.4861729179911
0.4383,98.50603941513032
0.4384,98.51398601398601
0.4385,98.53385251112525
0.4389,98.54179910998093
0.4393,98.54974570883662
0.4394,98.5576923076923
0.44,98.56563890654799
0.4404,98.57358550540368
0.4405,98.57755880483154
0.4408,98.58153210425937
0.4409,98.58550540368722
0.4411,98.59345200254292
0.4414,98.6093452002543
0.4415,98.62523839796567
0.4416,98.63715829624921
0.442,98.64113159567705
0.4422,98.65305149396059
0.4423,98.66497139224411
0.4426,98.67291799109981
0.4428,98.67689129052766
0.4429,98.69278448823904
0.443,98.69675778766688
0.4431,98.70470438652256
0.4435,98.71265098537826
0.4436,98.7166242848061
0.4437,98.72854418308964
0.4438,98.73251748251748
0.4442,98.73649078194534
0.4443,98.75238397965671
0.4445,98.75635727908455
0.4446,98.7603305785124
0.4447,98.76430387794024
0.4448,98.77622377622379
0.4449,98.78019707565161
0.4454,98.79211697393515
0.4455,98.796090273363
0.4457,98.80403687221869
0.4459,98.81198347107438
0.4463,98.83582326764146
0.4465,98.85171646535282
0.4466,98.85966306420852
0.4471,98.86363636363636
0.4473,98.8676096630642
0.4475,98.87158296249206
0.4476,98.8755562619199
0.4477,98.87952956134775
0.4479,98.88350286077558
0.4482,98.88747616020343
0.4487,98.89542275905913
0.4488,98.89939605848697
0.4494,98.90336935791481
0.4495,98.90734265734265
0.4499,98.9192625556262
0.45,99.13779402415767
0.4503,99.14574062301334
0.4506,99.1497139224412
0.4512,99.15766052129689
0.4515,99.16163382072473
0.4523,99.16560712015257
0.4525,99.17355371900827
0.4543,99.18150031786396
0.4544,99.18547361729179
0.4547,99.18944691671965
0.4553,99.19342021614749
0.4562,99.20534011443102
0.4569,99.20931341385887
0.4575,99.21726001271456
0.4576,99.2212333121424
0.4581,99.23712650985378
0.4587,99.24904640813732
0.459,99.25301970756516
0.4598,99.26096630642085
0.46,99.26891290527654
0.4624,99.27288620470439
0.4636,99.27685950413223
0.4649,99.28083280356009
0.4653,99.28480610298791
0.4659,99.29672600127145
0.466,99.30467260012715
0.4664,99.30864589955499
0.4673,99.31261919898283
0.4677,99.31659249841069
0.4688,99.32851239669421
0.4716,99.34043229497776
0.4734,99.34837889383344
0.474,99.35235219326128
0.4744,99.35632549268912
0.4753,99.37619198982836
0.4756,99.3801652892562
0.4765,99.38413858868404
0.4766,99.39208518753973
0.4791,99.39605848696758
0.48,99.40003178639543
0.4811,99.40797838525111
0.4814,99.41195168467895
0.4816,99.41989828353465
0.4825,99.42784488239033
0.4841,99.43976478067387
0.4849,99.44771137952955
0.4865,99.4516846789574
0.4866,99.45565797838525
0.488,99.4596312778131
0.4898,99.46360457724094
0.49,99.46757787666878
0.4911,99.47155117609663
0.4939,99.49141767323586
0.4961,99.4953909726637
0.4971,99.49936427209154
0.4975,99.5033375715194
0.4988,99.51128417037508
0.4989,99.51525746980292
0.5,99.56293706293707
0.5008,99.57088366179275
0.5012,99.57485696122059
0.5024,99.57883026064845
0.5032,99.58677685950413
0.5034,99.59472345835982
0.5044,99.60267005721552
0.5056,99.60664335664336
0.5057,99.61458995549904
0.508,99.6185632549269
0.5103,99.62253655435474
0.5181,99.62650985378258
0.5192,99.64240305149396
0.5202,99.64637635092181
0.5255,99.6543229497775
0.5279,99.65829624920534
0.5303,99.66226954863319
0.5326,99.66624284806103
0.5336,99.67021614748887
0.5342,99.67418944691671
0.5348,99.68213604577241
0.5353,99.69405594405595
0.5369,99.69802924348379
0.553,99.70200254291164
0.5587,99.70994914176732
0.5636,99.71392244119517
0.5651,99.717895740623
0.5719,99.72186904005086
0.5746,99.7258423394787
0.577,99.72981563890654
0.5907,99.73378893833438
0.5921,99.74173553719008
0.5961,99.74570883661794
0.5963,99.74968213604576
0.598,99.75365543547362
0.5983,99.76160203432931
0.6,99.76557533375716
0.6012,99.769548633185
0.6025,99.77352193261284
0.6036,99.77749523204069
0.6235,99.78146853146853
0.6238,99.78544183089637
0.6251,99.78941513032422
0.6267,99.79338842975206
0.6274,99.79736172917991
0.6334,99.80133502860775
0.6342,99.80530832803561
0.6344,99.80928162746345
0.6531,99.82120152574699
0.6569,99.82517482517483
0.6616,99.82914812460267
0.664,99.83709472345836
0.6848,99.8410680228862
0.7086,99.84504132231406
0.7096,99.8490146217419
0.7107,99.86093452002542
0.7164,99.86490781945328
0.7309,99.86888111888112
0.7321,99.88080101716466
0.7369,99.8847743165925
0.75,99.89272091544818
0.7889,99.90861411315957
0.7927,99.91258741258741
0.7944,99.91656071201525
0.8681,99.92053401144311
0.8694,99.93642720915447
0.87,99.94040050858233
0.871,99.94437380801017
0.9,99.94834710743802
0.959,99.95232040686585
1.0,100.0
