0.0155,0.011314350367716388
0.0156,0.041485951348293415
0.0157,0.07165755232887044
0.0158,0.08674335281915897
0.0159,0.1282293041674524
0.016,0.2677729587026212
0.0161,0.42994531397322266
0.0162,0.8862907788044503
0.0164,1.172920988119932
0.0165,1.5312087497642843
0.0166,1.961154063737507
0.0167,2.492928531020177
0.0168,3.601734867056383
0.017,4.1938525363002075
0.0171,4.895342259098624
0.0172,5.6194606826324724
0.0173,6.317178955308315
0.0174,7.007354327739016
0.0175,7.640957948331133
0.0176,8.28964736941354
0.0177,8.91193663963794
0.0178,9.481425608146331
0.0179,10.25457288327362
0.018,11.118234961342637
0.0181,12.140297944559682
0.0182,13.12841787667358
0.0183,14.11653780878748
0.0184,15.236658495191403
0.0185,17.424099566283235
0.0187,18.510277201584007
0.0188,19.619083537620217
0.0189,20.65623232132755
0.019,21.61418065246087
0.0191,23.854422025268715
0.0193,25.144257967188384
0.0194,26.517065811804642
0.0195,27.920045257401473
0.0196,29.439939656798035
0.0197,30.718461248349993
0.0198,31.95926833867622
0.0199,33.211389779370165
0.02,34.750141429379596
0.0201,35.9268338676221
0.0202,36.97152555157458
0.0203,37.97850273430134
0.0204,39.049594569111825
0.0205,40.098057703186875
0.0206,41.210635489345655
0.0207,42.274184423910995
0.0208,44.352253441448234
0.021,45.41580237601357
0.0211,46.4416368093532
0.0212,47.47878559306053
0.0213,48.48199132566472
0.0214,50.262115783518766
0.0216,51.261550066000375
0.0217,52.11012634357911
0.0218,52.92098811993211
0.0219,53.64887799358854
0.022,54.37676786724496
0.0221,55.1687723929851
0.0222,55.94569111823496
0.0223,56.62455214029794
0.0224,57.337356213464076
0.0225,58.9175938148218
0.0227,59.6077691872525
0.0228,60.23382990759947
0.0229,61.01829153309447
0.023,61.651895153686596
0.0231,62.9643597963417
0.0233,63.59796341693381
0.0234,64.23156703752593
0.0235,64.83499905713747
0.0236,65.43465962662644
0.0237,66.06072034697341
0.0238,66.65283801621723
0.0239,67.2260984348482
0.024,67.82575900433717
0.0241,68.3235904205167
0.0242,68.81387893645106
0.0243,69.41353950594004
0.0244,69.99057137469357
0.0245,70.48085989062794
0.0246,70.95606260607204
0.0247,71.38977937016783
0.0248,72.23835564774656
0.025,72.66830096171978
0.0251,73.10956062606073
0.0252,73.47161983782765
0.0253,73.8977937016783
0.0254,74.7765415802376
0.0256,75.15368659249482
0.0257,75.5459174052423
0.0258,75.86649066566095
0.0259,76.2247784273053
0.026,76.6434093909108
0.0261,77.0092400528003
0.0262,77.34489911370922
0.0263,77.70695832547615
0.0264,78.06147463699793
0.0265,78.34056194606826
0.0266,78.63850650575147
0.0267,78.93267961531208
0.0268,79.23062417499528
0.0269,79.54742598529134
0.027,79.90571374693569
0.0271,80.13954365453517
0.0272,80.40731661323778
0.0273,80.67886102206299
0.0274,80.92777673015274
0.0275,81.14274938713936
0.0276,81.3539505940034
0.0277,81.57646615123515
0.0278,81.79143880822176
0.0279,81.97246841410522
0.028,82.24024137280784
0.0281,82.43258532905902
0.0282,82.6249292853102
0.0283,82.8399019422968
0.0284,83.04356024891571
0.0285,83.23213275504432
0.0286,83.39430511031492
0.0287,83.59796341693381
0.0288,83.78276447293985
0.0289,83.99396567980388
0.029,84.25419573826136
0.0291,84.43145389402225
0.0292,84.59739769941542
0.0293,84.79351310578917
0.0294,84.94437111069206
0.0295,85.09900056571752
0.0296,85.26871582123327
0.0297,85.46483122760702
0.0298,85.6420893833679
0.0299,85.78917593814822
0.03,86.32472185555346
0.0301,86.43786535923063
0.0302,86.60003771450123
0.0303,86.72826701866867
0.0304,86.8866679238167
0.0305,87.01866867810674
0.0306,87.1318121817839
0.0307,87.28267018668679
0.0308,87.40712804073166
0.0309,87.50518574391853
0.031,87.64095794833113
0.0311,87.79935885347916
0.0312,87.92004525740147
0.0313,88.0633603620592
0.0314,88.21798981708467
0.0315,88.36884782198754
0.0316,88.47821987554214
0.0317,88.61022062983217
0.0318,88.73467848387705
0.0319,88.87045068828965
0.032,89.1608523477277
0.0322,89.28153875165002
0.0323,89.3909108052046
0.0324,89.48519705826891
0.0325,89.76805581746181
0.0327,89.88874222138412
0.0328,90.00942862530643
0.0329,90.1489722798416
0.033,90.23571563266076
0.0331,90.34508768621535
0.0332,90.45068828964737
0.0333,90.56383179332454
0.0334,90.63548934565341
0.0335,90.71846124835
0.0336,90.80143315104657
0.0337,90.99754855742033
0.0339,91.10314916085235
0.034,91.2049783141618
0.0341,91.2728644163681
0.0342,91.35583631906468
0.0343,91.41995097114841
0.0344,91.50669432396757
0.0345,91.59343767678672
0.0346,91.68018102960588
0.0347,91.74429568168961
0.0348,91.83103903450876
0.0349,91.91401093720536
0.035,91.9894399396568
0.0351,92.05732604186309
0.0352,92.11389779370168
0.0353,92.17801244578541
0.0354,92.31001320007543
0.0356,92.38921365264945
0.0357,92.47218555534603
0.0358,92.54007165755233
0.0359,92.60795775975863
0.036,92.67584386196492
0.0361,92.73241561380351
0.0362,92.78521591551952
0.0363,92.86441636809353
0.0364,92.92475957005468
0.0365,92.98133132189326
0.0366,93.03413162360927
0.0367,93.09070337544786
0.0368,93.12841787667358
0.0369,93.15858947765416
0.037,93.19630397887988
0.0371,93.33207618329247
0.0373,93.35847633415048
0.0374,93.41504808598906
0.0375,93.47916273807279
0.0376,93.50179143880823
0.0377,93.53950594003393
0.0378,93.59607769187252
0.0379,93.63379219309824
0.038,93.6677352442014
0.0381,93.71676409579483
0.0382,93.75825004714312
0.0383,93.84499339996228
0.0385,93.88647935131058
0.0386,93.93550820290402
0.0387,93.9656798038846
0.0388,94.05242315670375
0.039,94.09013765792947
0.0391,94.13916650952291
0.0392,94.17310956062606
0.0393,94.20705261172921
0.0394,94.24099566283236
0.0395,94.25985291344521
0.0396,94.2900245144258
0.0397,94.32773901565152
0.0398,94.35413916650953
0.0399,94.39939656798039
0.04,94.68602677729588
0.0402,94.73505562888931
0.0403,94.76145577974732
0.0404,94.79917028097303
0.0405,94.82179898170847
0.0406,94.8444276824439
0.0407,94.8708278333019
0.0408,94.88968508391477
0.0409,94.93494248538563
0.041,94.95379973599849
0.0411,94.97265698661136
0.0412,95.01414293795965
0.0413,95.04431453894023
0.0414,95.07071468979824
0.0415,95.11220064114652
0.0416,95.14614369224968
0.0417,95.17254384310768
0.0419,95.20648689421083
0.042,95.2366584951914
0.0421,95.26683009617197
0.0422,95.29323024702998
0.0423,95.31585894776542
0.0424,95.3309447482557
0.0425,95.3573448991137
0.0426,95.36488779935885
0.0427,95.40260230058458
0.0428,95.43277390156516
0.0429,95.49688855364887
0.0431,95.51951725438431
0.0432,95.53837450499717
0.0433,95.55723175561003
0.0434,95.61003205732604
0.0436,95.63643220818405
0.0437,95.65906090891949
0.0438,95.67414670940977
0.0439,95.6967754101452
0.044,95.72694701112577
0.0441,95.75334716198378
0.0442,95.77597586271922
0.0443,95.78351876296436
0.0444,95.80237601357722
0.0445,95.8325476145578
0.0446,95.86649066566095
0.0448,95.89289081651896
0.0449,95.91551951725438
0.045,96.10409202338299
0.0451,96.14180652460871
0.0453,96.17197812558929
0.0454,96.19083537620216
0.0455,96.21346407693758
0.0456,96.23232132755044
0.0457,96.26249292853102
0.0458,96.28512162926646
0.0459,96.30020742975674
0.046,96.31529323024704
0.0461,96.3605506317179
0.0462,96.39449368282105
0.0463,96.4284367339242
0.0465,96.44729398453705
0.0466,96.47369413539506
0.0468,96.49632283613049
0.0469,96.51518008674336
0.047,96.54158023760135
0.0471,96.54912313784651
0.0472,96.55666603809165
0.0473,96.57929473882709
0.0474,96.60192343956251
0.0475,96.6170092400528
0.0476,96.63209504054309
0.0477,96.6434093909108
0.0478,96.65095229115595
0.0479,96.66603809164623
0.048,96.70375259287196
0.0482,96.71506694323968
0.0483,96.72260984348482
0.0484,96.74523854422026
0.0485,96.76786724495568
0.0486,96.8055817461814
0.0487,96.82821044691684
0.0488,96.84329624740712
0.0489,96.86215349801999
0.049,96.88101074863285
0.0491,96.89232509900056
0.0492,96.92249669998114
0.0494,96.9300396002263
0.0495,96.95643975108429
0.0496,96.97529700169714
0.0497,97.00546860267772
0.0499,97.020554403168
0.05,97.5523288704507
0.0502,97.56741467094098
0.0503,97.59381482179899
0.0505,97.6051291721667
0.0506,97.61644352253441
0.0507,97.63152932302471
0.0508,97.64661512351499
0.0509,97.68055817461814
0.0511,97.68810107486328
0.0512,97.71072977559871
0.0513,97.71827267584386
0.0514,97.725815576089
0.0515,97.73335847633416
0.0516,97.73712992645672
0.0517,97.74090137657929
0.0519,97.74844427682444
0.052,97.75221572694701
0.0521,97.77861587780502
0.0522,97.78615877805017
0.0523,97.7937016782953
0.0524,97.81255892890816
0.0525,97.81633037903073
0.0526,97.82387327927589
0.0528,97.8351876296436
0.0529,97.83895907976617
0.053,97.85027343013388
0.0531,97.86535923062416
0.0533,97.87290213086932
0.0535,97.89930228172733
0.0536,97.9030737318499
0.0538,97.90684518197247
0.054,97.9294738827079
0.0541,97.94078823307561
0.0542,97.94833113332076
0.0543,97.95964548368848
0.0544,97.96341693381106
0.0545,97.97850273430134
0.0547,97.98227418442391
0.0549,97.99358853479163
0.055,97.9973599849142
0.0551,98.00490288515934
0.0552,98.00867433528192
0.0554,98.0124457854045
0.0555,98.01998868564962
0.0556,98.02753158589478
0.0557,98.03507448613992
0.0558,98.0388459362625
0.0559,98.04261738638506
0.056,98.05393173675279
0.0561,98.05770318687536
0.0563,98.06147463699793
0.0564,98.0652460871205
0.0565,98.07656043748821
0.0566,98.08033188761078
0.0568,98.09918913822365
0.0569,98.10673203846879
0.057,98.11050348859136
0.0571,98.1180463888365
0.0572,98.12181783895907
0.0573,98.12558928908165
0.0574,98.12936073920422
0.0575,98.13690363944937
0.0576,98.14444653969451
0.0577,98.15576089006223
0.0579,98.16707524042995
0.058,98.17084669055251
0.0582,98.17461814067508
0.0583,98.17838959079766
0.0584,98.18216104092023
0.0586,98.19347539128796
0.0587,98.20101829153309
0.0588,98.20856119177824
0.0591,98.21233264190082
0.0592,98.21610409202339
0.0593,98.22364699226853
0.0595,98.23496134263624
0.0596,98.2425042428814
0.0597,98.25381859324911
0.0598,98.26136149349425
0.06,98.28776164435226
0.0601,98.2953045445974
0.0602,98.29907599471997
0.0604,98.30661889496511
0.0605,98.31416179521025
0.0606,98.31793324533284
0.0607,98.32547614557797
0.061,98.32924759570054
0.0611,98.33301904582312
0.0612,98.34056194606826
0.0613,98.34433339619083
0.0614,98.3481048463134
0.0615,98.35187629643598
0.0616,98.35564774655855
0.0618,98.3631906468037
0.0619,98.36696209692627
0.062,98.37073354704884
0.0622,98.37450499717141
0.0624,98.37827644729398
0.0625,98.38204789741656
0.0626,98.39336224778428
0.0628,98.39713369790685
0.0629,98.40844804827456
0.063,98.43107674900999
0.0632,98.44239109937772
0.0633,98.44616254950029
0.0635,98.44993399962286
0.0643,98.45370544974543
0.0644,98.457476899868
0.0646,98.4725627003583
0.065,98.48010560060342
0.0651,98.483877050726
0.0654,98.48764850084858
0.0655,98.49141995097115
0.0658,98.49896285121629
0.0659,98.50650575146143
0.066,98.510277201584
0.0661,98.51404865170657
0.0668,98.51782010182916
0.0669,98.52159155195173
0.067,98.5253630020743
0.0671,98.53290590231944
0.0675,98.54044880256458
0.0678,98.54799170280974
0.0679,98.55176315293231
0.068,98.55930605317744
0.0682,98.56684895342259
0.0683,98.57062040354516
0.0684,98.57439185366773
0.0687,98.58193475391288
0.0689,98.58570620403545
0.069,98.58947765415802
0.0691,98.5932491042806
0.0695,98.59702055440317
0.07,98.66867810673205
0.0701,98.67622100697719
0.0703,98.67999245709976
0.0704,98.6875353573449
0.0706,98.69130680746747
0.0709,98.69507825759004
0.0711,98.69884970771261
0.0712,98.7026211578352
0.0713,98.71016405808032
0.0717,98.7139355082029
0.0718,98.71770695832548
0.072,98.72902130869319
0.0721,98.73279275881576
0.0728,98.73656420893833
0.0733,98.7403356590609
0.0736,98.74410710918347
0.0737,98.75165000942863
0.0738,98.7554214595512
0.074,98.75919290967377
0.0742,98.76673580991891
0.0743,98.77050726004148
0.0747,98.77427871016405
0.0748,98.77805016028664
0.0749,98.78182161040921
0.075,98.85725061286065
0.0751,98.86102206298321
0.0755,98.86479351310578
0.0756,98.86856496322835
0.0757,98.87610786347351
0.0758,98.87987931359608
0.0759,98.88742221384122
0.0761,98.89119366396379
0.0764,98.89496511408636
0.077,98.9175938148218
0.0771,98.92136526494437
0.0775,98.92513671506694
0.0777,98.94022251555722
0.078,98.9439939656798
0.0788,98.95153686592495
0.0794,98.95530831604752
0.0796,98.95907976617009
0.08,98.96285121629266
0.0801,98.96662266641523
0.0818,98.97416556666037
0.0819,98.98170846690553
0.0821,98.99302281727324
0.0822,98.99679426739581
0.0824,99.00056571751838
0.0826,99.00433716764095
0.0827,99.00810861776354
0.0837,99.01188006788611
0.084,99.01565151800867
0.0842,99.01942296813124
0.0846,99.02319441825382
0.0847,99.0269658683764
0.0849,99.03073731849896
0.0852,99.03450876862154
0.0858,99.0382802187441
0.0863,99.04205166886668
0.0864,99.04582311898925
0.0866,99.04959456911182
0.0868,99.05336601923439
0.0869,99.05713746935697
0.0872,99.06468036960212
0.0879,99.07222326984726
0.088,99.07599471996983
0.0881,99.0797661700924
0.0882,99.08353762021497
0.0887,99.08730907033755
0.0889,99.09108052046011
0.0893,99.09485197058268
0.0897,99.09862342070525
0.09,99.17028097303412
0.0902,99.17782387327928
0.0909,99.18159532340185
0.0914,99.18536677352442
0.0917,99.18913822364699
0.0918,99.19668112389213
0.0922,99.2004525740147
0.0924,99.20422402413728
0.0926,99.20799547425986
0.0939,99.21176692438243
0.0946,99.215538374505
0.0948,99.21930982462757
0.0956,99.22308127475014
0.0966,99.23439562511786
0.097,99.23816707524044
0.0978,99.24193852536301
0.098,99.24570997548557
0.0984,99.24948142560814
0.0985,99.25325287573071
0.0992,99.2570243258533
0.0995,99.26079577597586
0.1,99.39656798038847
0.1031,99.40033943051102
0.1032,99.4041108806336
0.1085,99.40788233075618
0.1089,99.41165378087875
0.1103,99.41542523100132
0.111,99.42296813124646
0.1111,99.42673958136903
0.1112,99.4305110314916
0.112,99.43428248161418
0.12,99.47199698283991
0.121,99.50971148406562
0.126,99.57005468602678
0.1261,99.60022628700736
0.127,99.8227418442391
0.128,99.84537054497454
0.13,99.84914199509711
0.14,99.88308504620026
0.15,99.8906279464454
0.17,99.89439939656798
0.25,99.9057137469357
0.252,99.90948519705827
0.3,99.91325664718083
0.315,99.92079954742599
0.5,99.93211389779371
0.504,99.93588534791627
0.8,99.93965679803884
1.0,99.95474259852914
1.2,99.95851404865171
1.26,100.0
