0.0785,0.00198145359435682
0.0786,0.00396290718871364
0.0787,0.00792581437742728
0.0788,0.01188872156614092
0.0792,0.01585162875485456
0.0793,0.0198145359435682
0.0794,0.0297218039153523
0.0795,0.037647618292779586
0.0796,0.043591979075850044
0.0798,0.04557343267020686
0.0799,0.051517793453277325
0.08,0.05548070064199097
0.0801,0.07133232939684553
0.0803,0.08123959736862962
0.0804,0.09312831893477054
0.0805,0.0970912261234842
0.0806,0.12086866925576603
0.0808,0.13077593722755013
0.0809,0.1446461123880479
0.081,0.1565348339541888
0.0811,0.17436791630340018
0.0812,0.19021954505825472
0.0813,0.21003408100182291
0.0814,0.23381152413410478
0.0815,0.25164460648331616
0.0816,0.26947768883252754
0.0817,0.27938495680431163
0.0818,0.297218039153523
0.0819,0.3130696679083776
0.082,0.3348656574463026
0.0821,0.3566616469842276
0.0822,0.3923278116826504
0.0823,0.4161052548149322
0.0824,0.4557343267020686
0.0825,0.4834746770230641
0.0826,0.5052706665609892
0.0827,0.5270666560989141
0.0828,0.5548070064199097
0.0829,0.5825473567409052
0.083,0.6360466037885393
0.0832,0.6538796861377506
0.0833,0.6756756756756757
0.0834,0.7093603867797416
0.0835,0.7430450978838076
0.0837,0.7628596338273758
0.0838,0.7846556233653008
0.0839,0.8104145200919394
0.084,0.8738210351113577
0.0842,0.8975984782436395
0.0843,0.9273202821589919
0.0844,0.9510977252912736
0.0845,0.968930807640485
0.0846,1.012522786716335
0.0847,1.0561147657921852
0.0848,1.0878180233018941
0.0849,1.1215027344059603
0.085,1.1393358167551717
0.0851,1.1690576206705239
0.0852,1.1868907030197353
0.0853,1.2205754141238012
0.0854,1.2562415788222239
0.0855,1.2899262899262898
0.0856,1.3196480938416422
0.0857,1.3473884441626376
0.0858,1.388998969644131
0.0859,1.454386938257906
0.0861,1.4801458349845447
0.0862,1.5177934532773243
0.0863,1.5554410715701037
0.0864,1.6010145042403106
0.0866,1.622810493778236
0.0867,1.6485693905048744
0.0868,1.6802726480145833
0.0869,1.7317904414678609
0.0871,1.7575493381944993
0.0872,1.795196956487279
0.0873,1.8308631211857016
0.0874,1.8665292858841245
0.0875,1.89426963620512
0.0876,1.9299358009035428
0.0877,1.9854165015455338
0.0878,2.0230641198383132
0.0879,2.0527859237536656
0.088,2.0963779028295155
0.0881,2.141951335499723
0.0882,2.1994134897360706
0.0883,2.244986922406277
0.0884,2.2885789014821274
0.0885,2.3361337877466912
0.0886,2.3836886740112546
0.0887,2.4451137354363164
0.0888,2.5124831576444477
0.0889,2.5699453118807956
0.089,2.6313703733058573
0.0891,2.708647063485773
0.0892,2.777997939288262
0.0893,2.9384956804311644
0.0895,3.0217167313941506
0.0896,3.0910676071966394
0.0897,3.1802330189426966
0.0898,3.3288420385194577
0.09,3.394230007133233
0.0901,3.4437663469921533
0.0902,3.52698739795514
0.0903,3.693429499881113
0.0905,3.812316715542522
0.0906,3.91931520963779
0.0907,4.028295157327415
0.0908,4.111516208290402
0.0909,4.198700166442102
0.091,4.281921217405089
0.0911,4.377030989934216
0.0912,4.476103669652057
0.0913,4.612823967662677
0.0914,4.739636997701513
0.0915,4.838709677419355
0.0916,4.94768962510898
0.0917,5.048743758421178
0.0918,5.1418720773559485
0.0919,5.225093128318934
0.092,5.3261472616311325
0.0921,5.439090116509472
0.0922,5.690734722992787
0.0924,5.805659031465483
0.0925,5.916620432749465
0.0926,6.039470555599588
0.0927,6.257430450978838
0.0929,6.380280573828961
0.093,6.50511215027344
0.0931,6.635888087500991
0.0932,6.889514147578664
0.0934,7.038123167155426
0.0935,7.202583815487042
0.0936,7.361100103035587
0.0937,7.495838947451851
0.0938,7.585004359197908
0.0939,7.709835935642387
0.094,7.860426408813506
0.0941,8.018942696362052
0.0942,8.15566299437267
0.0943,8.310216374732505
0.0944,8.478639930252834
0.0945,8.623286042640881
0.0946,8.781802330189427
0.0947,8.928429896171831
0.0948,9.051280019021954
0.0949,9.158278513117223
0.095,9.28509154315606
0.0951,9.392090037251327
0.0952,9.497107077752238
0.0953,9.60806847903622
0.0954,9.742807323452485
0.0955,9.88349052865182
0.0956,10.222319093286835
0.0958,10.364983752080526
0.0959,10.507648410874218
0.096,10.632479987318696
0.0961,10.921772212094792
0.0963,11.032733613378774
0.0964,11.13576920028533
0.0965,11.24078624078624
0.0966,11.516208290401838
0.0968,11.631132598874535
0.0969,11.750019814535943
0.097,11.890703019735279
0.0971,11.99572006023619
0.0972,12.134421811841168
0.0973,12.257271934691289
0.0974,12.411825315051122
0.0975,12.576285963382738
0.0976,12.748672426091781
0.0977,12.923040342395181
0.0978,13.091463897915512
0.0979,13.287627803756836
0.098,13.46001426646588
0.0981,13.604660378853929
0.0982,13.79091701672347
0.0983,13.969247840215582
0.0984,14.159467385273835
0.0985,14.500277403503208
0.0987,14.668700959023539
0.0988,14.84306887532694
0.0989,15.031306966790838
0.099,15.34833954188793
0.0992,15.522707458191329
0.0993,15.695093920900371
0.0994,15.887294919552982
0.0995,16.271696916858208
0.0997,16.450027740350322
0.0998,16.666006182135217
0.0999,16.89387334548625
0.1,17.090037251327576
0.1001,17.311960053895536
0.1002,17.4605690734723
0.1003,17.644844257747483
0.1004,17.85289688515495
0.1005,17.991598636759928
0.1006,18.18974399619561
0.1007,18.35024173733851
0.1008,18.530554014424983
0.1009,18.671237219624317
0.101,18.82380914638979
0.1011,18.964492351589126
0.1012,19.138860267892525
0.1013,19.281524926686217
0.1014,19.445985575017833
0.1015,19.606483316160737
0.1016,19.745185067765714
0.1017,19.868035190615835
0.1018,19.99088531346596
0.1019,20.315843702940477
0.1021,20.464452722517237
0.1022,20.617024649282715
0.1023,20.769596576048187
0.1024,20.941983038757233
0.1025,21.11833240865499
0.1026,21.264959974637392
0.1027,21.459142426884362
0.1028,21.639454703970834
0.1029,21.813822620274234
0.103,22.006023618926847
0.1031,22.170484267258463
0.1032,22.35079654434493
0.1033,22.548941903780616
0.1034,22.691606562574304
0.1035,22.834271221367995
0.1036,22.98684314813347
0.1037,23.1552667036538
0.1038,23.307838630419276
0.1039,23.47428073234525
0.104,23.612982483950226
0.1041,23.747721328366488
0.1042,23.888404533565826
0.1043,24.038995006736943
0.1044,24.22723309820084
0.1045,24.395656653721172
0.1046,24.556154394864073
0.1047,24.748355393516682
0.1048,24.89498295949909
0.1049,25.053499247047633
0.105,25.196163905841324
0.1051,25.34675437901244
0.1052,25.513196480938415
0.1053,25.683601490053103
0.1054,25.83022905603551
0.1055,25.99270825077277
0.1056,26.149243084726955
0.1057,26.297852104303715
0.1058,26.44447967028612
0.1059,26.5831814218911
0.106,26.73773480225093
0.1061,26.89426963620512
0.1062,27.027027027027028
0.1063,27.145914242688434
0.1064,27.30046762304827
0.1065,27.433225013870178
0.1066,27.558056590314656
0.1067,27.714591424268843
0.1068,27.861218990251245
0.1069,28.007846556233652
0.107,28.160418482999127
0.1071,28.31893477054767
0.1072,28.461599429341366
0.1073,28.622097170484267
0.1074,28.7627803756836
0.1075,28.91138939526036
0.1076,29.03423951811049
0.1077,29.210588888008242
0.1078,29.353253546801934
0.1079,29.507806927161766
0.108,29.644527225172386
0.1081,29.79709915193786
0.1082,29.971467068241264
0.1083,30.12800190219545
0.1084,30.258777839423
0.1085,30.399461044622335
0.1086,30.55995878576524
0.1087,30.68280890861536
0.1088,30.825473567409052
0.1089,30.962193865419675
0.109,31.094951256241576
0.1091,31.2316715542522
0.1092,31.364428945074106
0.1093,31.503130696679083
0.1094,31.64777680906713
0.1095,31.78647856067211
0.1096,31.960846476975508
0.1097,32.07775223904256
0.1098,32.18276927954347
0.1099,32.321471031148455
0.11,32.462154236347786
0.1101,32.57707854482048
0.1102,32.72568756439724
0.1103,32.86637076959658
0.1104,33.00705397479591
0.1105,33.145755726400886
0.1106,33.310216374732505
0.1107,33.460806847903626
0.1108,33.61932313545217
0.1109,33.746136165491
0.111,33.89870809225648
0.1111,34.071094554965526
0.1112,34.23753665689149
0.1113,34.3702940477134
0.1114,34.477292541808666
0.1115,34.582309582309584
0.1116,34.71506697313149
0.1117,34.8339541887929
0.1118,34.97463739399223
0.1119,35.101450424031064
0.112,35.21835618609812
0.1121,35.364983752080526
0.1122,35.489815328525005
0.1123,35.63644289450741
0.1124,35.789014821272886
0.1125,35.92969802647222
0.1126,36.08821431402077
0.1127,36.23880478719189
0.1128,36.411191249900924
0.1129,36.591503526987395
0.113,36.75398272172466
0.1131,36.904573194895775
0.1132,37.04723785368947
0.1133,37.18593960529444
0.1134,37.32067844971071
0.1135,37.471268922881826
0.1136,37.65554410715701
0.1137,37.81802330189427
0.1138,37.97059522865974
0.1139,38.15090750574622
0.114,38.327256875643975
0.1141,38.52143932789094
0.1142,38.71760323373227
0.1143,38.87017516049774
0.1144,39.07426488071649
0.1145,39.286280415312675
0.1146,39.47649996037092
0.1147,39.62510897994769
0.1148,39.79155108187366
0.1149,39.93817864785606
0.115,40.082824760244115
0.1151,40.22350796544345
0.1152,40.3681540778315
0.1153,40.514781643813905
0.1154,40.64159467385274
0.1155,40.79812950780693
0.1156,40.94277562019498
0.1157,41.117143536498375
0.1158,41.26971546326385
0.1159,41.416343029246256
0.116,41.6025996671158
0.1161,41.76111595466434
0.1162,41.91170642783546
0.1163,42.07220416897836
0.1164,42.22081318855512
0.1165,42.375366568914956
0.1166,42.52793849568043
0.1167,42.66267734009669
0.1168,42.791471823729886
0.1169,42.93413648252358
0.117,43.06293096615677
0.1171,43.21153998573353
0.1172,43.37005627328208
0.1173,43.51073947848141
0.1174,43.669255766029956
0.1175,43.83173496076722
0.1176,43.97836252674963
0.1177,44.130934453515096
0.1178,44.295395101846715
0.1179,44.481651739716256
0.118,44.64809384164223
0.1181,44.82048030435127
0.1182,44.95521914876753
0.1183,45.10779107553301
0.1184,45.232622651977486
0.1185,45.34952841404454
0.1186,45.45652690813981
0.1187,45.589284298961715
0.1188,45.710152968217486
0.1189,45.81120710152968
0.119,45.904335420464456
0.1191,46.035111357692
0.1192,46.148054212570344
0.1193,46.280811603392245
0.1194,46.41356899421415
0.1195,46.52453039549814
0.1196,46.6592692399144
0.1197,46.78608226995324
0.1198,46.930728382341286
0.1199,47.055559958785764
0.12,47.204168978362524
0.1201,47.33296346199572
0.1202,47.46373939922327
0.1203,47.584608068479035
0.1204,47.73717999524451
0.1205,47.87191883966078
0.1206,48.02845367361496
0.1207,48.18498850756915
0.1208,48.319727351985414
0.1209,48.45248474280732
0.121,48.61100103035587
0.1211,48.74177696758342
0.1212,48.84481255448998
0.1213,49.00927320282159
0.1214,49.124197511294284
0.1215,49.266862170087975
0.1216,49.379805024966316
0.1217,49.47095189030673
0.1218,49.59380201315685
0.1219,49.71467068241262
0.122,49.841483712451456
0.1221,49.95442656732979
0.1222,50.071332329396846
0.1223,50.212015534596176
0.1224,50.3209954822858
0.1225,50.4359197907585
0.1226,50.538955377665054
0.1227,50.66973131489261
0.1228,50.75889672663866
0.1229,50.86985812792264
0.123,50.98874534358405
0.1231,51.097725291273676
0.1232,51.21264959974637
0.1233,51.337481176190856
0.1234,51.4365538559087
0.1235,51.53958944281525
0.1236,51.694142823175085
0.1237,51.83878893556313
0.1238,51.945787429658395
0.1239,52.05674883094238
0.124,52.21130221130221
0.1241,52.31433779820877
0.1242,52.44709518903067
0.1243,52.569945311880794
0.1244,52.680906713164774
0.1245,52.78196084647697
0.1246,52.92066259808196
0.1247,53.055401442498216
0.1248,53.19212174050884
0.1249,53.3129904097646
0.125,53.45367361496394
0.1251,53.55670920187049
0.1252,53.703336767852896
0.1253,53.82816834429738
0.1254,53.93912974558136
0.1255,54.0520726004597
0.1256,54.15907109455497
0.1257,54.27201394943331
0.1258,54.39882697947213
0.1259,54.5018625663787
0.126,54.587065070936035
0.1261,54.66632321471031
0.1262,54.73963699770151
0.1263,54.83474677023064
0.1264,54.92589363557106
0.1265,55.03883649044939
0.1266,55.15177934532773
0.1267,55.248870571451214
0.1268,55.35785051914084
0.1269,55.46088610604739
0.127,55.55401442498217
0.1271,55.65506855829436
0.1272,55.779900134738845
0.1273,55.892842989617186
0.1274,56.01965601965602
0.1275,56.13061742094
0.1276,56.27922644051676
0.1277,56.396132202583814
0.1278,56.509075057462155
0.1279,56.64777680906713
0.128,56.74486803519062
0.1281,56.88753269398431
0.1282,57.01038281683443
0.1283,57.216453990647544
0.1285,57.32543393833717
0.1286,57.41856225727193
0.1287,57.53150511215027
0.1288,57.737576285963385
0.129,57.81485297614329
0.1291,57.91788856304986
0.1292,58.00705397479591
0.1293,58.183403344693666
0.1295,58.26662439565665
0.1296,58.405326147261626
0.1297,58.504398826979475
0.1298,58.74415471189665
0.13,58.84124593802014
0.1301,58.9205040817944
0.1302,59.00372513275739
0.1303,59.215740667353565
0.1305,59.316794800665775
0.1306,59.441626377110246
0.1307,59.538717603233735
0.1308,59.72695569469762
0.131,59.81413965284933
0.1311,59.89141634302925
0.1312,59.978600301180954
0.1313,60.08758024887057
0.1314,60.178727114210986
0.1315,60.25798525798526
0.1316,60.33129904097646
0.1317,60.446223349449156
0.1318,60.521518586034716
0.1319,60.60672109059205
0.132,60.719663945470394
0.1321,60.856384243481024
0.1322,60.979234366331134
0.1323,61.117936117936125
0.1324,61.240786240786235
0.1325,61.37552508520251
0.1326,61.49044939367519
0.1327,61.61726242371404
0.1328,61.73218673218673
0.1329,61.82333359752714
0.133,61.92240627724499
0.1331,62.009590235396686
0.1332,62.096774193548384
0.1333,62.18593960529445
0.1334,62.30086391376714
0.1335,62.41380676864547
0.1336,62.53863834508996
0.1337,62.65356265356266
0.1338,62.744709518903065
0.1339,62.84576365221527
0.134,62.94285487833875
0.1341,63.06372354759452
0.1342,63.162796227312356
0.1343,63.26186890703019
0.1344,63.3629230403424
0.1345,63.44019973052231
0.1346,63.630419275580564
0.1348,63.721566140920984
0.1349,63.82063882063882
0.135,63.907822778790525
0.1351,64.11587540619799
0.1353,64.19909645716098
0.1354,64.30411349766189
0.1355,64.38337164143616
0.1356,64.5874613616549
0.1358,64.69644130934454
0.1359,64.7578663707696
0.136,64.94808591582785
0.1361,65.13236110010303
0.1363,65.22945232622652
0.1364,65.31069192359516
0.1365,65.38796861377506
0.1366,65.56233653007847
0.1368,65.63961322025838
0.1369,65.74859316794802
0.137,65.8179440437505
0.1371,65.9328683522232
0.1372,66.01212649599746
0.1373,66.08742173258302
0.1374,66.15875406197986
0.1375,66.25980819529207
0.1376,66.34699215344376
0.1377,66.43615756518983
0.1378,66.52532297693588
0.1379,66.6065625743045
0.138,66.69572798605057
0.1381,66.78489339779662
0.1382,66.87207735594832
0.1383,66.9513354997226
0.1384,67.02068637552509
0.1385,67.11183324086551
0.1386,67.17920266307364
0.1387,67.24260917809305
0.1388,67.30997860030118
0.1389,67.37536656891496
0.139,67.43084726955695
0.1391,67.48632797019893
0.1392,67.56162320678449
0.1393,67.63097408258699
0.1394,67.71023222636126
0.1395,67.81723072045652
0.1396,67.88856304985337
0.1397,67.96385828643892
0.1398,68.05302369818499
0.1399,68.10652294523263
0.14,68.18379963541254
0.1401,68.22342870729968
0.1402,68.30070539747959
0.1403,68.35816755171594
0.1404,68.41761115954664
0.1405,68.48498058175477
0.1406,68.54442418958548
0.1407,68.61377506538797
0.1408,68.66925576602996
0.1409,68.82975350717287
0.1411,68.90306729016406
0.1412,68.97439961956091
0.1413,69.02789886660854
0.1414,69.16461916461917
0.1416,69.2181184116668
0.1417,69.29341364825235
0.1418,69.36276452405484
0.1419,69.45589284298961
0.1421,69.51731790441468
0.1422,69.59063168740587
0.1423,69.65007529523659
0.1424,69.76698105730364
0.1426,69.82048030435128
0.1427,69.88983118015376
0.1428,69.94134897360705
0.1429,70.11175398272172
0.1431,70.18506776571293
0.1432,70.25640009510977
0.1433,70.3059364349687
0.1434,70.38123167155426
0.1435,70.46247126892288
0.1436,70.51993342315923
0.1437,70.59522865974479
0.1438,70.67052389633035
0.1439,70.73789331853848
0.144,70.81120710152969
0.1441,70.88055797733217
0.1442,70.91820559562495
0.1443,70.98953792502179
0.1444,71.05492589363557
0.1445,71.1222953158437
0.1446,71.1956090988349
0.1447,71.24514543869383
0.1448,71.32242212887374
0.1449,71.39573591186495
0.145,71.46706824126179
0.1451,71.52651184909249
0.1452,71.56415946738527
0.1453,71.62756598240469
0.1454,71.68502813664104
0.1455,71.7424902908774
0.1456,71.81382262027424
0.1457,71.87722913529365
0.1458,71.94459855750178
0.1459,71.99809780454942
0.146,72.08528176270111
0.1461,72.16057699928668
0.1462,72.23983514306094
0.1463,72.29927875089165
0.1464,72.36664817309979
0.1465,72.43401759530792
0.1466,72.48751684235555
0.1467,72.55092335737497
0.1468,72.60244115082824
0.1469,72.65197749068717
0.147,72.68169929460252
0.1471,72.74708726321629
0.1472,72.85606721090592
0.1474,72.90956645795356
0.1475,72.94325116905762
0.1476,73.00665768407704
0.1477,73.09384164222874
0.1479,73.15328525005944
0.148,73.200840136324
0.1481,73.27415391931521
0.1482,73.36926369184434
0.1484,73.41483712451455
0.1485,73.46239201077911
0.1486,73.5040025362606
0.1487,73.62090829832766
0.1489,73.67440754537529
0.149,73.72988824601728
0.1491,73.76555441071571
0.1492,73.87453435840533
0.1494,73.92407069826425
0.1495,73.99540302766108
0.1496,74.04692082111437
0.1497,74.10240152175635
0.1498,74.15590076880399
0.1499,74.2292145517952
0.15,74.28271379884283
0.1501,74.35404612823969
0.1502,74.40160101450424
0.1503,74.43726717920266
0.1504,74.49671078703336
0.1505,74.55417294126971
0.1506,74.61757945628914
0.1507,74.66315288895935
0.1508,74.71268922881826
0.1509,74.7800586510264
0.151,74.82166917650788
0.1511,74.87714987714988
0.1512,74.92272330982009
0.1513,74.95838947451851
0.1514,75.0138701751605
0.1515,75.04755488626456
0.1516,75.11096140128399
0.1517,75.1604977411429
0.1518,75.21003408100182
0.1519,75.28136641039866
0.152,75.34279147182373
0.1521,75.394309265277
0.1522,75.44186415154157
0.1523,75.48545613061742
0.1524,75.53499247047634
0.1525,75.59245462471269
0.1526,75.62812078941111
0.1527,75.67567567567568
0.1528,75.71926765475152
0.1529,75.76880399461045
0.153,75.8123959736863
0.1531,75.86193231354522
0.1532,75.91146865340413
0.1533,75.9728937148292
0.1534,76.02243005468812
0.1535,76.1016881984624
0.1537,76.13537290956646
0.1538,76.16311325988745
0.1539,76.19877942458587
0.154,76.30379646508679
0.1542,76.36720298010621
0.1543,76.404850598399
0.1544,76.45240548466354
0.1545,76.53760798922089
0.1547,76.6148846794008
0.1548,76.65451375128795
0.1549,76.70008718395816
0.155,76.79717841008163
0.1552,76.84671474994056
0.1553,76.89030672901642
0.1554,76.93389870809226
0.1555,77.04089720218752
0.1557,77.08647063485773
0.1558,77.14987714987716
0.1559,77.18752476816992
0.156,77.23111674724578
0.1561,77.26876436553856
0.1562,77.33217088055798
0.1563,77.36981849885076
0.1564,77.42529919949274
0.1565,77.46294681778552
0.1566,77.51842751842752
0.1567,77.5560751367203
0.1568,77.62344455892844
0.1569,77.66505508440993
0.157,77.72648014583498
0.1571,77.78196084647698
0.1572,77.82951573274154
0.1573,77.88895934057224
0.1574,77.93849568043116
0.1575,78.00388364904494
0.1576,78.04945708171515
0.1577,78.09106760719663
0.1578,78.13664103986684
0.1579,78.16438139018784
0.158,78.20995482285805
0.1581,78.27534279147183
0.1582,78.30704604898153
0.1583,78.35063802805739
0.1584,78.39423000713323
0.1585,78.43385907902038
0.1586,78.47745105809622
0.1587,78.52302449076643
0.1588,78.5606721090592
0.1589,78.6022826345407
0.159,78.64587461361656
0.1591,78.67955932472061
0.1592,78.72116985020212
0.1593,78.78655781881588
0.1595,78.81033526194815
0.1596,78.84005706586352
0.1597,78.89751922009987
0.1598,78.9688515494967
0.16,79.00649916778949
0.1601,79.05801696124277
0.1602,79.08575731156377
0.1603,79.1531267337719
0.1605,79.20068162003646
0.1606,79.23634778473489
0.1607,79.28588412459379
0.1608,79.37504953633986
0.161,79.43053023698184
0.1611,79.46817785527462
0.1612,79.51771419513355
0.1613,79.60687960687962
0.1615,79.64056431798367
0.1616,79.68613775065388
0.1617,79.72180391535231
0.1618,79.81889514147579
0.162,79.87041293492906
0.1621,79.9100420068162
0.1622,79.95759689308076
0.1623,80.00713323293968
0.1624,80.05468811920426
0.1625,80.11611318062931
0.1626,80.15574225251645
0.1627,80.21518586034715
0.1628,80.25283347863993
0.1629,80.29642545771578
0.163,80.33407307600856
0.1631,80.37964650867877
0.1632,80.43116430213205
0.1633,80.4648490132361
0.1634,80.5064595387176
0.1635,80.54410715701039
0.1636,80.56788460014268
0.1637,80.60949512562415
0.1638,80.66893873345487
0.1639,80.70064199096457
0.164,80.75215978441786
0.1641,80.79773321708805
0.1642,80.83141792819212
0.1643,80.87104700007926
0.1644,80.93247206150433
0.1645,80.97210113339146
0.1646,81.00380439090117
0.1647,81.04937782357136
0.1648,81.10485852421337
0.1649,81.1444875961005
0.165,81.18807957517635
0.1651,81.21185701830863
0.1652,81.2633748117619
0.1653,81.29904097646033
0.1654,81.33470714115876
0.1655,81.36442894507411
0.1656,81.44368708884838
0.1658,81.4793532535468
0.1659,81.52690813981135
0.166,81.57644447967029
0.1661,81.66164698422763
0.1663,81.68938733454863
0.1664,81.72901640643576
0.1665,81.76270111753982
0.1666,81.81620036458746
0.1668,81.8280890861536
0.1669,81.8736625188238
0.167,81.90734722992788
0.1671,81.98660537370215
0.1673,82.02821589918365
0.1674,82.06190061028771
0.1675,82.09162241420306
0.1676,82.1728620115717
0.1678,82.21050962986448
0.1679,82.2600459697234
0.168,82.28382341285567
0.1681,82.3333597527146
0.1683,82.37695173179044
0.1684,82.41459935008322
0.1685,82.44828406118728
0.1686,82.49187604026314
0.1687,82.51763493698978
0.1688,82.54141238012205
0.1689,82.57707854482048
0.169,82.60283744154712
0.1691,82.62859633827377
0.1692,82.66426250297218
0.1693,82.70587302845367
0.1694,82.72172465720853
0.1695,82.74748355393517
0.1696,82.80296425457716
0.1697,82.81287152254893
0.1698,82.84457478005865
0.1699,82.88024094475708
0.17,82.91788856304986
0.1701,82.93572164539907
0.1702,82.98723943885234
0.1703,83.01101688198462
0.1704,83.04073868589997
0.1705,83.08631211857018
0.1706,83.11008956170247
0.1707,83.15368154077831
0.1708,83.18934770547673
0.1709,83.22699532376951
0.171,83.26266148846794
0.1711,83.30030910676072
0.1712,83.3280494570817
0.1713,83.36767852896885
0.1714,83.40928905445034
0.1715,83.43306649758263
0.1716,83.46278830149798
0.1717,83.48854719822462
0.1718,83.51826900213996
0.1719,83.57573115637632
0.1721,83.61139732107475
0.1722,83.64310057858445
0.1723,83.66093366093365
0.1724,83.72632162954744
0.1726,83.76793215502893
0.1727,83.79567250534993
0.1728,83.83133867004835
0.1729,83.90465245303955
0.1731,83.93239280336054
0.1732,83.9482444321154
0.1733,83.97400332884204
0.1734,84.03939129745581
0.1736,84.08100182293731
0.1737,84.11468653404137
0.1738,84.1642228739003
0.1739,84.23555520329714
0.1741,84.27320282158992
0.1742,84.31877625426013
0.1743,84.3425536973924
0.1744,84.39010858365698
0.1746,84.43964492351589
0.1747,84.48125544899739
0.1748,84.51295870650709
0.1749,84.55258777839423
0.175,84.65562336530078
0.1751,84.67345644765
0.1752,84.70912261234842
0.1753,84.73884441626377
0.1754,84.77649203455655
0.1755,84.79828802409448
0.1756,84.82404692082112
0.1757,84.85773163192518
0.1758,84.88547198224617
0.1759,84.91321233256717
0.176,84.9528414044543
0.1761,84.97265594039789
0.1762,85.0182293730681
0.1763,85.040025362606
0.1764,85.06974716652135
0.1765,85.09154315605929
0.1766,85.10541333121978
0.1767,85.14702385670128
0.1768,85.17278275342791
0.1769,85.19259728937149
0.177,85.20844891812634
0.1771,85.24015217563604
0.1772,85.26591107236268
0.1773,85.29365142268368
0.1774,85.3154474122216
0.1775,85.32337322659903
0.1776,85.34516921613697
0.1777,85.36894665926924
0.1778,85.38876119521281
0.1779,85.41055718475073
0.178,85.42442735991122
0.1781,85.45414916382659
0.1782,85.50962986446858
0.1784,85.52350003962907
0.1785,85.54331457557264
0.1786,85.57303637948799
0.1787,85.60077672980898
0.1789,85.6186098121582
0.179,85.64040580169613
0.1791,85.65823888404533
0.1792,85.68597923436633
0.1794,85.70975667749862
0.1795,85.73155266703654
0.1796,85.75533011016881
0.1797,85.80882935721645
0.1799,85.82269953237696
0.18,85.84251406832053
0.1801,85.8662915114528
0.1802,85.89997622255687
0.1804,85.91780930490607
0.1805,85.93167948006658
0.1806,85.9534754696045
0.1807,85.98914163430292
0.1809,86.00499326305778
0.181,86.0267892525957
0.1811,86.05056669572798
0.1812,86.08425140683205
0.1813,86.10802884996434
0.1814,86.13378774669097
0.1815,86.14567646825712
0.1816,86.16549100420067
0.1817,86.18926844733296
0.1818,86.21106443687088
0.1819,86.2328604264088
0.182,86.24673060156931
0.1821,86.27645240548466
0.1822,86.29428548783387
0.1823,86.30419275580566
0.1824,86.33787746690973
0.1825,86.36363636363636
0.1826,86.39137671395736
0.1827,86.42307997146706
0.1828,86.44685741459935
0.1829,86.46667195054292
0.183,86.48846794008085
0.1831,86.5320599191567
0.1832,86.54593009431719
0.1833,86.57961480542126
0.1834,86.60735515574225
0.1835,86.62716969168582
0.1836,86.65292858841246
0.1837,86.66878021716732
0.1838,86.68661329951652
0.1839,86.70840928905446
0.184,86.73614963937545
0.1841,86.75596417531901
0.1842,86.78370452564
0.1843,86.81540778314972
0.1844,86.839185226282
0.1845,86.8807957517635
0.1847,86.90061028770705
0.1848,86.91844337005628
0.1849,86.93825790599983
0.185,86.97986843148134
0.1852,87.00562732820796
0.1853,87.02940477134025
0.1854,87.04723785368947
0.1855,87.09479273995403
0.1857,87.10866291511454
0.1858,87.13045890465246
0.1859,87.15027344059602
0.186,87.19386541967187
0.1862,87.20377268764365
0.1863,87.23151303796465
0.1864,87.26717920266307
0.1865,87.28897519220101
0.1867,87.31077118173893
0.1868,87.33454862487122
0.1869,87.35238170722042
0.187,87.38804787191884
0.1872,87.40588095426806
0.1873,87.41578822223983
0.1874,87.43956566537211
0.1875,87.45739874772133
0.1876,87.4772132836649
0.1877,87.48712055163668
0.1878,87.50891654117461
0.1879,87.51684235555204
0.188,87.5465641594674
0.1881,87.55647142743916
0.1882,87.57232305619402
0.1883,87.59411904573194
0.1884,87.61393358167552
0.1885,87.62978521043037
0.1886,87.65554410715701
0.1887,87.67734009669493
0.1888,87.6971546326385
0.1889,87.72291352936514
0.189,87.73876515812
0.1891,87.76056114765792
0.1892,87.78632004438455
0.1893,87.80019021954506
0.1894,87.8160418482999
0.1895,87.84180074502656
0.1896,87.84972655940398
0.1897,87.86954109534754
0.1898,87.88737417769676
0.1899,87.90718871364032
0.19,87.92700324958389
0.1901,87.96068796068795
0.1902,87.97653958944281
0.1903,87.98248395022588
0.1904,88.0003170325751
0.1905,88.01815011492431
0.1906,88.04390901165094
0.1907,88.05183482602837
0.1908,88.08948244432115
0.191,88.10533407307601
0.1911,88.12514860901958
0.1912,88.14100023777443
0.1913,88.18261076325592
0.1915,88.22223983514306
0.1916,88.23214710311484
0.1917,88.25790599984148
0.1918,88.28168344297377
0.192,88.32923832923832
0.1921,88.34112705080447
0.1922,88.3668859475311
0.1923,88.41047792660696
0.1925,88.4362368233336
0.1926,88.45605135927717
0.1927,88.47388444162638
0.1928,88.48973607038123
0.193,88.51549496710787
0.1931,88.56304985337243
0.1932,88.57692002853294
0.1933,88.60069747166521
0.1935,88.62051200760878
0.1936,88.64428945074107
0.1937,88.66212253309027
0.1938,88.67995561543948
0.1939,88.6977886977887
0.194,88.71760323373226
0.1941,88.73345486248712
0.1942,88.75128794483633
0.1943,88.76515811999684
0.1944,88.78299120234604
0.1945,88.80082428469525
0.1946,88.82460172782754
0.1947,88.8404533565824
0.1948,88.85036062455417
0.1949,88.86819370690338
0.195,88.88008242846952
0.1951,88.89989696441309
0.1952,88.91178568597924
0.1953,88.92367440754538
0.1954,88.9454703970833
0.1955,88.96132202583816
0.1956,88.98509946897045
0.1957,89.00689545850837
0.1958,89.032654355235
0.1959,89.04256162320678
0.196,89.0643576127447
0.1961,89.09011650947136
0.1962,89.11191249900926
0.1963,89.13172703495285
0.1964,89.14559721011334
0.1965,89.16343029246255
0.1966,89.1792819212174
0.1967,89.19513354997225
0.1968,89.2070222715384
0.1969,89.21891099310454
0.197,89.24268843623683
0.1971,89.27439169374654
0.1973,89.29816913687881
0.1974,89.31203931203932
0.1975,89.32789094079416
0.1976,89.37544582705873
0.1978,89.38337164143616
0.1979,89.39922327019102
0.198,89.41705635254023
0.1981,89.44479670286121
0.1983,89.45866687802172
0.1984,89.47649996037093
0.1985,89.49235158912579
0.1986,89.52009193944677
0.1988,89.54188792898469
0.1989,89.55972101133392
0.199,89.58151700087184
0.1991,89.62114607275898
0.1993,89.64492351589126
0.1994,89.66275659824046
0.1995,89.67464531980661
0.1996,89.70040421653324
0.1997,89.72418165966553
0.1998,89.74003328842038
0.1999,89.75390346358088
0.2,90.00356661646984
0.2001,90.01743679163035
0.2002,90.02932551319648
0.2003,90.03526987397954
0.2004,90.05508440992313
0.2005,90.0788618530554
0.2006,90.09273202821589
0.2007,90.10263929618768
0.2008,90.11650947134818
0.2009,90.14226836807482
0.201,90.16010145042404
0.2011,90.17793453277324
0.2012,90.19576761512246
0.2013,90.22548941903781
0.2014,90.23143377982088
0.2015,90.24530395498137
0.2016,90.26115558373623
0.2017,90.2809701196798
0.2018,90.30078465562337
0.2019,90.31663628437822
0.202,90.32654355235
0.2021,90.354283902671
0.2022,90.36617262423714
0.2023,90.37409843861457
0.2024,90.382024252992
0.2025,90.40580169612427
0.2026,90.42165332487913
0.2027,90.44939367520013
0.2028,90.46722675754934
0.2029,90.49496710787034
0.203,90.50487437584212
0.2031,90.5147816438139
0.2032,90.53063327256876
0.2033,90.54450344772926
0.2034,90.56431798367282
0.2036,90.58611397321074
0.2037,90.59602124118254
0.2038,90.61781723072045
0.2039,90.65150194182452
0.2041,90.66339066339066
0.2042,90.67329793136246
0.2043,90.6891495601173
0.2044,90.71490845684394
0.2046,90.73076008559879
0.2047,90.73868589997622
0.2048,90.76048188951414
0.2049,90.77237061108029
0.205,90.78425933264643
0.2051,90.79812950780692
0.2052,90.81199968296742
0.2053,90.8179440437505
0.2054,90.83379567250535
0.2055,90.8456843940715
0.2056,90.85559166204328
0.2057,90.86351747642071
0.2058,90.88135055876991
0.2059,90.89720218752477
0.206,90.89918364111912
0.2061,90.9090909090909
0.2062,90.92296108425141
0.2063,90.9368312594119
0.2064,90.93881271300626
0.2065,90.95664579535547
0.2066,90.96655306332725
0.2067,90.99033050645954
0.2068,91.00420068162003
0.2069,91.02203376396925
0.207,91.03194103194103
0.2071,91.0517555678846
0.2072,91.06364428945074
0.2073,91.0794959182056
0.2074,91.08742173258302
0.2075,91.11119917571531
0.2076,91.12705080447016
0.2077,91.13101371165887
0.2078,91.14290243322502
0.2079,91.1528097011968
0.208,91.17262423714037
0.2081,91.1805500515178
0.2082,91.18847586589523
0.2083,91.20630894824443
0.2084,91.21423476262186
0.2085,91.23603075215978
0.2086,91.26971546326385
0.2087,91.2954743599905
0.2088,91.30141872077357
0.2089,91.30934453515098
0.209,91.31925180312277
0.2091,91.32915907109455
0.2092,91.34501069984941
0.2093,91.36482523579298
0.2094,91.3866212253309
0.2095,91.4004914004914
0.2096,91.41634302924625
0.2097,91.43813901878418
0.2098,91.44408337956726
0.2099,91.46389791551081
0.21,91.50748989458667
0.2101,91.52334152334153
0.2102,91.55108187366253
0.2103,91.55900768803996
0.2104,91.57089640960608
0.2105,91.58476658476658
0.2106,91.60854402789886
0.2107,91.62835856384244
0.2108,91.64222873900293
0.2109,91.65411746056907
0.211,91.65808036775779
0.2111,91.6719505429183
0.2112,91.68780217167314
0.2113,91.69374653245622
0.2114,91.72544978996592
0.2115,91.73931996512643
0.2116,91.75715304747563
0.2117,91.77300467623049
0.2118,91.78291194420227
0.2119,91.7948006657684
0.212,91.81659665530634
0.2121,91.82650392327811
0.2122,91.8364111912499
0.2123,91.85622572719348
0.2124,91.86415154157089
0.2125,91.87604026313704
0.2126,91.88594753110883
0.2127,91.89981770626932
0.2128,91.91963224221288
0.2129,91.92557660299596
0.213,91.94737259253388
0.2131,91.95926131410003
0.2132,91.96124276769439
0.2133,91.97709439644923
0.2134,91.99096457160974
0.2135,92.0107791075533
0.2136,92.0385194578743
0.2137,92.06031544741222
0.2138,92.07814852976142
0.2139,92.08805579773322
0.214,92.10787033367679
0.2141,92.12174050883728
0.2142,92.13957359118649
0.2143,92.15146231275263
0.2144,92.16136958072441
0.2145,92.17325830229056
0.2146,92.18118411666799
0.2147,92.20099865261156
0.2148,92.21486882777205
0.2149,92.22477609574383
0.215,92.23864627090434
0.2151,92.2544978996592
0.2152,92.26638662122532
0.2153,92.27629388919712
0.2154,92.29016406435761
0.2155,92.30799714670682
0.2156,92.31988586827296
0.2157,92.33375604343347
0.2158,92.3456447649996
0.2159,92.35753348656574
0.216,92.37932947610366
0.2161,92.38329238329239
0.2162,92.39319965126417
0.2163,92.40706982642467
0.2164,92.43084726955695
0.2165,92.43481017674566
0.2166,92.4466988983118
0.2167,92.46255052706665
0.2168,92.47840215582151
0.2169,92.48632797019893
0.217,92.49425378457636
0.2171,92.51208686692559
0.2172,92.53190140286914
0.2173,92.54973448521837
0.2174,92.56558611397321
0.2175,92.575493381945
0.2176,92.58143774272807
0.2177,92.60125227867164
0.2178,92.60917809304907
0.2179,92.63097408258699
0.218,92.63295553618134
0.2181,92.64088135055877
0.2182,92.64682571134185
0.2183,92.66069588650234
0.2184,92.67654751525718
0.2185,92.69041769041769
0.2186,92.70428786557818
0.2187,92.70626931917253
0.2188,92.7221209479274
0.2189,92.73400966949355
0.219,92.74589839105968
0.2191,92.75184275184274
0.2192,92.75778711262582
0.2193,92.7676943805976
0.2194,92.78552746294682
0.2195,92.79741618451295
0.2196,92.80732345248475
0.2197,92.81723072045652
0.2198,92.82515653483395
0.2199,92.8370452564001
0.22,92.86082269953238
0.2201,92.88460014266467
0.2202,92.89847031782516
0.2203,92.91630340017437
0.2204,92.93215502892922
0.2205,92.93809938971229
0.2206,92.94998811127843
0.2207,92.95791392565587
0.2208,92.96782119362764
0.2209,92.9836728223825
0.221,92.99556154394864
0.2211,93.01735753348656
0.2212,93.03320916224142
0.2213,93.03915352302448
0.2214,93.05698660537371
0.2215,93.07680114131726
0.2216,93.08868986288341
0.2217,93.0985971308552
0.2218,93.11643021320441
0.2219,93.12237457398747
0.222,93.14218910993105
0.2221,93.15407783149719
0.2222,93.17785527462948
0.2223,93.19568835697868
0.2224,93.22144725370532
0.2225,93.23333597527146
0.2226,93.25909487199809
0.2227,93.27098359356424
0.2228,93.28287231513038
0.2229,93.2907981295078
0.223,93.31259411904573
0.2231,93.32250138701752
0.2232,93.33042720139494
0.2233,93.33835301577237
0.2234,93.35618609812158
0.2235,93.37005627328207
0.2236,93.39977807719744
0.2237,93.41562970595228
0.2238,93.42157406673536
0.2239,93.43544424189587
0.224,93.45129587065071
0.2241,93.46318459221685
0.2242,93.48101767456606
0.2243,93.4929063961322
0.2244,93.51073947848143
0.2245,93.51866529285884
0.2246,93.53253546801935
0.2247,93.54244273599113
0.2248,93.55829436474598
0.2249,93.56820163271776
0.225,93.57414599350084
0.2251,93.58009035428391
0.2252,93.58405326147262
0.2253,93.5939605294444
0.2254,93.61377506538797
0.2255,93.63160814773718
0.2256,93.64547832289767
0.2257,93.6494412300864
0.2258,93.67321867321867
0.2259,93.6811444875961
0.226,93.68510739478482
0.2261,93.69105175556788
0.2262,93.70492193072837
0.2263,93.71681065229453
0.2264,93.72869937386066
0.2265,93.74851390980423
0.2266,93.77030989934215
0.2267,93.79210588888009
0.2268,93.7960687960688
0.2269,93.80993897122929
0.227,93.81786478560672
0.2271,93.82579059998415
0.2272,93.8376793215503
0.2273,93.84758658952207
0.2274,93.86145676468257
0.2275,93.87136403265436
0.2276,93.8872156614092
0.2277,93.90504874375843
0.2278,93.91495601173021
0.2279,93.9288261868907
0.228,93.94071490845684
0.2281,93.94864072283427
0.2282,93.95854799080605
0.2283,93.96845525877784
0.2284,93.9843068875327
0.2285,93.98826979472142
0.2286,93.99421415550448
0.2287,94.00412142347626
0.2288,94.0120472378537
0.2289,94.01997305223112
0.229,94.02988032020289
0.2291,94.0437504953634
0.2292,94.05167630974083
0.2293,94.06158357771261
0.2294,94.0754537528731
0.2295,94.0853610208449
0.2296,94.09130538162796
0.2297,94.10121264959974
0.2298,94.11111991757153
0.2299,94.1170642783546
0.23,94.1309344535151
0.2301,94.14480462867559
0.2302,94.15273044305302
0.2303,94.16263771102481
0.2304,94.16660061821352
0.2305,94.1765078861853
0.2306,94.18641515415709
0.2307,94.2002853293176
0.2308,94.21217405088372
0.2309,94.22406277244987
0.231,94.23397004042165
0.2311,94.23991440120473
0.2312,94.2498216691765
0.2313,94.2597289371483
0.2314,94.27558056590316
0.2315,94.27756201949751
0.2316,94.28350638028057
0.2317,94.291432194658
0.2318,94.29935800903543
0.2319,94.30728382341286
0.232,94.31124673060157
0.2321,94.32115399857335
0.2322,94.33106126654513
0.2323,94.33898708092256
0.2324,94.35483870967742
0.2325,94.3647459776492
0.2326,94.37069033843227
0.2327,94.38257905999842
0.2328,94.38456051359277
0.2329,94.39843068875327
0.233,94.4063565031307
0.2331,94.41428231750812
0.2332,94.42617103907426
0.2333,94.43409685345169
0.2334,94.44598557501783
0.2335,94.45985575017833
0.2336,94.46778156455575
0.2337,94.48165173971626
0.2338,94.49155900768804
0.2339,94.50344772925419
0.234,94.51731790441468
0.2341,94.51929935800904
0.2342,94.52920662598082
0.2343,94.54109534754696
0.2344,94.54902116192439
0.2345,94.55496552270746
0.2346,94.56487279067925
0.2347,94.56883569786795
0.2348,94.57874296583974
0.2349,94.59063168740587
0.235,94.60450186256638
0.2351,94.61639058413252
0.2352,94.62431639850995
0.2353,94.63422366648173
0.2354,94.64809384164224
0.2355,94.658001109614
0.2356,94.67187128477451
0.2357,94.68574145993502
0.2358,94.69366727431243
0.2359,94.70555599587857
0.236,94.71150035666165
0.2361,94.72933343901086
0.2362,94.73527779979392
0.2363,94.74716652136007
0.2364,94.76698105730364
0.2365,94.77094396449235
0.2366,94.77886977886978
0.2367,94.78877704684156
0.2368,94.80661012919077
0.2369,94.81849885075691
0.237,94.82642466513434
0.2371,94.83633193310612
0.2372,94.8462392010779
0.2373,94.85020210826663
0.2374,94.86803519061584
0.2375,94.87794245858761
0.2376,94.89775699453119
0.2377,94.89973844812555
0.2378,94.91955298406911
0.2379,94.93540461282397
0.238,94.94729333439011
0.2381,94.96314496314497
0.2382,94.9710707775224
0.2383,94.98097804549418
0.2384,94.99286676706032
0.2385,95.00079258143774
0.2386,95.00871839581518
0.2387,95.01862566378695
0.2388,95.04042165332488
0.2389,95.05032892129667
0.239,95.06023618926844
0.2391,95.0760878180233
0.2392,95.08005072521202
0.2393,95.08401363240073
0.2394,95.10184671474994
0.2395,95.10977252912737
0.2396,95.11967979709915
0.2397,95.13156851866529
0.2398,95.14742014742015
0.2399,95.15534596179758
0.24,95.17317904414678
0.2401,95.18506776571293
0.2402,95.19893794087344
0.2403,95.2088452088452
0.2404,95.21677102322263
0.2405,95.22865974478879
0.2406,95.24054846635491
0.2407,95.2504557343267
0.2408,95.25640009510977
0.2409,95.2643259094872
0.241,95.27027027027027
0.2411,95.274233177459
0.2412,95.2920662598082
0.2413,95.29801062059127
0.2414,95.30989934215741
0.2415,95.31782515653482
0.2416,95.33367678528968
0.2417,95.34160259966711
0.2418,95.3515098676389
0.2419,95.3653800427994
0.242,95.37132440358246
0.2421,95.38321312514861
0.2422,95.39113893952603
0.2423,95.3970833003091
0.2424,95.40104620749781
0.2425,95.40897202187524
0.2426,95.41689783625267
0.2427,95.42680510422446
0.2428,95.43473091860189
0.2429,95.45058254735675
0.243,95.45454545454545
0.2431,95.47832289767774
0.2432,95.48228580486645
0.2433,95.49219307283823
0.2434,95.49615598002696
0.2435,95.50408179440437
0.2436,95.51002615518745
0.2437,95.52191487675358
0.2438,95.53380359831972
0.2439,95.55559958785766
0.244,95.56352540223509
0.2441,95.5674883094238
0.2442,95.57343267020686
0.2443,95.57937703098993
0.2444,95.58928429896172
0.2445,95.59919156693351
0.2446,95.60117302052787
0.2447,95.60909883490528
0.2448,95.62296901006579
0.2449,95.63287627803757
0.245,95.64278354600935
0.2451,95.65269081398114
0.2452,95.66061662835857
0.2453,95.66656098914163
0.2454,95.68043116430212
0.2455,95.68241261789649
0.2456,95.68835697867955
0.2457,95.69430133946263
0.2458,95.70222715384006
0.2459,95.71609732900056
0.246,95.72006023618927
0.2461,95.72402314337798
0.2462,95.7319489577554
0.2463,95.74780058651027
0.2464,95.75770785448205
0.2465,95.76563366885948
0.2466,95.77554093683126
0.2468,95.78346675120869
0.247,95.79337401918046
0.2471,95.79931837996354
0.2472,95.80526274074661
0.2473,95.81715146231275
0.2474,95.82111436950147
0.2475,95.82904018387889
0.2476,95.83696599825632
0.2477,95.83894745185067
0.2478,95.8468732662281
0.2479,95.8567805341999
0.248,95.86668780217167
0.2481,95.86866925576602
0.2482,95.87263216295474
0.2483,95.87857652373782
0.2484,95.8884837917096
0.2485,95.89640960608703
0.2486,95.9063168740588
0.2487,95.91226123484188
0.2488,95.91820559562495
0.2489,95.93009431719109
0.249,95.9380201315685
0.2491,95.94396449235158
0.2492,95.95585321391773
0.2493,95.95981612110644
0.2494,95.97764920345566
0.2495,95.98161211064436
0.2496,95.99944519299358
0.2497,96.00538955377665
0.2498,96.01331536815407
0.2499,96.02322263612587
0.25,96.03312990409765
0.2501,96.04501862566379
0.2502,96.05294444004122
0.2503,96.05492589363557
0.2504,96.06087025441865
0.2505,96.06483316160735
0.2506,96.07077752239043
0.2507,96.08068479036221
0.2508,96.08662915114527
0.2509,96.09653641911706
0.2511,96.10446223349449
0.2512,96.10842514068321
0.2513,96.11436950146629
0.2514,96.11635095506064
0.2515,96.12625822303241
0.2516,96.1361654910042
0.2517,96.14409130538164
0.2518,96.14805421257034
0.2519,96.15399857335342
0.252,96.15796148054213
0.2521,96.16588729491954
0.2522,96.17183165570262
0.2523,96.17579456289134
0.2524,96.18372037726877
0.2525,96.18966473805185
0.2526,96.1916461916462
0.2527,96.19759055242926
0.2528,96.21344218118412
0.2529,96.22136799556155
0.253,96.2233494491559
0.2531,96.22731235634461
0.2532,96.23325671712767
0.2533,96.24316398509947
0.2534,96.25307125307125
0.2535,96.25901561385433
0.2536,96.26297852104304
0.2537,96.2689228818261
0.2538,96.27883014979788
0.2539,96.29468177855274
0.254,96.30458904652454
0.2541,96.30657050011888
0.2542,96.31449631449631
0.2544,96.32638503606246
0.2545,96.33629230403425
0.2546,96.34619957200601
0.2547,96.35610683997781
0.2548,96.3660141079496
0.2549,96.37790282951573
0.255,96.38186573670444
0.2551,96.38781009748752
0.2552,96.39375445827059
0.2553,96.40168027264802
0.2554,96.41356899421416
0.2555,96.41951335499722
0.2556,96.42347626218594
0.2557,96.43536498375208
0.2558,96.44130934453516
0.2559,96.44923515891259
0.256,96.45914242688436
0.2561,96.46508678766743
0.2562,96.47697550923357
0.2564,96.48093841642229
0.2565,96.48291987001664
0.2566,96.49480859158278
0.2567,96.50471585955457
0.2569,96.512641673932
0.257,96.52056748830942
0.2571,96.52453039549815
0.2572,96.5443449314417
0.2574,96.55623365300785
0.2575,96.56019656019656
0.2576,96.56217801379093
0.2577,96.58001109614013
0.2579,96.5859554569232
0.258,96.59388127130063
0.2581,96.60180708567805
0.2582,96.60775144646112
0.2584,96.61171435364983
0.2585,96.62162162162163
0.2586,96.62756598240469
0.2587,96.6453990647539
0.2589,96.64936197194261
0.259,96.66125069350876
0.2591,96.66323214710312
0.2592,96.69097249742411
0.2594,96.69493540461282
0.2595,96.69889831180154
0.2596,96.70484267258462
0.2597,96.71276848696203
0.2599,96.72267575493382
0.26,96.72465720852817
0.2601,96.73456447649997
0.2602,96.75239755884917
0.2605,96.7603233732266
0.2607,96.76824918760403
0.2609,96.78608226995323
0.261,96.79400808433066
0.2611,96.80985971308552
0.2612,96.82571134184037
0.2614,96.83165570262344
0.2615,96.84156297059523
0.2616,96.85147023856702
0.2617,96.85939605294443
0.2619,96.86335896013316
0.262,96.87722913529365
0.2621,96.88515494967108
0.2622,96.90298803202029
0.2623,96.90496948561464
0.2624,96.906950939209
0.2625,96.91289529999207
0.2626,96.9168582071808
0.2627,96.9208211143695
0.2628,96.93469128953
0.2629,96.94459855750178
0.263,96.9485614646905
0.2631,96.9525243718792
0.2632,96.95846873266228
0.2633,96.96639454703971
0.2634,96.96837600063407
0.2635,96.97233890782277
0.2636,96.97828326860585
0.2637,96.9802647222002
0.2638,96.98224617579456
0.2639,96.99215344376636
0.264,97.00007925814378
0.2641,97.00998652611555
0.2642,97.01196797970991
0.2644,97.01394943330428
0.2645,97.01791234049298
0.2646,97.01989379408734
0.2647,97.02781960846477
0.2648,97.03772687643657
0.2649,97.04168978362526
0.2651,97.04961559800269
0.2652,97.05952286597449
0.2653,97.06546722675755
0.2654,97.07141158754062
0.2655,97.07339304113498
0.2656,97.08924466988982
0.2657,97.10113339145597
0.2658,97.10509629864468
0.2659,97.11104065942776
0.266,97.11896647380517
0.2661,97.1229293809939
0.2662,97.13481810256003
0.2663,97.14274391693746
0.2664,97.15265118490925
0.2665,97.1546326385036
0.2666,97.15661409209795
0.2667,97.16255845288103
0.2668,97.16453990647538
0.2669,97.17048426725846
0.267,97.17841008163589
0.2671,97.18039153523024
0.2672,97.18237298882461
0.2673,97.18435444241896
0.2674,97.19029880320203
0.2675,97.20020607117381
0.2677,97.20615043195689
0.2678,97.20813188555124
0.2679,97.21605769992867
0.268,97.2239835143061
0.2681,97.22596496790045
0.2682,97.23983514306094
0.2684,97.24379805024967
0.2685,97.24974241103274
0.2686,97.26163113259886
0.2687,97.26757549338194
0.2688,97.28937148291988
0.269,97.29135293651423
0.2691,97.30522311167472
0.2692,97.31711183324087
0.2693,97.33098200840136
0.2695,97.34088927637315
0.2696,97.34683363715621
0.2697,97.35277799793928
0.2698,97.36070381231671
0.27,97.37061108028851
0.2701,97.3745739874772
0.2702,97.37853689466593
0.2703,97.38844416263771
0.2705,97.39042561623206
0.2706,97.39438852342079
0.2707,97.39636997701514
0.2708,97.40429579139257
0.271,97.40627724498692
0.2712,97.40825869858128
0.2713,97.41420305936434
0.2716,97.41816596655306
0.2717,97.42212887374177
0.2718,97.4300546881192
0.2722,97.43798050249663
0.2723,97.44788777046841
0.2725,97.45185067765712
0.2726,97.45581358484584
0.2727,97.4577950384402
0.2728,97.47562812078941
0.273,97.48157248157248
0.2731,97.48355393516684
0.2732,97.49346120313862
0.2733,97.49742411032733
0.2735,97.50733137829913
0.2736,97.50931283189348
0.2737,97.51723864627091
0.2738,97.52318300705397
0.274,97.5311088214314
0.2741,97.53903463580883
0.2743,97.54299754299754
0.2744,97.54696045018626
0.2745,97.55092335737497
0.2746,97.55686771815803
0.2747,97.56479353253546
0.2748,97.57271934691289
0.2749,97.57866370769597
0.275,97.58064516129032
0.2751,97.58460806847904
0.2752,97.59055242926212
0.2753,97.59253388285646
0.2754,97.60045969723389
0.2755,97.60442260442261
0.2756,97.60838551161132
0.2758,97.61234841880004
0.2759,97.61631132598875
0.276,97.62621859396053
0.2761,97.63216295474359
0.2762,97.63414440833796
0.2763,97.63612586193231
0.2765,97.63810731552667
0.2766,97.64405167630974
0.2767,97.64801458349845
0.2768,97.64999603709282
0.2769,97.65395894428153
0.277,97.6599033050646
0.2771,97.66188475865896
0.2772,97.66386621225331
0.2773,97.66782911944202
0.2774,97.66981057303637
0.2775,97.67179202663073
0.2776,97.67575493381945
0.2777,97.6777363874138
0.2778,97.68368074819688
0.2779,97.68962510897995
0.278,97.69160656257431
0.2781,97.69755092335738
0.2782,97.69953237695174
0.2783,97.7094396449235
0.2784,97.71340255211223
0.2785,97.71736545930094
0.2786,97.72727272727273
0.2787,97.72925418086709
0.2788,97.73123563446144
0.279,97.7332170880558
0.2791,97.73717999524452
0.2792,97.74114290243323
0.2793,97.74708726321629
0.2795,97.75501307759372
0.2796,97.75897598478244
0.2797,97.76492034556551
0.2798,97.77284615994294
0.2799,97.77680906713164
0.28,97.78275342791471
0.2801,97.78869778869779
0.2802,97.7926606958865
0.2803,97.79464214948086
0.2804,97.8025679638583
0.2805,97.81049377823572
0.2806,97.81445668542442
0.2807,97.81643813901879
0.2808,97.81841959261314
0.2809,97.8204010462075
0.2811,97.82634540699057
0.2812,97.83030831417928
0.2813,97.834271221368
0.2814,97.8382341285567
0.2816,97.8481413965285
0.2819,97.85804866450027
0.2822,97.86795593247206
0.2824,97.87390029325513
0.2826,97.87588174684949
0.2828,97.87786320044385
0.2829,97.88380756122692
0.2831,97.88578901482128
0.2832,97.89173337560435
0.2833,97.8937148291987
0.2834,97.90164064357613
0.2836,97.90560355076484
0.2837,97.90956645795356
0.2839,97.91154791154791
0.2841,97.91749227233099
0.2842,97.9214551795197
0.2844,97.92343663311405
0.2847,97.92938099389713
0.2849,97.93928826186891
0.2852,97.94126971546326
0.2854,97.94523262265199
0.2857,97.9491955298407
0.2858,97.95117698343505
0.2859,97.95910279781248
0.2861,97.96306570500118
0.2863,97.96901006578426
0.2864,97.97099151937861
0.2866,97.97297297297297
0.2867,97.97693588016169
0.2868,97.9808987873504
0.2869,97.98882460172783
0.2871,97.99675041610524
0.2872,98.00071332329397
0.2874,98.00665768407704
0.2875,98.01062059126575
0.2876,98.0126020448601
0.2877,98.01458349845447
0.288,98.02052785923753
0.2881,98.0225093128319
0.2882,98.02449076642625
0.2883,98.02647222002061
0.2886,98.02845367361496
0.2887,98.03241658080368
0.2888,98.03637948799239
0.2889,98.03836094158675
0.289,98.04232384877545
0.2891,98.04628675596418
0.2892,98.05024966315288
0.2893,98.05223111674725
0.2894,98.06015693112468
0.2895,98.06213838471903
0.2896,98.06411983831339
0.2897,98.06808274550211
0.2899,98.07997146706823
0.29,98.08591582785131
0.2901,98.08789728144566
0.2902,98.09384164222874
0.2903,98.09582309582309
0.2904,98.09780454941746
0.2905,98.09978600301181
0.2907,98.10176745660617
0.2908,98.10374891020052
0.2909,98.10573036379489
0.291,98.10969327098358
0.2912,98.11167472457795
0.2913,98.11563763176666
0.2914,98.11761908536101
0.2915,98.11960053895538
0.2916,98.12158199254974
0.2917,98.12356344614409
0.2918,98.12950780692717
0.2919,98.13545216771024
0.292,98.13941507489895
0.2921,98.1413965284933
0.2922,98.14734088927636
0.2923,98.14932234287073
0.2924,98.1552667036538
0.2925,98.15922961084252
0.2926,98.16121106443687
0.2927,98.16517397162559
0.2928,98.17111833240865
0.2929,98.17309978600302
0.293,98.17706269319173
0.2932,98.18102560038044
0.2933,98.18498850756914
0.2934,98.18895141475787
0.2935,98.19291432194657
0.2936,98.1968772291353
0.2937,98.20282158991837
0.2938,98.20480304351273
0.294,98.21471031148451
0.2943,98.21669176507886
0.2944,98.22065467226757
0.2945,98.228580486645
0.2948,98.23452484742808
0.2949,98.23848775461678
0.295,98.24641356899421
0.2952,98.24839502258857
0.2953,98.25037647618294
0.2954,98.25235792977729
0.2955,98.25830229056035
0.2957,98.26226519774906
0.2958,98.26424665134343
0.2959,98.26622810493778
0.296,98.27613537290956
0.2962,98.27811682650392
0.2963,98.28009828009829
0.2964,98.28604264088135
0.2965,98.29991281604184
0.2967,98.30585717682492
0.2968,98.31180153760799
0.2969,98.32369025917413
0.297,98.32963461995719
0.2972,98.33359752714591
0.2973,98.33756043433462
0.2974,98.33954188792899
0.2975,98.34944915590077
0.2978,98.3573749702782
0.298,98.36926369184434
0.2982,98.37124514543869
0.2984,98.37322659903305
0.2987,98.3752080526274
0.2988,98.37917095981612
0.2989,98.3851153205992
0.299,98.39105968138226
0.2994,98.39502258857098
0.2995,98.39700404216534
0.2996,98.39898549575969
0.2998,98.40096694935404
0.2999,98.4029484029484
0.3,98.45050328921296
0.3001,98.45248474280733
0.3003,98.45842910359039
0.3004,98.46041055718476
0.3005,98.46437346437347
0.3006,98.46635491796782
0.3007,98.46833637156219
0.3009,98.47031782515654
0.301,98.4722992787509
0.3012,98.4762621859396
0.3013,98.48220654672268
0.3015,98.48418800031703
0.3017,98.48616945391139
0.3018,98.48815090750574
0.3021,98.49211381469446
0.3022,98.49409526828882
0.3023,98.49607672188317
0.3024,98.49805817547754
0.3025,98.50003962907189
0.3026,98.50202108266625
0.3027,98.5040025362606
0.3028,98.50994689704368
0.303,98.51589125782674
0.3034,98.51787271142109
0.3035,98.52183561860981
0.3041,98.52381707220417
0.3043,98.52579852579852
0.3044,98.52976143298724
0.3045,98.5317428865816
0.3046,98.53570579377032
0.305,98.53768724736467
0.3052,98.54363160814773
0.3053,98.5456130617421
0.3058,98.54759451533646
0.3061,98.5495759689308
0.3062,98.55155742252516
0.3064,98.55552032971387
0.3066,98.55750178330823
0.3068,98.5594832369026
0.307,98.56146469049695
0.3071,98.5634461440913
0.3074,98.56542759768566
0.3076,98.56740905128002
0.3078,98.56939050487438
0.3081,98.57533486565745
0.3083,98.5773163192518
0.3086,98.58127922644051
0.309,98.58326068003488
0.3091,98.595149401601
0.3093,98.59713085519537
0.3095,98.59911230878973
0.3096,98.6050566695728
0.3099,98.61100103035587
0.3101,98.61298248395023
0.3105,98.61496393754459
0.3106,98.62090829832766
0.3109,98.622889751922
0.311,98.62487120551636
0.3111,98.62685265911072
0.3115,98.63081556629943
0.3116,98.63874138067686
0.3118,98.64072283427122
0.3121,98.64468574145994
0.3122,98.64666719505429
0.3123,98.65261155583737
0.3126,98.65459300943172
0.3127,98.65657446302608
0.3128,98.65855591662043
0.3129,98.66053737021478
0.313,98.66251882380914
0.3133,98.6645002774035
0.3135,98.67044463818657
0.3136,98.67242609178093
0.3138,98.67440754537529
0.314,98.68431481334707
0.3142,98.6882777205358
0.3143,98.69422208131886
0.3148,98.69620353491321
0.3151,98.69818498850756
0.3152,98.70214789569629
0.3159,98.70412934929064
0.316,98.70809225647935
0.3161,98.71403661726242
0.3162,98.71601807085678
0.3163,98.7199809780455
0.3165,98.7239438852342
0.3166,98.72592533882857
0.3168,98.72790679242293
0.3169,98.73186969961164
0.3173,98.7378140603947
0.3174,98.73979551398907
0.3175,98.74177696758342
0.3176,98.74375842117777
0.3177,98.7477213283665
0.3179,98.75366568914956
0.3182,98.75762859633828
0.3183,98.75961004993263
0.3185,98.76159150352699
0.3186,98.76357295712135
0.3189,98.76555441071571
0.3191,98.76753586431006
0.3195,98.76951731790442
0.3197,98.77546167868748
0.3199,98.77744313228185
0.32,98.7794245858762
0.3201,98.78140603947055
0.3202,98.78338749306491
0.3204,98.78933185384798
0.3205,98.79131330744234
0.3206,98.7932947610367
0.3207,98.79725766822541
0.3212,98.80320202900849
0.3216,98.80518348260283
0.3217,98.80716493619718
0.322,98.80914638979155
0.3221,98.8111278433859
0.3224,98.81310929698026
0.3226,98.81509075057463
0.3227,98.81905365776333
0.3229,98.82103511135769
0.323,98.82301656495204
0.3232,98.82499801854641
0.3234,98.82697947214076
0.3236,98.82896092573512
0.3237,98.83292383292384
0.3239,98.8349052865182
0.324,98.83688674011255
0.3241,98.84283110089561
0.3245,98.84679400808433
0.3247,98.84877546167868
0.3248,98.85075691527304
0.3249,98.85273836886739
0.325,98.85670127605611
0.3251,98.85868272965047
0.3252,98.86066418324482
0.3254,98.86264563683919
0.3259,98.86462709043354
0.326,98.8666085440279
0.3261,98.86858999762225
0.3264,98.87057145121662
0.3266,98.87255290481097
0.3268,98.87651581199968
0.327,98.88047871918839
0.3271,98.88246017278274
0.3272,98.88642307997146
0.3274,98.89038598716017
0.3276,98.89236744075454
0.3277,98.8943488943489
0.3278,98.90029325513197
0.3279,98.90227470872632
0.3283,98.90623761591503
0.3284,98.9082190695094
0.3287,98.91218197669811
0.3288,98.91416343029246
0.3289,98.91614488388682
0.3291,98.91812633748117
0.3297,98.92010779107552
0.3299,98.92208924466989
0.33,98.92407069826425
0.3301,98.93001505904732
0.3303,98.93199651264167
0.3307,98.93397796623603
0.331,98.93794087342475
0.3311,98.9399223270191
0.3312,98.94190378061346
0.3313,98.94388523420781
0.3315,98.94586668780218
0.3318,98.95181104858524
0.3321,98.9537925021796
0.3323,98.95577395577395
0.3325,98.95973686296267
0.3326,98.96171831655703
0.3327,98.96369977015138
0.3328,98.96568122374573
0.333,98.98549575968931
0.3332,98.98747721328367
0.3337,98.99144012047238
0.3338,98.99342157406673
0.3342,98.99540302766108
0.3343,98.99738448125545
0.3345,98.9993659348498
0.3346,99.00134738844416
0.3347,99.00332884203851
0.3348,99.00531029563288
0.3353,99.00729174922724
0.3355,99.01125465641594
0.3356,99.01521756360466
0.3357,99.01719901719902
0.3358,99.01918047079337
0.3363,99.02116192438774
0.3365,99.0231433779821
0.337,99.0271062851708
0.3371,99.02908773876516
0.3372,99.03106919235951
0.3377,99.03305064595386
0.3378,99.03899500673694
0.338,99.0409764603313
0.3381,99.04493936752002
0.3386,99.04692082111437
0.3391,99.04890227470872
0.3392,99.05088372830309
0.3393,99.05286518189745
0.3394,99.0548466354918
0.3396,99.05682808908615
0.3397,99.05880954268052
0.3402,99.06079099627487
0.3405,99.06673535705794
0.3407,99.06871681065229
0.3408,99.07267971784101
0.3409,99.07466117143537
0.3411,99.07664262502972
0.3416,99.07862407862407
0.3419,99.08853134659587
0.3421,99.09051280019023
0.3423,99.09249425378458
0.3424,99.09447570737893
0.3426,99.0964571609733
0.3427,99.09843861456766
0.3429,99.100420068162
0.3431,99.10240152175635
0.3433,99.10438297535072
0.3435,99.11032733613379
0.3436,99.11230878972815
0.3442,99.1142902433225
0.3444,99.11627169691685
0.3446,99.11825315051121
0.3448,99.12023460410558
0.3452,99.12419751129428
0.3453,99.12617896488865
0.3454,99.13212332567171
0.3459,99.13410477926607
0.3461,99.13608623286042
0.3462,99.13806768645478
0.3464,99.14004914004913
0.3466,99.14401204723785
0.3472,99.14797495442656
0.3474,99.14995640802093
0.3476,99.15193786161528
0.3477,99.15391931520963
0.3478,99.15590076880399
0.3479,99.15788222239836
0.3484,99.15986367599271
0.3492,99.16184512958706
0.3495,99.16580803677579
0.35,99.18364111912499
0.3501,99.18958547990806
0.3504,99.19156693350241
0.3506,99.19354838709677
0.3507,99.19552984069114
0.3509,99.19751129428549
0.3514,99.19949274787984
0.3518,99.2014742014742
0.353,99.20345565506857
0.3532,99.20543710866292
0.3533,99.20741856225727
0.3541,99.21138146944598
0.3544,99.21336292304034
0.3545,99.21534437663469
0.3546,99.21732583022906
0.3549,99.21930728382341
0.3551,99.22128873741777
0.3563,99.22525164460649
0.3565,99.22723309820084
0.3575,99.2292145517952
0.3577,99.23317745898392
0.3582,99.23714036617262
0.3583,99.23912181976698
0.3584,99.24110327336135
0.3587,99.2430847269557
0.3592,99.24506618055005
0.3593,99.24704763414441
0.36,99.24902908773876
0.3603,99.25101054133312
0.3605,99.25299199492747
0.3608,99.25497344852184
0.361,99.25695490211619
0.3615,99.25893635571055
0.3619,99.2609178093049
0.3621,99.26289926289927
0.3633,99.26488071649362
0.3635,99.26686217008798
0.3636,99.2708250772767
0.3642,99.2747879844654
0.365,99.27676943805976
0.3653,99.27875089165413
0.366,99.28073234524848
0.3663,99.28271379884283
0.3666,99.28469525243719
0.3667,99.2886581596259
0.3673,99.29063961322025
0.3679,99.29262106681462
0.368,99.29460252040897
0.3689,99.29658397400333
0.3696,99.29856542759768
0.37,99.3025283347864
0.3701,99.30450978838076
0.3705,99.30649124197511
0.3706,99.30847269556948
0.3711,99.31045414916383
0.3716,99.31243560275819
0.3718,99.31441705635254
0.3725,99.31639850994691
0.3734,99.31837996354126
0.3754,99.3203614171356
0.3764,99.32234287072997
0.3767,99.32432432432432
0.3768,99.32630577791868
0.3769,99.32828723151303
0.3771,99.3302686851074
0.3772,99.33225013870175
0.3775,99.3342315922961
0.3777,99.33621304589046
0.3778,99.33819449948483
0.3782,99.34017595307918
0.3783,99.34215740667354
0.3793,99.34413886026789
0.3801,99.34612031386226
0.3804,99.34810176745661
0.3817,99.35008322105097
0.3821,99.35404612823969
0.3827,99.35602758183404
0.3837,99.35800903542838
0.384,99.35999048902275
0.3846,99.36395339621146
0.3847,99.36791630340018
0.3862,99.36989775699453
0.3867,99.37187921058889
0.3876,99.37386066418324
0.3883,99.37584211777761
0.3887,99.37980502496632
0.3892,99.38178647856067
0.3895,99.38574938574939
0.3907,99.3897122929381
0.3908,99.39169374653247
0.3909,99.39367520012681
0.392,99.39763810731552
0.3922,99.39961956090988
0.3924,99.40160101450424
0.3926,99.40358246809859
0.3927,99.40556392169296
0.3955,99.40754537528731
0.3956,99.40952682888167
0.3966,99.41150828247602
0.3971,99.41547118966474
0.3972,99.4174526432591
0.3978,99.41943409685345
0.3982,99.42339700404217
0.399,99.42537845763653
0.3995,99.42735991123088
0.3996,99.42934136482523
0.4003,99.43132281841959
0.4004,99.43330427201394
0.4008,99.4352857256083
0.4011,99.43726717920266
0.4031,99.43924863279702
0.4032,99.44123008639137
0.404,99.44321153998573
0.4045,99.4451929935801
0.4057,99.44717444717445
0.4074,99.4491559007688
0.4077,99.45113735436315
0.4079,99.45510026155188
0.4101,99.45708171514623
0.4105,99.46104462233495
0.4106,99.4630260759293
0.4107,99.46500752952366
0.4108,99.46698898311801
0.4115,99.46897043671237
0.4121,99.47095189030672
0.4131,99.47293334390108
0.4134,99.47491479749544
0.4164,99.4768962510898
0.4168,99.47887770468415
0.4169,99.4808591582785
0.4175,99.48284061187287
0.4189,99.48482206546723
0.4201,99.48680351906158
0.4207,99.48878497265594
0.4218,99.4907664262503
0.422,99.49274787984466
0.4224,99.49472933343901
0.4251,99.49869224062773
0.4272,99.50067369422209
0.4274,99.50265514781644
0.4281,99.5046366014108
0.4286,99.5085995085995
0.429,99.51058096219386
0.4299,99.51256241578822
0.4308,99.51454386938258
0.431,99.51652532297693
0.4314,99.51850677657129
0.433,99.52048823016565
0.4332,99.52246968376001
0.4335,99.52445113735436
0.4338,99.52643259094872
0.4345,99.52841404454308
0.4357,99.53039549813744
0.4358,99.53237695173179
0.4359,99.53435840532615
0.4368,99.53633985892051
0.4369,99.53832131251487
0.4377,99.54030276610922
0.4379,99.54228421970357
0.4388,99.54426567329793
0.44,99.59776492034557
0.4407,99.59974637393992
0.4431,99.60172782753428
0.4434,99.60370928112864
0.4461,99.605690734723
0.4463,99.60767218831735
0.4471,99.6096536419117
0.4492,99.61163509550607
0.4495,99.61361654910043
0.4536,99.61559800269477
0.4555,99.61757945628914
0.4559,99.61956090988349
0.4566,99.62154236347784
0.4585,99.62550527066657
0.4586,99.62748672426092
0.4597,99.62946817785527
0.4608,99.63144963144963
0.4661,99.633431085044
0.4693,99.63541253863835
0.48,99.63937544582706
0.4806,99.64135689942142
0.4808,99.64531980661013
0.4815,99.64730126020449
0.4816,99.64928271379885
0.4852,99.6512641673932
0.4859,99.65324562098755
0.4863,99.65522707458192
0.4878,99.65918998177062
0.4934,99.66117143536498
0.4958,99.66315288895935
0.496,99.6651343425537
0.4968,99.66711579614805
0.4978,99.6690972497424
0.4981,99.67107870333678
0.499,99.67306015693113
0.5,99.68693033209163
0.5019,99.68891178568597
0.5021,99.69287469287468
0.5024,99.69485614646905
0.505,99.70080050725213
0.5112,99.70278196084648
0.5162,99.70476341444083
0.5165,99.70674486803519
0.5185,99.70872632162954
0.5187,99.71070777522391
0.5197,99.71268922881826
0.5221,99.71467068241262
0.5233,99.71665213600699
0.5368,99.71863358960134
0.5382,99.72061504319569
0.5385,99.72259649679005
0.5387,99.7245779503844
0.5413,99.72655940397875
0.5414,99.72854085757311
0.5415,99.73052231116746
0.5435,99.73250376476183
0.545,99.73448521835618
0.5467,99.73646667195054
0.5473,99.73844812554489
0.5477,99.74241103273361
0.5583,99.74439248632797
0.5659,99.74637393992232
0.5709,99.74835539351669
0.5721,99.75033684711104
0.5741,99.7523183007054
0.5758,99.75429975429975
0.5759,99.75628120789412
0.5765,99.75826266148847
0.5777,99.76024411508283
0.5829,99.76222556867718
0.5837,99.76420702227153
0.5845,99.76618847586589
0.6,99.80383609415867
0.6193,99.80581754775302
0.6201,99.80779900134739
0.6203,99.80978045494174
0.6235,99.8117619085361
0.624,99.81374336213045
0.6245,99.81572481572482
0.6252,99.81770626931917
0.6261,99.81968772291353
0.63,99.82365063010225
0.6306,99.8256320836966
0.6313,99.82761353729096
0.665,99.96235238170722
0.7,99.98414837124514
0.798,99.98811127843385
0.8,99.99207418562257
0.8312,99.99405563921692
1.0,99.99801854640565
1.2,100.0
