0.1596,0.0020981515285033885
0.1598,0.004196303057006777
0.16,0.006294454585510165
0.1601,0.008392606114013554
0.1606,0.010490757642516942
0.1607,0.01258890917102033
0.1608,0.02517781834204066
0.161,0.03147227292755083
0.1611,0.037766727513060996
0.1612,0.044061182098571156
0.1613,0.048257485155577935
0.1615,0.05035563668408132
0.1621,0.05455193974108811
0.1622,0.05874824279809488
0.1623,0.06714084891210843
0.1624,0.06923900044061182
0.1625,0.07343530349761859
0.1627,0.07763160655462538
0.1628,0.08182790961163215
0.1632,0.08392606114013554
0.1633,0.08602421266863892
0.1635,0.08812236419714231
0.1636,0.09022051572564571
0.1637,0.09441681878265248
0.1638,0.09861312183965926
0.1639,0.10280942489666604
0.164,0.11120203101067959
0.1641,0.11330018253918298
0.1642,0.11539833406768636
0.1643,0.12379094018169993
0.1644,0.1300853947672101
0.1645,0.13428169782421687
0.1646,0.1426743039382304
0.1647,0.15526321310925076
0.1648,0.15945951616625753
0.1649,0.1615576676947609
0.165,0.1636558192232643
0.1651,0.1657539707517677
0.1652,0.17204842533727785
0.1653,0.1825391829797948
0.1654,0.19512809215081514
0.1655,0.1972262436793185
0.1656,0.2140114559073456
0.1658,0.22660036507836595
0.1659,0.23289481966387612
0.166,0.24758188036339987
0.1661,0.26856339564843373
0.1663,0.2895449109334676
0.1664,0.3042319716329913
0.1665,0.31682088080401166
0.1666,0.33360609303203875
0.1668,0.3440968506745557
0.1669,0.35039130526006584
0.167,0.35668575984557604
0.1671,0.3692746690165964
0.1673,0.37976542665911334
0.1674,0.3881580327731269
0.1676,0.4070413965296574
0.1678,0.4175321541721743
0.1679,0.4259247602861878
0.168,0.43431736640020147
0.1681,0.46369148779924885
0.1683,0.46998594238475905
0.1684,0.480476700027276
0.1685,0.4846730030842827
0.1686,0.49306560919829634
0.1687,0.49726191225530303
0.1688,0.5119489729548268
0.1689,0.5266360336543505
0.169,0.5392249428253708
0.1691,0.5623046096389082
0.1692,0.5706972157529216
0.1693,0.5832861249239419
0.1694,0.5895805795094522
0.1695,0.5958750340949623
0.1696,0.6021694886804725
0.1697,0.6147583978514929
0.1698,0.6357399131365268
0.1699,0.6462306707790436
0.17,0.6609177314785674
0.1701,0.6756047921780911
0.1702,0.6923900044061182
0.1703,0.7112733681626487
0.1704,0.7175678227481589
0.1705,0.7217641258051657
0.1706,0.7259604288621724
0.1707,0.7406474895616961
0.1708,0.7637271563752334
0.1709,0.788904974717274
0.171,0.8203772476448249
0.1711,0.8434569144583622
0.1712,0.8602421266863893
0.1713,0.8812236419714231
0.1714,0.9084996118419673
0.1715,0.9231866725414909
0.1716,0.9357755817125113
0.1717,0.9630515515830553
0.1718,0.9798367638110825
0.1719,1.0092108852101298
0.1721,1.025996097438157
0.1722,1.046977612723191
0.1723,1.0595665218942112
0.1724,1.0763517341222384
0.1726,1.0868424917647552
0.1727,1.0994314009357755
0.1728,1.1057258555212857
0.1729,1.1309036738633265
0.1731,1.13929627997734
0.1732,1.1539833406768638
0.1733,1.1686704013763876
0.1734,1.1791611590189044
0.1736,1.1917500681899247
0.1737,1.1980445227754348
0.1738,1.2085352804179519
0.1739,1.2253204926459789
0.1741,1.231614947231489
0.1742,1.2400075533455026
0.1743,1.2504983109880197
0.1744,1.2609890686305365
0.1746,1.2672835232160466
0.1747,1.2756761293300602
0.1748,1.2777742808585635
0.1749,1.2798724323870672
0.175,1.2861668869725773
0.1751,1.2966576446150941
0.1752,1.3113447053146179
0.1753,1.3155410083716246
0.1754,1.3197373114286313
0.1755,1.3323262205996518
0.1756,1.3428169782421686
0.1757,1.3491114328276788
0.1758,1.355405887413189
0.1759,1.3742892511697196
0.176,1.3847800088122364
0.1761,1.4015652210402634
0.1762,1.4141541302112839
0.1763,1.4162522817397871
0.1765,1.4225467363252975
0.1766,1.4330374939678143
0.1767,1.4435282516103314
0.1768,1.4561171607813517
0.1769,1.468706069952372
0.177,1.4708042214808754
0.1771,1.4729023730093787
0.1772,1.4812949791233923
0.1773,1.4917857367659093
0.1774,1.495982039822916
0.1775,1.500178342879923
0.1776,1.5022764944084261
0.1777,1.512767252050943
0.1779,1.5274543127504667
0.178,1.5358469188644803
0.1781,1.544239524978494
0.1782,1.5589265856780177
0.1784,1.5694173433205345
0.1785,1.5736136463775414
0.1786,1.5799081009630516
0.1787,1.5841044040200585
0.1789,1.5903988586055684
0.179,1.598791464719582
0.1791,1.6050859193050924
0.1792,1.6176748284761127
0.1795,1.619772980004616
0.1796,1.6218711315331191
0.1797,1.6239692830616228
0.1799,1.6260674345901263
0.1801,1.6302637376471327
0.1802,1.6470489498751602
0.1804,1.6554415559891738
0.1805,1.6617360105746837
0.1806,1.6701286166886973
0.1807,1.6890119804452277
0.1809,1.705797192673255
0.181,1.7141897987872683
0.1811,1.7246805564297851
0.1812,1.7351713140723022
0.1813,1.7435639201863158
0.1814,1.7498583747718262
0.1815,1.7540546778288326
0.1816,1.7645454354713497
0.1817,1.7708398900568598
0.1818,1.7771343446423702
0.1819,1.7939195568703972
0.182,1.8107047690984244
0.1821,1.8274899813264516
0.1822,1.8337844359119615
0.1823,1.842177042025975
0.1824,1.8526677996684922
0.1825,1.8610604057825058
0.1826,1.8694530118965194
0.1827,1.8757474664820293
0.1828,1.877845618010533
0.1829,1.8799437695390362
0.183,1.8841400725960429
0.1832,1.8883363756530498
0.1833,1.890434527181553
0.1834,1.8946308302385597
0.1835,1.8967289817670632
0.1837,1.8988271332955668
0.1838,1.9030234363525733
0.1841,1.9051215878810768
0.1842,1.90721973940958
0.1843,1.9135141939950904
0.1844,1.9156123455235936
0.1845,1.928201254694614
0.1847,1.9344957092801243
0.1848,1.944986466922641
0.1849,1.9512809215081515
0.185,1.965967982207675
0.1852,1.9827531944357022
0.1853,1.993243952078219
0.1854,2.003734709720736
0.1855,2.0310106795912803
0.1857,2.047795891819307
0.1858,2.0603848009903274
0.1859,2.0750718616898514
0.186,2.089758922389375
0.1862,2.1023478315603956
0.1863,2.1212311953169256
0.1864,2.1338201044879463
0.1865,2.14850716518747
0.1867,2.158997922829987
0.1868,2.1736849835295105
0.1869,2.1799794381150206
0.187,2.196764650343048
0.1872,2.207255407985565
0.1873,2.219844317156585
0.1874,2.2282369232705985
0.1875,2.2366295293846123
0.1878,2.242923983970122
0.1879,2.2450221354986257
0.188,2.257611044669646
0.1881,2.261807347726653
0.1882,2.2701999538406663
0.1883,2.2743962568976728
0.1884,2.27859255995468
0.1885,2.2848870145401903
0.1886,2.2932796206542037
0.1887,2.3037703782967203
0.1888,2.3079666813537276
0.1889,2.312162984410734
0.189,2.3142611359392373
0.1891,2.3184574389962442
0.1892,2.3247518935817544
0.1893,2.326850045110258
0.1894,2.3310463481672645
0.1896,2.3352426512242714
0.1898,2.337340802752775
0.1899,2.343635257338285
0.19,2.3478315603952917
0.1901,2.3520278634522986
0.1902,2.354126014980802
0.1903,2.3625186210948153
0.1904,2.364616772623319
0.1905,2.3730093787373323
0.1906,2.3751075302658355
0.1907,2.3793038333228425
0.1908,2.3876964394368563
0.191,2.3981871970793733
0.1911,2.404481651664883
0.1912,2.412874257778897
0.1913,2.425463166949917
0.1915,2.4422483791779444
0.1916,2.4548372883489646
0.1917,2.4653280459914813
0.1918,2.4821132582195085
0.192,2.488407712805019
0.1921,2.5030947735045426
0.1922,2.517781834204066
0.1923,2.5345670464320933
0.1925,2.5471559556031136
0.1926,2.555548561717127
0.1927,2.570235622416651
0.1928,2.5828245315876712
0.193,2.591217137701685
0.1931,2.5996097438156984
0.1932,2.618493107572229
0.1933,2.6562598350852897
0.1935,2.679339501898827
0.1936,2.6961247141268543
0.1937,2.7129099263548815
0.1938,2.727596987054405
0.1939,2.733891441639915
0.194,2.738087744696922
0.1941,2.748578502339439
0.1942,2.7506766538679424
0.1943,2.7590692599819557
0.1944,2.7653637145674663
0.1945,2.7674618660959696
0.1946,2.7842470783239968
0.1947,2.794737835966514
0.1948,2.8052285936090304
0.1949,2.8094248966660373
0.195,2.813621199723044
0.1951,2.8157193512515475
0.1952,2.819915654308554
0.1953,2.824111957365561
0.1954,2.836700866536581
0.1955,2.838799018065085
0.1956,2.8429953211220913
0.1957,2.851387927236105
0.1958,2.8597805333501185
0.1959,2.874467594049642
0.196,2.882860200163656
0.1961,2.895449109334676
0.1962,2.899645412391683
0.1963,2.9038417154486895
0.1964,2.9122343215627033
0.1965,2.9143324730912066
0.1966,2.92272507920522
0.1967,2.9290195337907305
0.1968,2.937412139904744
0.1969,2.950001049075764
0.197,2.9562955036612744
0.1971,2.9709825643607983
0.1973,2.981473322003315
0.1974,2.991964079645832
0.1975,3.0066511403453555
0.1976,3.0213382010448795
0.1978,3.0318289586873965
0.1979,3.036025261744403
0.198,3.042319716329913
0.1981,3.059104928557941
0.1983,3.0758901407859676
0.1984,3.0905772014854915
0.1985,3.101067959128008
0.1986,3.1178531713560353
0.1988,3.1220494744130423
0.1989,3.136736535112566
0.199,3.153521747340593
0.1991,3.1745032626256267
0.1993,3.18289586873964
0.1994,3.1954847779106608
0.1995,3.197582929439164
0.1997,3.205975535553178
0.1998,3.214368141667191
0.1999,3.229055202366715
0.2,3.3381590818488913
0.2001,3.3507479910199116
0.2002,3.361238748662428
0.2003,3.3675332032479384
0.2004,3.375925809361952
0.2005,3.3948091731184826
0.2006,3.4157906884035167
0.2007,3.4388703552170536
0.2008,3.4598518705020878
0.2009,3.4808333857871214
0.201,3.493422294958142
0.2011,3.5102075071861685
0.2012,3.5248945678856924
0.2013,3.5311890224712026
0.2014,3.5437779316422233
0.2015,3.558464992341747
0.2016,3.579446507626781
0.2017,3.5983298713833114
0.2018,3.6130169320828354
0.2019,3.6193113866683455
0.202,3.633998447367869
0.2021,3.650783659595896
0.2022,3.67805962946644
0.2023,3.682255932523447
0.2024,3.696942993222971
0.2025,3.7179245085080046
0.2026,3.728415266150521
0.2027,3.741004175321542
0.2028,3.7472986299070516
0.2029,3.7682801451920858
0.203,3.7934579635341263
0.2031,3.8102431757621535
0.2032,3.837519145632698
0.2033,3.8522062063322213
0.2034,3.883678479259772
0.2036,3.9109544491303163
0.2037,3.93193596441535
0.2038,3.942426722057867
0.2039,3.9948805102704514
0.2041,4.022156480140996
0.2042,4.059923207654056
0.2043,4.08090472293909
0.2044,4.112376995866642
0.2046,4.135456662680179
0.2047,4.148045571851199
0.2048,4.158536329493716
0.2049,4.17322339019324
0.205,4.187910450892764
0.2051,4.194204905478274
0.2052,4.2109901177063005
0.2053,4.227775329934328
0.2054,4.238266087576845
0.2055,4.250854996747865
0.2056,4.263443905918885
0.2057,4.278130966618409
0.2058,4.284425421203919
0.2059,4.30330878496045
0.206,4.324290300245483
0.2061,4.3431736640020135
0.2062,4.355762573173035
0.2063,4.370449633872559
0.2064,4.393529300686096
0.2065,4.40821636138562
0.2066,4.42709972514215
0.2067,4.448081240427184
0.2068,4.477455361826231
0.2069,4.506829483225278
0.207,4.53830175615283
0.2071,4.5634795744948695
0.2072,4.580264786722897
0.2073,4.605442605064938
0.2074,4.630620423406979
0.2075,4.6662889993915355
0.2076,4.6956631207905835
0.2077,4.7250372421896305
0.2078,4.746018757474665
0.2079,4.7753928788737126
0.208,4.81735590944378
0.2081,4.863515243070855
0.2082,4.899183819055413
0.2083,4.9306560919829625
0.2084,4.949539455739494
0.2085,4.968422819496024
0.2086,4.991502486309561
0.2087,5.010385850066092
0.2088,5.025072910765616
0.2089,5.050250729107656
0.209,5.067035941335683
0.2091,5.090115608149221
0.2092,5.127882335662282
0.2093,5.146765699418812
0.2094,5.161452760118336
0.2095,5.178237972346363
0.2096,5.186630578460377
0.2097,5.207612093745411
0.2098,5.228593609030444
0.2099,5.2453788212584715
0.21,5.262164033486498
0.2101,5.274752942657519
0.2102,5.281047397243029
0.2103,5.289440003357043
0.2104,5.310421518642077
0.2105,5.3418937915696265
0.2106,5.362875306854661
0.2107,5.398543882839219
0.2108,5.419525398124252
0.2109,5.4488995195233
0.211,5.486666247036362
0.2111,5.522334823020918
0.2112,5.564297853590986
0.2113,5.6125553387465645
0.2114,5.644027611674115
0.2115,5.685990642244183
0.2116,5.719561066700237
0.2117,5.742640733513774
0.2118,5.784603764083842
0.2119,5.8328612492394205
0.212,5.879020582866494
0.2121,5.937768825664589
0.2122,6.000713371519692
0.2123,6.059461614317787
0.2124,6.122406160172888
0.2125,6.179056251442479
0.2126,6.2440989488260845
0.2127,6.304945343152682
0.2128,6.357399131365267
0.2129,6.407754768049348
0.213,6.462306707790437
0.2131,6.5021715868320005
0.2132,6.552527223516082
0.2133,6.5902939510291425
0.2134,6.632256981599211
0.2135,6.674220012169278
0.2136,6.7140848912108435
0.2137,6.764440527894925
0.2138,6.806403558464992
0.2139,6.844170285978053
0.214,6.892427771133631
0.2141,6.925998195589686
0.2142,6.961666771574243
0.2143,7.0015316506158065
0.2144,7.047690984242882
0.2145,7.098046620926963
0.2146,7.1400096514970315
0.2147,7.177776379010092
0.2148,7.20715050040914
0.2149,7.253309834036214
0.215,7.288978410020771
0.2151,7.3309414405908395
0.2152,7.362413713518389
0.2153,7.370806319632404
0.2154,7.400180441031451
0.2155,7.431652713959003
0.2156,7.458928683829546
0.2157,7.48620465370009
0.2158,7.517676926627641
0.2159,7.561738108726212
0.216,7.612093745410293
0.2161,7.6540567759803615
0.2162,7.712805018778456
0.2163,7.7568662008770275
0.2164,7.826105201317639
0.2165,7.907933110929272
0.2166,7.993957323597909
0.2167,8.075785233209542
0.2168,8.155514991292671
0.2169,8.258324416189337
0.217,8.331759719686955
0.2171,8.415685780827092
0.2172,8.493317387381717
0.2173,8.56255638782233
0.2174,8.623402782148927
0.2175,8.688445479532533
0.2176,8.772371540672667
0.2177,8.845806844170285
0.2178,8.927634753781918
0.2179,8.998971905751034
0.218,9.072407209248652
0.2181,9.129057300518244
0.2182,9.196198149430352
0.2183,9.254946392228447
0.2184,9.328381695726065
0.2185,9.416504059923207
0.2186,9.50462642412035
0.2187,9.603239545960008
0.2188,9.678773000986132
0.2189,9.773189819768783
0.219,9.878097396193954
0.2191,9.97461236650511
0.2192,10.054342124588239
0.2193,10.134071882671366
0.2194,10.213801640754495
0.2195,10.2788443381381
0.2196,10.352279641635718
0.2197,10.42151864207633
0.2198,10.507542854744969
0.2199,10.589370764356602
0.22,10.654413461740207
0.2201,10.727848765237825
0.2202,10.81806928096347
0.2203,10.899897190575103
0.2204,10.977528797129729
0.2205,11.078240070497891
0.2206,11.160067980109524
0.2207,11.252386647363673
0.2208,11.338410860032312
0.2209,11.41184616352993
0.221,11.51045928536959
0.2211,11.59018904345272
0.2212,11.68460586223537
0.2213,11.772728226432513
0.2214,11.852457984515642
0.2215,11.934285894127274
0.2216,12.003524894567885
0.2217,12.089549107236525
0.2218,12.167180713791149
0.2219,12.251106774931285
0.222,12.307756866200876
0.2221,12.412664442626047
0.2222,12.521768322108223
0.2223,12.630872201590398
0.2224,12.73158347495856
0.2225,12.819705839155704
0.2226,12.907828203352848
0.2227,13.006441325192505
0.2228,13.09666184091815
0.2229,13.218354629571346
0.223,13.325360357525021
0.2231,13.421875327836178
0.2232,13.526782904261344
0.2233,13.631690480686515
0.2234,13.726107299469167
0.2235,13.805837057552298
0.2236,13.893959421749438
0.2237,13.996768846646104
0.2238,14.112167180713792
0.2239,14.219172908667463
0.224,14.305197121336102
0.2241,14.401712091647259
0.2242,14.483540001258891
0.2243,14.573760516984539
0.2244,14.663981032710183
0.2245,14.770986760663854
0.2246,14.83602945804746
0.2247,14.905268458488072
0.2248,14.982900065042697
0.2249,15.05843352006882
0.225,15.131868823566439
0.2251,15.192715217893035
0.2252,15.264052369862153
0.2253,15.322800612660245
0.2254,15.373156249344328
0.2255,15.44868970437045
0.2256,15.515830553282559
0.2257,15.59136400830868
0.2258,15.652210402635278
0.2259,15.731940160718407
0.226,15.815866221858544
0.2261,15.935460858983236
0.2262,16.02568137470888
0.2263,16.097018526678
0.2264,16.17465013323262
0.2265,16.269066952015272
0.2266,16.367680073854935
0.2267,16.45790058958058
0.2268,16.546022953777722
0.2269,16.623654560332348
0.227,16.701286166886973
0.2271,16.791506682612617
0.2272,16.87962904680976
0.2273,16.944671744193364
0.2274,17.02230335074799
0.2275,17.081051593546086
0.2276,17.156585048572207
0.2277,17.24470741276935
0.2278,17.347516837666017
0.2279,17.43144289880615
0.228,17.52795786911731
0.2281,17.65384696082751
0.2282,17.729380415853633
0.2283,17.813306476993766
0.2284,17.914017750361932
0.2285,18.02312162984411
0.2286,18.10494953945574
0.2287,18.2035626612954
0.2288,18.314764692306078
0.2289,18.411279662617233
0.229,18.539266905855943
0.2291,18.66095969450914
0.2292,18.77216172551982
0.2293,18.870774847359474
0.2294,18.981976878370155
0.2295,19.08478630326682
0.2296,19.18130127357798
0.2297,19.273619940832127
0.2298,19.36174230502927
0.2299,19.462453578397433
0.23,19.556870397180084
0.2301,19.653385367491243
0.2302,19.737311428631376
0.2303,19.865298671870082
0.2304,19.955519187595726
0.2305,20.028954491093348
0.2306,20.11078240070498
0.2307,20.211493674073143
0.2308,20.305910492855794
0.2309,20.429701433037494
0.231,20.555590524747696
0.2311,20.679381464929396
0.2312,20.794779798997084
0.2313,20.88919661777974
0.2314,20.98571158809089
0.2315,21.084324709930552
0.2316,21.16825077107069
0.2317,21.258471286796333
0.2318,21.382262226978032
0.2319,21.49766056104572
0.232,21.6109607435849
0.2321,21.717966471538574
0.2322,21.793499926564696
0.2323,21.894211199932858
0.2324,21.99282432177252
0.2325,22.07465223138415
0.2326,22.139694928767756
0.2327,22.24040620213592
0.2328,22.307547051048026
0.2329,22.36629529384612
0.233,22.44602505192925
0.2331,22.55093262835442
0.2332,22.62436793185204
0.2333,22.71878475063469
0.2334,22.842575690816393
0.2335,22.949581418770062
0.2336,23.069176055894758
0.2337,23.178279935376935
0.2338,23.302070875558634
0.2339,23.451039634082374
0.234,23.62098990789115
0.2341,23.742682696544346
0.2342,23.849688424498016
0.2343,23.986068273850737
0.2344,24.124546274731962
0.2345,24.250435366442165
0.2346,24.386815215794886
0.2347,24.491722792220056
0.2348,24.579845156417196
0.2349,24.67845827825686
0.235,24.793856612324543
0.2351,24.930236461677264
0.2352,25.04563479574495
0.2353,25.135855311470596
0.2354,25.268038857766307
0.2355,25.396026101005013
0.2356,25.544994859528757
0.2357,25.62892092066889
0.2358,25.742221103208074
0.2359,25.872306497975284
0.236,26.01078449885651
0.2361,26.069532741654598
0.2362,26.1912255303078
0.2363,26.287740500618956
0.2364,26.36956841023059
0.2365,26.451396319842218
0.2366,26.57099095696691
0.2367,26.6884874425631
0.2368,26.814376534273304
0.2369,26.892008140827933
0.237,26.988523111139084
0.2371,27.07244917227922
0.2372,27.16896414259038
0.2373,27.271773567487045
0.2374,27.366190386269697
0.2375,27.496275781036907
0.2376,27.578103690648536
0.2377,27.662029751788676
0.2378,27.756446570571324
0.2379,27.842470783239964
0.238,27.89912087450956
0.2381,27.993537693292208
0.2382,28.079561905960848
0.2383,28.18656763391452
0.2384,28.304064119510713
0.2385,28.387990180650846
0.2386,28.476112544847986
0.2387,28.578921969744652
0.2388,28.71320366756887
0.2389,28.78873712259499
0.239,28.891546547491657
0.2391,28.98386521474581
0.2392,29.065693124357438
0.2393,29.166404397725604
0.2394,29.281802731793288
0.2395,29.359434338347917
0.2396,29.466440066301587
0.2397,29.588132854954786
0.2398,29.690942279851452
0.2399,29.81473322003315
0.24,29.932229705629343
0.2401,30.014057615240976
0.2402,30.133652252365668
0.2403,30.234363525733826
0.2404,30.360252617444033
0.2405,30.475650951511717
0.2406,30.584754830993894
0.2407,30.71693837728961
0.2408,30.84282746899981
0.2409,30.956127651538996
0.241,31.069427834078176
0.2411,31.19531692578838
0.2412,31.31700971444158
0.2413,31.440800654623274
0.2414,31.564591594804973
0.2415,31.679989928872665
0.2416,31.778603050712324
0.2417,31.87511802102348
0.2418,31.982123748977152
0.2419,32.114307295272866
0.242,32.21501856864103
0.2421,32.3828706909213
0.2422,32.50456347957449
0.2423,32.62625626822769
0.2424,32.747949056880884
0.2425,32.91370302763266
0.2426,33.075260695327415
0.2427,33.22003315079415
0.2428,33.36270745473238
0.2429,33.47390948574306
0.243,33.60399488051027
0.2431,33.73198212374898
0.2432,33.862067518516184
0.2433,33.98585845869789
0.2434,34.09076603512305
0.2435,34.21665512683326
0.2436,34.33624976395795
0.2437,34.466335158725165
0.2438,34.61950022030591
0.2439,34.74329116048761
0.244,34.869180252197815
0.2441,35.00556010155053
0.2442,35.16082331465979
0.2443,35.28881055789849
0.2444,35.47134974087829
0.2445,35.6056314387025
0.2446,35.704244560542165
0.2447,35.80075953085331
0.2448,35.92455047103502
0.2449,36.04624325968822
0.245,36.16583789681291
0.2451,36.29802144310862
0.2452,36.396634564948286
0.2453,36.505738444430456
0.2454,36.61694047544113
0.2455,36.73024065798032
0.2456,36.856129749690524
0.2457,37.011392962799775
0.2458,37.13728205450998
0.2459,37.26946560080569
0.246,37.38906023793038
0.2461,37.51494932964059
0.2462,37.63034766370828
0.2463,37.7730219676465
0.2464,37.8926166047712
0.2465,38.005916787310376
0.2466,38.13180587902058
0.2467,38.25349866767378
0.2468,38.375191456326974
0.2469,38.5157676087367
0.247,38.62277333669037
0.2471,38.73187721617255
0.2472,38.8241958834267
0.2473,38.89763118692432
0.2474,39.008833217935
0.2475,39.117937097417176
0.2476,39.208157613142816
0.2477,39.3193596441535
0.2478,39.403285705293634
0.2479,39.5060951301903
0.248,39.61100270661547
0.2481,39.70751767692663
0.2482,39.80403264723778
0.2483,39.887958708377916
0.2484,40.02224040620214
0.2485,40.146031346383836
0.2486,40.240448165166484
0.2487,40.34535574159166
0.2488,40.46495037871635
0.2489,40.567759803613015
0.249,40.6810599861522
0.2491,40.8027527748054
0.2492,40.90346404817356
0.2493,40.97899750319968
0.2494,41.06082541281131
0.2495,41.15524223159397
0.2496,41.27273871719016
0.2497,41.39862780890036
0.2498,41.51612429449655
0.2499,41.629424477035734
0.25,41.717546841232874
0.2501,41.826650720715044
0.2502,41.956736115482265
0.2503,42.05534923732192
0.2504,42.208514298902664
0.2505,42.31552002685634
0.2506,42.42672205786702
0.2507,42.54631669499172
0.2508,42.672205786701916
0.2509,42.80858563605464
0.251,42.93237657623634
0.2511,43.04567675877552
0.2512,43.15058433520068
0.2513,43.284866033024905
0.2514,43.410755124735104
0.2515,43.53664421644531
0.2516,43.633159186756465
0.2517,43.72547785401062
0.2518,43.803109460565246
0.2519,43.910115188518915
0.252,44.01082646188708
0.2521,44.119930341369255
0.2522,44.26260464530748
0.2523,44.36961037326116
0.2524,44.470321646629316
0.2525,44.56473846541197
0.2526,44.65495898113762
0.2527,44.73888504227775
0.2528,44.833301861060406
0.2529,44.93191498290007
0.253,45.01164474098319
0.2531,45.080883741423804
0.2532,45.14592643880741
0.2533,45.21936174230503
0.2534,45.30958225803067
0.2535,45.389312016113806
0.2536,45.46904177419693
0.2537,45.54037892616605
0.2538,45.6326975934202
0.2539,45.706132896917815
0.254,45.78796080652945
0.2541,45.85510165544156
0.2542,45.90335914059713
0.2543,45.99567780785128
0.2544,46.071211262877405
0.2545,46.155137324017545
0.2546,46.228572627515156
0.2547,46.312498688655296
0.2548,46.42160256813747
0.2549,46.505528629277606
0.255,46.58316023583223
0.2551,46.65239923627284
0.2552,46.736325297412975
0.2553,46.820251358553115
0.2554,46.87899960135121
0.2555,46.96712196554835
0.2556,47.07622584503053
0.2557,47.166446360756176
0.2558,47.26086317953882
0.2559,47.35527999832148
0.256,47.45808942321815
0.2561,47.550408090472295
0.2562,47.77071400096515
0.2564,47.8588363651623
0.2565,47.94276242630243
0.2566,48.041375548142085
0.2567,48.19034430666583
0.2569,48.280564822391476
0.257,48.374981641174124
0.2571,48.463104005371264
0.2572,48.63934873376555
0.2574,48.70648958267766
0.2575,48.771532280061265
0.2576,48.857556492729906
0.2577,49.00862340278215
0.2579,49.086255009336774
0.258,49.138708797549356
0.2581,49.24571452550303
0.2582,49.40517404166929
0.2584,49.470216739052894
0.2585,49.54365204255051
0.2586,49.64016701286167
0.2587,49.778645013742896
0.2589,49.868865529468536
0.259,49.93181007532364
0.2591,50.0325213486918
0.2592,50.19198086485805
0.2594,50.25912171377017
0.2595,50.32836071421079
0.2596,50.40389416923691
0.2597,50.56125553387466
0.2599,50.65567235265731
0.26,50.718616898512416
0.2601,50.79834665659554
0.2602,50.95990432429029
0.2604,51.037535930844925
0.2605,51.11516753739955
0.2606,51.20119175006819
0.2607,51.37324017540546
0.2609,51.45926438807411
0.261,51.53060154004322
0.2611,51.61872390424036
0.2612,51.7613982081786
0.2614,51.822244602505194
0.2615,51.893581754474305
0.2616,51.95652630032941
0.2617,52.08661169509662
0.2619,52.149556240951725
0.262,52.20410818069281
0.2621,52.29432869641846
0.2622,52.36776399991607
0.2623,52.445395606470704
0.2624,52.52932166761084
0.2625,52.59226621346593
0.2626,52.66779966849205
0.2627,52.7580201842177
0.2628,52.82306288160131
0.2629,52.89020373051342
0.263,52.955246427897016
0.2631,53.04756509515117
0.2632,53.10631333794926
0.2633,53.17345418686138
0.2634,53.23849688424498
0.2635,53.29514697551458
0.2636,53.3769748851262
0.2637,53.44621388556682
0.2638,53.511256582950416
0.2639,53.565808522691505
0.264,53.64553828077464
0.2641,53.714777281215255
0.2642,53.78611443318436
0.2643,53.84066637292545
0.2644,53.89731646419504
0.2645,53.95816285852164
0.2646,54.014812949791235
0.2647,54.08195379870334
0.2648,54.15958540525797
0.2649,54.222529951113074
0.265,54.31275046683871
0.2651,54.40506913409286
0.2652,54.47850443759048
0.2653,54.556136044145106
0.2654,54.64635655987075
0.2655,54.75336228782442
0.2656,54.801619772980004
0.2657,54.88344768259164
0.2658,54.96107928914626
0.2659,55.04080904722939
0.266,55.12053880531253
0.2661,55.179287048110616
0.2662,55.238035290908705
0.2663,55.321961352048845
0.2664,55.38070959484694
0.2665,55.46043935293007
0.2666,55.55905247476973
0.2667,55.63668408132435
0.2668,55.74368980927803
0.2669,55.83181217347517
0.267,55.913640083086804
0.2671,55.966093871299385
0.2672,56.066805144667555
0.2673,56.13604414510816
0.2674,56.19269423637775
0.2675,56.27242399446089
0.2676,56.35635005560101
0.2677,56.415098298399116
0.2678,56.48853360189673
0.2679,56.55987075386585
0.268,56.63750236042047
0.2681,56.70464320933257
0.2682,56.7780785128302
0.2683,56.85990642244183
0.2684,56.962715847338494
0.2685,57.00887518096557
0.2686,57.082310484463186
0.2687,57.15994209101781
0.2688,57.329892364826584
0.269,57.40752397138122
0.2691,57.497744487106864
0.2692,57.57327794213298
0.2693,57.73693376135625
0.2695,57.81456536791087
0.2696,57.87331361070896
0.2697,57.950945217263595
0.2698,58.10411027884433
0.27,58.18384003692747
0.2701,58.24888273431107
0.2702,58.3223180378087
0.2703,58.46499234174692
0.2705,58.546820251358554
0.2706,58.62445185791317
0.2707,58.69369085835379
0.2708,58.83426701076352
0.271,58.899309708147115
0.2711,58.99372652692978
0.2712,59.050376618199365
0.2713,59.220326892008146
0.2715,59.28117328633474
0.2716,59.327332619961815
0.2717,59.396571620402426
0.2718,59.52455886364113
0.272,59.606386773252765
0.2721,59.66513501605086
0.2722,59.71968695579195
0.2723,59.849772350559164
0.2725,59.89173538112923
0.2726,59.956778078512826
0.2727,60.00923186672541
0.2728,60.10364868550807
0.273,60.13931726149262
0.2731,60.1854765951197
0.2732,60.231635928746776
0.2733,60.32395459600093
0.2735,60.370113929628
0.2736,60.39738989949854
0.2737,60.45403999076814
0.2738,60.53376974885126
0.274,60.57363462789282
0.2741,60.62818656763391
0.2742,60.682738507375
0.2743,60.722603386416566
0.2744,60.79184238685718
0.2745,60.85688508424079
0.2746,60.90933887245337
0.2747,60.95340005455194
0.2748,61.01214829735003
0.2749,61.04781687333459
0.275,61.104466964604185
0.2751,61.175804116573296
0.2752,61.22406160172888
0.2753,61.276515389941466
0.2754,61.31218396592602
0.2755,61.37093220872411
0.2756,61.42758229999371
0.2757,61.46954533056377
0.2758,61.51990096724786
0.2759,61.55766769476092
0.276,61.63739745284404
0.2761,61.679360483414115
0.2762,61.72761796856969
0.2763,61.77587545372527
0.2764,61.822034787352344
0.2765,61.855605211808395
0.2766,61.905960848492484
0.2767,61.960512788233565
0.2768,62.01716287950316
0.2769,62.046537000902205
0.277,62.09059818300078
0.2771,62.11997230439983
0.2772,62.14305197121336
0.2773,62.191309456368934
0.2774,62.23327248693901
0.2775,62.258450305281045
0.2776,62.30670779043662
0.2777,62.33818006336418
0.2778,62.36545603323472
0.2779,62.407419063804795
0.278,62.447283942846354
0.2781,62.4745599127169
0.2782,62.51022848870146
0.2783,62.55009336774302
0.2784,62.59205639831309
0.2785,62.63401942888316
0.2786,62.68437506556723
0.2787,62.73263255072281
0.2788,62.77039927823588
0.2789,62.81655861186295
0.279,62.87111055160403
0.2791,62.92146618828812
0.2792,62.971821824972196
0.2793,63.007490400956755
0.2794,63.0347663708273
0.2795,63.09980906821091
0.2796,63.141772098780976
0.2797,63.20261849310758
0.2798,63.25507228132016
0.2799,63.28864270577621
0.28,63.336900190931786
0.2801,63.38305952455886
0.2802,63.44600407041396
0.2803,63.50685046474056
0.2804,63.546715343782125
0.2805,63.615954344222736
0.2806,63.651622920207295
0.2807,63.704076708419876
0.2808,63.76282495121798
0.2809,63.80898428484505
0.281,63.859339921529134
0.2811,63.9013029520992
0.2812,63.947462285726274
0.2813,64.00621052852436
0.2814,64.11321625647804
0.2816,64.18245525691866
0.2817,64.22861459054573
0.2818,64.26847946958729
0.2819,64.36289628836994
0.2821,64.43213528881056
0.2822,64.49507983466566
0.2823,64.56431883510628
0.2824,64.67761901764545
0.2826,64.71958204821551
0.2827,64.78042844254212
0.2828,64.82239147311219
0.2829,64.93778980717988
0.2831,65.00912695914899
0.2832,65.05948259583307
0.2833,65.11193638404565
0.2834,65.25041438492688
0.2836,65.31965338536749
0.2837,65.38049977969409
0.2838,65.41826650720715
0.2839,65.53786114433184
0.2841,65.58821678101593
0.2842,65.62808166005749
0.2843,65.68682990285558
0.2844,65.79593378233776
0.2846,65.83579866137933
0.2847,65.87356538889239
0.2848,65.93021548016198
0.2849,66.0036507836596
0.2851,66.05820272340068
0.2852,66.08967499632823
0.2853,66.15681584524035
0.2854,66.24493820943749
0.2856,66.3120790583496
0.2857,66.35194393739116
0.2858,66.40229957407524
0.2859,66.49042193827238
0.2861,66.54077757495646
0.2862,66.58064245399802
0.2863,66.6226054845681
0.2864,66.72331675793626
0.2866,66.75898533392082
0.2867,66.82612618283292
0.2868,66.85969660728898
0.2869,66.92054300161557
0.287,66.95830972912864
0.2871,66.9960764566417
0.2872,67.05272654791129
0.2873,67.10727848765238
0.2874,67.16392857892197
0.2875,67.21008791254904
0.2876,67.26883615534713
0.2877,67.32758439814523
0.2878,67.37584188330081
0.2879,67.40521600469987
0.288,67.44927718679843
0.2881,67.47865130819748
0.2882,67.53530139946707
0.2883,67.57936258156563
0.2884,67.62971821824972
0.2885,67.65699418812027
0.2886,67.70105537021884
0.2887,67.74721470384591
0.2888,67.801766643587
0.2889,67.83114076498605
0.289,67.8731037955561
0.2891,67.89828161389816
0.2892,67.9234594322402
0.2893,67.95702985669625
0.2894,67.99689473573781
0.2895,68.03675961477937
0.2896,68.08921340299196
0.2897,68.13537273661903
0.2898,68.1815320702461
0.2899,68.2318877069302
0.29,68.26965443444325
0.2901,68.2948322527853
0.2902,68.33469713182686
0.2903,68.36826755628292
0.2904,68.41652504143849
0.2905,68.46478252659406
0.2906,68.51304001174965
0.2907,68.54870858773421
0.2908,68.59486792136128
0.2909,68.62214389123183
0.291,68.6745976794444
0.2911,68.71236440695748
0.2912,68.76901449822707
0.2913,68.81097752879714
0.2914,68.84874425631018
0.2915,68.90119804452277
0.2916,68.92427771133632
0.2917,68.9746333480204
0.2918,68.99351671177692
0.2919,69.02289083317598
0.292,69.04806865151801
0.2921,69.09003168208808
0.2922,69.12360210654414
0.2923,69.16136883405719
0.2924,69.17395774322821
0.2925,69.20543001615577
0.2926,69.2306078344978
0.2927,69.26837456201088
0.2928,69.31663204716645
0.2929,69.3502024716225
0.293,69.4089507144206
0.2931,69.45301189651917
0.2932,69.49917123014625
0.2933,69.55162501835883
0.2934,69.5935880489289
0.2935,69.652336291727
0.2936,69.7215752921676
0.2937,69.77193092885167
0.2938,69.8453662323493
0.2939,69.88103480833385
0.294,69.9712553240595
0.2942,70.00482574851556
0.2943,70.05098508214263
0.2944,70.0950462642412
0.2945,70.17057971926732
0.2947,70.21044459830888
0.2948,70.25660393193597
0.2949,70.29437065944903
0.295,70.3447262961331
0.2952,70.37829672058916
0.2953,70.41186714504522
0.2954,70.45802647867228
0.2955,70.5230691760559
0.2957,70.57342481273997
0.2958,70.60070078261052
0.2959,70.63427120706658
0.296,70.70351020750718
0.2962,70.74757138960575
0.2963,70.78114181406181
0.2964,70.82939929921739
0.2965,70.88185308742997
0.2967,70.91961981494303
0.2968,70.96787730009862
0.2969,71.02452739136821
0.297,71.0874719372233
0.2972,71.15251463460692
0.2973,71.20287027129099
0.2974,71.23644069574705
0.2975,71.3287593630012
0.2977,71.35183902981474
0.2978,71.38960575732779
0.2979,71.4504521516544
0.298,71.5217893036235
0.2982,71.54906527349405
0.2983,71.57424309183608
0.2984,71.61410797087765
0.2985,71.68964142590379
0.2987,71.71691739577433
0.2988,71.7651748809299
0.2989,71.80294160844296
0.299,71.86378800276955
0.2992,71.89945657875411
0.2993,71.92463439709616
0.2994,71.9582048215522
0.2995,71.97708818530874
0.2996,72.01905121587882
0.2997,72.05052348880636
0.2998,72.09878097396194
0.2999,72.132351398418
0.3,72.35265730891085
0.3001,72.38832588489541
0.3002,72.41140555170894
0.3003,72.4428778246365
0.3004,72.47644824909256
0.3005,72.51211682507711
0.3006,72.54149094647615
0.3007,72.55827615870419
0.3008,72.58765028010323
0.3009,72.61702440150228
0.301,72.64430037137282
0.3011,72.66528188665785
0.3012,72.71773567487044
0.3013,72.74291349321248
0.3014,72.78907282683956
0.3015,72.8184469482386
0.3016,72.84782106963765
0.3017,72.8834896456222
0.3018,72.90656931243575
0.3019,72.94433603994881
0.302,72.97790646440487
0.3021,72.9988879796899
0.3022,73.04294916178846
0.3023,73.07651958624452
0.3024,73.09330479847254
0.3025,73.11848261681459
0.3026,73.1331696775141
0.3027,73.14995488974215
0.3028,73.17723085961269
0.3029,73.19821237489772
0.303,73.23388095088227
0.3031,73.26535322380983
0.3032,73.28004028450935
0.3033,73.32200331507941
0.3034,73.34088667883594
0.3035,73.36606449717799
0.3036,73.40592937621955
0.3037,73.42900904303309
0.3038,73.45208870984663
0.3039,73.47097207360316
0.304,73.48985543735968
0.3041,73.51922955875874
0.3042,73.5590944378003
0.3043,73.57797780155683
0.3044,73.61154822601289
0.3045,73.66190386269696
0.3046,73.68078722645349
0.3047,73.71016134785255
0.3048,73.74373177230859
0.3049,73.78359665135015
0.305,73.81926522733472
0.3051,73.85283565179077
0.3052,73.89899498541784
0.3053,73.90738759153186
0.3054,73.95774322821595
0.3055,73.9976081072575
0.3056,74.02908038018505
0.3057,74.06894525922662
0.3058,74.10041753215417
0.3059,74.1193008959107
0.306,74.14447871425274
0.3061,74.16755838106627
0.3062,74.1801472902373
0.3063,74.22211032080736
0.3064,74.2430918360924
0.3065,74.27666226054845
0.3066,74.3605883216886
0.3068,74.39206059461614
0.3069,74.44871068588573
0.307,74.48857556492729
0.3071,74.57250162606744
0.3073,74.61446465663751
0.3074,74.64174062650805
0.3075,74.68789996013511
0.3076,74.7340592937622
0.3078,74.77602232433226
0.3079,74.8032982942028
0.308,74.83686871865886
0.3081,74.91030402215648
0.3083,74.94387444661254
0.3084,74.98164117412558
0.3085,75.02360420469566
0.3086,75.08445059902226
0.3088,75.10753026583579
0.3089,75.15788590251988
0.309,75.18935817544742
0.3091,75.25440087283104
0.3093,75.29006944881559
0.3094,75.32783617632866
0.3095,75.3656029038417
0.3096,75.43903820733934
0.3098,75.48100123790941
0.3099,75.50408090472294
0.31,75.546043935293
0.3101,75.62367554184763
0.3103,75.6656385724177
0.3104,75.70130714840225
0.3105,75.7222886636873
0.3106,75.7852332095424
0.3108,75.80831287635593
0.3109,75.84607960386899
0.311,75.87545372526804
0.3111,75.9153186043096
0.3113,75.95308533182266
0.3114,75.98245945322171
0.3115,76.02232433226328
0.3116,76.07897442353287
0.3118,76.12093745410293
0.3119,76.16919493925852
0.312,76.20066721218606
0.3121,76.24682654581314
0.3122,76.29088772791171
0.3123,76.31606554625375
0.3124,76.34963597070981
0.3125,76.37271563752334
0.3126,76.4062860619794
0.3127,76.44405278949246
0.3128,76.48181951700552
0.3129,76.51958624451858
0.313,76.55525482050314
0.3131,76.59721785107321
0.3132,76.61400306330123
0.3133,76.64967163928578
0.3134,76.66855500304231
0.3135,76.69792912444137
0.3136,76.72730324584042
0.3137,76.77556073099599
0.3138,76.80493485239504
0.3139,76.82591636768007
0.314,76.84899603449361
0.3141,76.86997754977864
0.3142,76.88676276200668
0.3143,76.91194058034871
0.3144,76.94341285327626
0.3145,76.98537588384633
0.3146,77.02104445983089
0.3147,77.0378296720589
0.3148,77.06510564192946
0.3149,77.10077421791401
0.315,77.12385388472755
0.3151,77.1511298545981
0.3152,77.17211136988314
0.3153,77.19519103669667
0.3154,77.22876146115273
0.3155,77.24974297643776
0.3156,77.26233188560879
0.3157,77.29590231006483
0.3158,77.31898197687836
0.3159,77.32947273452089
0.316,77.36094500744844
0.3161,77.38612282579048
0.3162,77.41549694718952
0.3163,77.44906737164558
0.3164,77.4595581292881
0.3165,77.50571746291517
0.3166,77.53928788737122
0.3167,77.56236755418476
0.3168,77.5875453725268
0.3169,77.61482134239735
0.317,77.63580285768238
0.3171,77.66098067602442
0.3172,77.68615849436647
0.3173,77.73021967646503
0.3174,77.75749564633558
0.3175,77.78267346467761
0.3176,77.82253834371919
0.3177,77.83932355594722
0.3178,77.86869767734626
0.3179,77.91485701097334
0.318,77.93374037472987
0.3181,77.96311449612891
0.3182,77.99248861752795
0.3183,78.02815719351251
0.3184,78.04494240574054
0.3185,78.0869054363106
0.3186,78.11837770923816
0.3187,78.18132225509326
0.3189,78.20859822496381
0.319,78.22538343719184
0.3191,78.25895386164788
0.3192,78.31980025597449
0.3194,78.34707622584503
0.3195,78.36595958960156
0.3196,78.39953001405762
0.3197,78.43100228698516
0.3199,78.45198380227019
0.32,78.48135792366925
0.3201,78.5044375904828
0.3202,78.56108768175237
0.3204,78.58416734856591
0.3205,78.62822853066449
0.3206,78.65340634900653
0.3207,78.7016638341621
0.3209,78.73103795556116
0.321,78.76251022848871
0.3211,78.78349174377374
0.3212,78.84223998657183
0.3214,78.86112335032837
0.3215,78.8800067140849
0.3216,78.90728268395544
0.3217,78.95763832063952
0.3219,78.98701244203856
0.322,79.0163865634376
0.3221,79.04156438177965
0.3222,79.09401816999224
0.3224,79.12549044291978
0.3225,79.16325717043284
0.3226,79.1926312918319
0.3227,79.27865550450053
0.3229,79.30802962589958
0.323,79.33740374729862
0.3231,79.37097417175468
0.3232,79.4360168691383
0.3234,79.46119468748033
0.3235,79.47378359665134
0.3236,79.5052558695789
0.3237,79.53462999097795
0.3239,79.5661022639055
0.324,79.59337823377605
0.3241,79.61645790058958
0.3242,79.67100984033067
0.3244,79.69618765867271
0.3245,79.72556178007176
0.3246,79.75913220452782
0.3247,79.80529153815489
0.3248,79.83046935649692
0.3249,79.87872684165251
0.325,79.90600281152305
0.3251,79.94167138750761
0.3252,79.96265290279264
0.3253,79.98992887266319
0.3254,80.00881223641971
0.3255,80.02979375170474
0.3256,80.0591678731038
0.3257,80.09064014603135
0.3258,80.11581796437339
0.3259,80.13470132812992
0.326,80.16617360105747
0.3261,80.185056964814
0.3262,80.21233293468454
0.3263,80.23960890455508
0.3264,80.26268857136863
0.3265,80.28786638971066
0.3266,80.3130442080527
0.3267,80.32563311722373
0.3268,80.34661463250876
0.3269,80.36759614779379
0.327,80.40746102683536
0.3271,80.42004993600638
0.3272,80.44942405740542
0.3273,80.46830742116195
0.3274,80.48089633033297
0.3275,80.50187784561801
0.3276,80.52285936090304
0.3277,80.53964457313107
0.3278,80.5627242399446
0.3279,80.58370575522964
0.328,80.60258911898617
0.3281,80.63196324038522
0.3282,80.65923921025576
0.3283,80.66972996789829
0.3284,80.69280963471182
0.3285,80.70120224082584
0.3286,80.72847821069638
0.3287,80.75365602903841
0.3288,80.76834308973794
0.3289,80.78512830196597
0.329,80.8040116657225
0.3291,80.83968024170706
0.3292,80.85856360546359
0.3293,80.88793772686263
0.3294,80.91101739367618
0.3295,80.92570445437569
0.3296,80.94878412118923
0.3297,80.96976563647426
0.3298,80.99284530328781
0.3299,81.00543421245882
0.33,81.03690648538637
0.3301,81.0557898491429
0.3302,81.07467321289944
0.3303,81.09775287971297
0.3304,81.12293069805501
0.3305,81.14391221334006
0.3306,81.15650112251107
0.3307,81.16909003168209
0.3308,81.1816789408531
0.3309,81.20266045613815
0.331,81.22574012295168
0.3311,81.25091794129372
0.3312,81.26350685046474
0.3313,81.31176433562032
0.3315,81.33064769937684
0.3316,81.35162921466188
0.3317,81.3642181238329
0.3318,81.40408300287447
0.332,81.43345712427352
0.3321,81.44394788191603
0.3322,81.46702754872956
0.3323,81.50689242777113
0.3325,81.52157948847065
0.3326,81.53836470069868
0.3327,81.55724806445521
0.3328,81.58032773126875
0.333,81.6034073980823
0.3331,81.62438891336731
0.3332,81.64956673170937
0.3333,81.68313715616542
0.3335,81.70411867145046
0.3336,81.72510018673549
0.3337,81.76916136883405
0.3338,81.82581146010365
0.334,81.8572837330312
0.3341,81.88036339984474
0.3342,81.90344306665828
0.3343,81.93701349111433
0.3345,81.95589685487086
0.3346,81.9831728247414
0.3347,81.99785988544093
0.3348,82.03982291601099
0.335,82.05870627976752
0.3351,82.06709888588153
0.3352,82.1027674618661
0.3353,82.15102494702168
0.3355,82.18459537147773
0.3356,82.20557688676277
0.3357,82.2349510081618
0.3358,82.28530664484589
0.336,82.31468076624495
0.3361,82.33776043305848
0.3362,82.36923270598602
0.3363,82.4049012819706
0.3365,82.43427540336963
0.3366,82.45945322171167
0.3367,82.48672919158221
0.3368,82.51190700992426
0.3369,82.53708482826629
0.337,82.56855710119385
0.3371,82.59583307106439
0.3372,82.61471643482092
0.3373,82.63989425316296
0.3374,82.65458131386248
0.3375,82.68605358679004
0.3376,82.71752585971758
0.3377,82.74899813264514
0.3378,82.77207779945867
0.3379,82.79515746627222
0.338,82.83712049684229
0.3381,82.8581020121273
0.3382,82.87698537588385
0.3383,82.90006504269738
0.3384,82.92104655798241
0.3385,82.95461698243847
0.3386,82.97979480078051
0.3387,82.99028555842303
0.3388,83.01336522523657
0.3389,83.03015043746458
0.339,83.04693564969263
0.3391,83.07421161956316
0.3392,83.09309498331969
0.3393,83.10568389249072
0.3394,83.12876355930425
0.3395,83.14345062000378
0.3396,83.1602358322318
0.3397,83.18121734751684
0.3398,83.19170810515935
0.3399,83.21059146891588
0.34,83.25255449948595
0.3401,83.2756341662995
0.3402,83.30291013617004
0.3403,83.33018610604059
0.3404,83.35536392438262
0.3405,83.38683619731016
0.3406,83.4078177125952
0.3407,83.44138813705125
0.3408,83.46236965233629
0.3409,83.48544931914984
0.341,83.50643083443487
0.3411,83.52951050124841
0.3412,83.55049201653343
0.3413,83.57147353181847
0.3414,83.594553198632
0.3415,83.61133841086004
0.3416,83.64700698684459
0.3417,83.67847925977215
0.3418,83.71204968422819
0.3419,83.73932565409874
0.342,83.75611086632676
0.3421,83.7770923816118
0.3422,83.81276095759635
0.3423,83.82534986676737
0.3424,83.85892029122343
0.3425,83.89249071567949
0.3426,83.902981473322
0.3427,83.92186483707853
0.3428,83.95543526153459
0.3429,83.97222047376262
0.343,83.99320198904765
0.3431,84.01628165586119
0.3432,84.03936132267472
0.3433,84.04985208031725
0.3434,84.07083359560228
0.3435,84.0834225047733
0.3436,84.10230586852983
0.3437,84.12118923228635
0.3438,84.13587629298588
0.3439,84.16944671744193
0.3441,84.2135078995405
0.3442,84.23029311176853
0.3443,84.24917647552506
0.3444,84.28694320303812
0.3446,84.32051362749418
0.3447,84.35828035500724
0.3448,84.38765447640628
0.3449,84.46108977990392
0.3451,84.47997314366043
0.3452,84.48626759824595
0.3453,84.51564171964499
0.3454,84.55340844715805
0.3456,84.57438996244309
0.3457,84.60166593231364
0.3458,84.62684375065567
0.3459,84.67090493275424
0.3461,84.7002790541533
0.3462,84.71286796332431
0.3463,84.73804578166634
0.3464,84.78000881223642
0.3466,84.80308847904996
0.3467,84.82197184280649
0.3468,84.85134596420554
0.3469,84.88072008560458
0.3471,84.90379975241812
0.3472,84.92478126770315
0.3473,84.94366463145968
0.3474,84.97303875285873
0.3476,84.99402026814377
0.3477,85.01080548037179
0.3478,85.02759069259982
0.3479,85.05906296552736
0.3481,85.07375002622689
0.3482,85.10312414762595
0.3483,85.13669457208199
0.3484,85.17026499653805
0.3486,85.18285390570907
0.3487,85.1954428148801
0.3488,85.21852248169363
0.3489,85.25419105767818
0.3491,85.27936887602023
0.3492,85.30664484589077
0.3493,85.3234300581188
0.3494,85.34021527034682
0.3495,85.37798199785989
0.3496,85.3905709070309
0.3497,85.41574872537294
0.3498,85.43882839218648
0.3499,85.46820251358554
0.35,85.74096221229097
0.3501,85.7598455760475
0.3502,85.78712154591804
0.3503,85.80180860661757
0.3504,85.81439751578858
0.3505,85.82488827343111
0.3506,85.85216424330166
0.3507,85.85636054635866
0.3508,85.86894945552967
0.3509,85.88783281928622
0.351,85.91301063762825
0.3511,85.92140324374226
0.3512,85.93818845597029
0.3513,85.9486792136128
0.3514,85.96966072889785
0.3515,85.99274039571138
0.3516,86.01162375946791
0.3517,86.02001636558192
0.3518,86.03680157780995
0.3519,86.04939048698097
0.352,86.06197939615198
0.3521,86.07456830532301
0.3522,86.09135351755104
0.3523,86.10813872977906
0.3524,86.12072763895009
0.3525,86.13751285117812
0.3526,86.15429806340615
0.3527,86.18577033633369
0.3528,86.20675185161872
0.3529,86.21304630620423
0.353,86.22563521537525
0.3531,86.24451857913179
0.3532,86.26340194288832
0.3533,86.27808900358784
0.3534,86.29697236734437
0.3535,86.30326682192988
0.3536,86.3158557311009
0.3537,86.32844464027191
0.3538,86.36621136778498
0.3539,86.3767021254275
0.354,86.39348733765553
0.3541,86.40187994376954
0.3542,86.41866515599756
0.3543,86.4438429743396
0.3544,86.45853003503913
0.3545,86.47951155032416
0.3546,86.50049306560919
0.3547,86.51098382325172
0.3548,86.53196533853675
0.3549,86.54455424770777
0.355,86.5592413084073
0.3551,86.56973206604981
0.3552,86.58861542980634
0.3553,86.60330249050587
0.3554,86.61589139967688
0.3555,86.62848030884791
0.3556,86.65785443024696
0.3557,86.66205073330396
0.3558,86.67883594553199
0.3559,86.69981746081702
0.356,86.71240636998803
0.3561,86.73338788527307
0.3562,86.74597679444409
0.3563,86.7543694005581
0.3564,86.76905646125763
0.3565,86.80472503724219
0.3567,86.81521579488471
0.3568,86.82990285558422
0.3569,86.84458991628375
0.357,86.88025849226831
0.3572,86.89284740143933
0.3573,86.90753446213886
0.3574,86.92431967436688
0.3575,86.95998825035144
0.3577,86.97677346257947
0.3578,86.9977549778645
0.3579,87.00824573550702
0.358,87.02922725079205
0.3582,87.04601246302008
0.3583,87.05440506913409
0.3584,87.0648958267766
0.3585,87.09426994817566
0.3587,87.12154591804621
0.3588,87.14252743333124
0.3589,87.15931264555927
0.359,87.18868676695831
0.3592,87.20966828224334
0.3593,87.22645349447137
0.3594,87.23694425211389
0.3595,87.24953316128492
0.3597,87.25582761587042
0.3598,87.28310358574096
0.3599,87.29149619185497
0.36,87.31667401019702
0.3602,87.32926291936803
0.3603,87.33975367701056
0.3604,87.35234258618158
0.3605,87.3691277984096
0.3607,87.38171670758062
0.3608,87.39010931369464
0.3609,87.39850191980865
0.361,87.42158158662218
0.3612,87.43836679885021
0.3613,87.44885755649273
0.3614,87.45305385954974
0.3615,87.48662428400579
0.3617,87.4908205870628
0.3618,87.50131134470531
0.3619,87.50550764776233
0.362,87.52229285999034
0.3621,87.53278361763287
0.3622,87.54537252680389
0.3623,87.5558632844464
0.3624,87.56635404208892
0.3625,87.57055034514593
0.3626,87.58943370890245
0.3627,87.59992446654498
0.3628,87.61251337571599
0.3629,87.6230041333585
0.363,87.62929858794402
0.3631,87.63349489100104
0.3632,87.64188749711505
0.3633,87.66077086087158
0.3634,87.6691634669856
0.3635,87.6775560730996
0.3636,87.68804683074211
0.3637,87.69853758838462
0.3638,87.70483204297014
0.3639,87.71532280061265
0.364,87.7321080128407
0.3641,87.75099137659723
0.3642,87.76358028576824
0.3643,87.76987474035374
0.3644,87.77616919493926
0.3645,87.79085625563879
0.3646,87.8034451648098
0.3647,87.81813222550933
0.3648,87.83072113468035
0.3649,87.83491743773736
0.365,87.85589895302238
0.3651,87.87688046830742
0.3652,87.88737122594993
0.3653,87.89576383206395
0.3654,87.91254904429198
0.3655,87.920941650406
0.3656,87.93982501416252
0.3657,87.95031577180504
0.3658,87.95870837791905
0.3659,87.97549359014708
0.366,87.9838861962611
0.3661,87.99227880237511
0.3662,88.01326031766014
0.3663,88.02584922683117
0.3664,88.03004552988817
0.3665,88.03843813600218
0.3666,88.05312519670171
0.3667,88.06781225740123
0.3668,88.08040116657226
0.3669,88.08669562115776
0.367,88.09508822727177
0.3671,88.10557898491429
0.3672,88.10977528797129
0.3673,88.11606974255682
0.3674,88.1181678940853
0.3675,88.12656050019932
0.3676,88.15383647006986
0.3677,88.16642537924089
0.3678,88.1706216822979
0.3679,88.1769161368834
0.368,88.18530874299742
0.3681,88.19789765216845
0.3682,88.20838840981095
0.3683,88.21887916745348
0.3684,88.22307547051048
0.3685,88.23986068273851
0.3686,88.25035144038102
0.3687,88.26084219802354
0.3688,88.27343110719457
0.3689,88.28182371330857
0.369,88.29441262247958
0.3691,88.31539413776463
0.3693,88.32168859235014
0.3694,88.33008119846414
0.3695,88.34686641069219
0.3696,88.3636516229202
0.3698,88.37624053209123
0.3699,88.38882944126225
0.37,88.40771280501878
0.3701,88.42869432030382
0.3703,88.43498877488932
0.3704,88.43918507794632
0.3705,88.44547953253183
0.3706,88.47065735087388
0.3708,88.4769518054594
0.3709,88.4811481085164
0.371,88.49583516921592
0.3711,88.50842407838694
0.3713,88.52940559367197
0.3714,88.53150374520048
0.3715,88.5440926543715
0.3716,88.56717232118504
0.3718,88.57766307882756
0.3719,88.58605568494157
0.372,88.6007427456411
0.3721,88.63011686704014
0.3723,88.63431317009714
0.3724,88.64060762468266
0.3725,88.65529468538217
0.3726,88.68466880678123
0.3728,88.69725771595225
0.3729,88.70355217053776
0.373,88.72243553429429
0.3731,88.74131889805082
0.3733,88.75180965569334
0.3734,88.76230041333585
0.3735,88.77488932250687
0.3736,88.7958708377919
0.3738,88.80845974696292
0.3739,88.82734311071945
0.374,88.84203017141898
0.3741,88.86510983823251
0.3743,88.87769874740353
0.3744,88.89028765657456
0.3745,88.89868026268857
0.3746,88.9154654749166
0.3747,88.93854514173015
0.3748,88.94693774784415
0.3749,88.96162480854368
0.375,88.97211556618619
0.3751,88.9868026268857
0.3752,88.99309708147123
0.3753,88.99939153605673
0.3754,89.00988229369925
0.3755,89.01198044522775
0.3756,89.02247120287026
0.3757,89.04345271815531
0.3758,89.06023793038334
0.3759,89.06863053649735
0.376,89.07912129413987
0.3761,89.08961205178237
0.3762,89.0980046578964
0.3763,89.11269171859591
0.3764,89.12108432470993
0.3765,89.13157508235244
0.3766,89.13996768846646
0.3767,89.15885105222299
0.3768,89.17353811292251
0.3769,89.17983256750802
0.377,89.18822517362204
0.3771,89.19032332515054
0.3772,89.21340299196407
0.3773,89.21969744654959
0.3774,89.23858081030612
0.3775,89.25746417406265
0.3776,89.27424938629068
0.3777,89.2868382954617
0.3778,89.30572165921824
0.3779,89.32250687144627
0.378,89.33299762908877
0.3781,89.35397914437381
0.3782,89.36027359895931
0.3783,89.36656805354482
0.3784,89.37496065965884
0.3785,89.39384402341537
0.3786,89.40223662952938
0.3787,89.4148255387004
0.3788,89.42321814481443
0.3789,89.42741444787143
0.379,89.43790520551394
0.3791,89.45049411468496
0.3792,89.475671933027
0.3793,89.48616269066953
0.3794,89.49035899372653
0.3795,89.49875159984055
0.3796,89.51134050901156
0.3797,89.52812572123959
0.3798,89.5344201758251
0.3799,89.54910723652462
0.38,89.55540169111013
0.3801,89.57428505486666
0.3802,89.58057950945218
0.3803,89.59107026709468
0.3804,89.5973647216802
0.3805,89.60365917626572
0.3806,89.61414993390822
0.3807,89.61834623696522
0.3808,89.62464069155074
0.3809,89.63303329766475
0.381,89.64981850989278
0.3811,89.65191666142128
0.3812,89.67919263129183
0.3814,89.68129078282033
0.3815,89.69387969199136
0.3816,89.7169593588049
0.3817,89.72954826797591
0.382,89.74633348020394
0.3821,89.76102054090347
0.3822,89.76941314701747
0.3824,89.77570760160299
0.3825,89.784100207717
0.3826,89.78829651077402
0.3827,89.80717987453055
0.3829,89.81976878370156
0.383,89.82816138981558
0.3831,89.83445584440108
0.3832,89.8470447535721
0.3834,89.85543735968612
0.3835,89.86802626885714
0.3836,89.88271332955667
0.3837,89.9015966933132
0.3839,89.90998929942721
0.384,89.92048005706972
0.3841,89.92677451165522
0.3842,89.94146157235475
0.3844,89.94775602694027
0.3845,89.96034493611128
0.3846,89.9708356937538
0.3847,89.99181720903884
0.3849,90.00860242126686
0.385,90.01279872432387
0.3851,90.01699502738087
0.3852,90.0337802396089
0.3854,90.04217284572292
0.3855,90.04427099725142
0.3856,90.06105620947945
0.3857,90.07784142170748
0.3859,90.08413587629298
0.386,90.096724785464
0.3861,90.10721554310652
0.3862,90.12609890686305
0.3864,90.1449822706196
0.3865,90.14708042214808
0.3866,90.16386563437612
0.3867,90.18274899813264
0.3869,90.19323975577517
0.387,90.20582866494618
0.3871,90.2142212710602
0.3872,90.22471202870271
0.3873,90.22890833175971
0.3874,90.23310463481673
0.3875,90.24149724093074
0.3876,90.24569354398776
0.3877,90.24988984704476
0.3878,90.26667505927279
0.3879,90.2771658169153
0.388,90.29185287761482
0.3881,90.29604918067183
0.3882,90.30024548372883
0.3884,90.30863808984286
0.3885,90.31912884748536
0.3886,90.32752145359937
0.3887,90.32961960512789
0.3888,90.33591405971339
0.3889,90.3422085142989
0.389,90.3443066658274
0.3891,90.36109187805543
0.3892,90.36948448416945
0.3893,90.37577893875496
0.3894,90.37997524181196
0.3895,90.38417154486898
0.3896,90.39676045403999
0.3897,90.405153060154
0.3898,90.41144751473952
0.3899,90.41774196932502
0.39,90.41984012085352
0.3901,90.43242903002455
0.3902,90.43452718155305
0.3903,90.44501793919557
0.3904,90.44921424225258
0.3905,90.45550869683808
0.3906,90.4639013029521
0.3907,90.47229390906611
0.3908,90.47858836365162
0.3909,90.48488281823714
0.391,90.48907912129414
0.3911,90.49747172740815
0.3912,90.50166803046517
0.3913,90.51215878810768
0.3914,90.5205513942217
0.3915,90.5247476972787
0.3916,90.52894400033571
0.3917,90.5310421518642
0.3918,90.54153290950673
0.3919,90.54363106103523
0.392,90.54992551562073
0.3921,90.55412181867774
0.3922,90.55831812173474
0.3923,90.56880887937727
0.3924,90.57929963701979
0.3925,90.5918885461908
0.3926,90.59818300077632
0.3927,90.60447745536183
0.3928,90.60657560689033
0.3929,90.61706636453285
0.393,90.62755712217536
0.3931,90.62965527370388
0.3932,90.64224418287489
0.3933,90.64644048593189
0.3934,90.6506367889889
0.3935,90.66112754663142
0.3936,90.67161830427393
0.3937,90.69259981955898
0.3938,90.69679612261598
0.394,90.70518872873
0.3941,90.709385031787
0.3942,90.71777763790101
0.3943,90.73036654707202
0.3945,90.73875915318604
0.3946,90.74085730471455
0.3947,90.74715175930007
0.3948,90.76603512305658
0.395,90.7723295776421
0.3951,90.7765258806991
0.3952,90.78491848681311
0.3953,90.80380185056964
0.3955,90.81009630515517
0.3956,90.81848891126917
0.3957,90.82268521432619
0.3958,90.8352741234972
0.396,90.8394704265542
0.3961,90.84366672961121
0.3962,90.85205933572522
0.3963,90.86674639642474
0.3965,90.87304085101026
0.3966,90.88353160865277
0.3967,90.88772791170979
0.3968,90.8982186693523
0.397,90.91080757852332
0.3972,90.91920018463733
0.3973,90.95067245756489
0.3975,90.96116321520739
0.3976,90.97375212437842
0.3977,90.97585027590692
0.3978,90.98424288202094
0.398,90.99683179119195
0.3981,91.00942070036298
0.3982,91.0199114580055
0.3983,91.03879482176202
0.3985,91.04508927634754
0.3986,91.06397264010407
0.3987,91.06816894316108
0.3988,91.0807578523321
0.399,91.09544491303161
0.3991,91.10803382220264
0.3992,91.12691718595917
0.3993,91.13530979207319
0.3994,91.13740794360169
0.3995,91.1437023981872
0.3996,91.15419315582972
0.3997,91.16468391347223
0.3998,91.17097836805775
0.4,91.28218039906842
0.4001,91.29057300518242
0.4002,91.29686745976795
0.4003,91.30945636893897
0.4004,91.31155452046747
0.4005,91.31994712658148
0.4006,91.330437884224
0.4007,91.34302679339503
0.4008,91.35561570256604
0.4009,91.36191015715156
0.401,91.36820461173706
0.4011,91.37449906632257
0.4012,91.38498982396509
0.4013,91.3954805816076
0.4014,91.41016764230713
0.4015,91.41856024842114
0.4016,91.42485470300666
0.4017,91.42695285453516
0.4018,91.43534546064916
0.4019,91.44793436982019
0.402,91.46052327899122
0.4021,91.46471958204822
0.4022,91.47311218816223
0.4023,91.48779924886176
0.4024,91.49409370344726
0.4025,91.50668261261828
0.4026,91.5192715217893
0.4027,91.5255659763748
0.4028,91.52976227943182
0.4029,91.54235118860285
0.403,91.54864564318835
0.4031,91.55703824930237
0.4032,91.56543085541638
0.4033,91.57172531000188
0.4034,91.57801976458741
0.4035,91.59060867375842
0.4036,91.60109943140094
0.4037,91.60739388598644
0.4038,91.60949203751495
0.4039,91.61788464362897
0.404,91.62208094668597
0.4041,91.62627724974297
0.4042,91.63047355279998
0.4043,91.63466985585698
0.4044,91.643062461971
0.4045,91.647258765028
0.4046,91.65565137114203
0.4047,91.65774952267053
0.4048,91.66614212878454
0.4049,91.67033843184154
0.405,91.67663288642706
0.4051,91.67873103795556
0.4052,91.68502549254107
0.4053,91.69341809865509
0.4054,91.7039088562976
0.4055,91.71020331088312
0.4056,91.71649776546862
0.4057,91.72279222005413
0.4058,91.72489037158263
0.4059,91.73328297769665
0.406,91.73957743228216
0.4061,91.74587188686768
0.4062,91.7668534021527
0.4063,91.77524600826672
0.4064,91.79412937202325
0.4066,91.80042382660875
0.4067,91.80881643272278
0.4068,91.81511088730828
0.4069,91.83609240259332
0.4072,91.84658316023582
0.4073,91.85497576634984
0.4074,91.86756467552087
0.4076,91.87385913010637
0.4077,91.8843498877489
0.4078,91.8885461908059
0.4079,91.90952770609093
0.4081,91.91792031220494
0.4082,91.92211661526196
0.4083,91.92841106984746
0.4084,91.94519628207549
0.4086,91.947294433604
0.4087,91.955687039718
0.4088,91.95988334277502
0.4089,91.97247225194603
0.4091,91.97666855500304
0.4092,91.97876670653154
0.4093,91.98506116111706
0.4094,91.99765007028807
0.4096,92.00604267640209
0.4097,92.0144352825161
0.4098,92.02282788863012
0.41,92.03541679780113
0.4101,92.04171125238665
0.4102,92.05010385850066
0.4103,92.05639831308618
0.4104,92.06269276767168
0.4105,92.06688907072869
0.4106,92.0752816768427
0.4107,92.0815761314282
0.4108,92.08787058601372
0.4109,92.09626319212774
0.411,92.10045949518474
0.4111,92.11095025282727
0.4112,92.12144101046977
0.4114,92.12563731352678
0.4115,92.14452067728331
0.4116,92.15710958645434
0.4117,92.16550219256835
0.4118,92.17389479868237
0.4119,92.18018925326787
0.4122,92.1927781624389
0.4123,92.1969744654959
0.4124,92.20117076855291
0.4125,92.20956337466691
0.4126,92.21375967772393
0.4127,92.21585782925243
0.4128,92.22215228383794
0.4129,92.22425043536644
0.413,92.22844673842346
0.4131,92.24523195065147
0.4132,92.25152640523699
0.4133,92.25362455676549
0.4134,92.26831161746502
0.4135,92.28090052663603
0.4136,92.28929313275005
0.4137,92.29558758733556
0.4138,92.29768573886406
0.4139,92.30607834497808
0.414,92.31447095109209
0.4141,92.3228635572061
0.4142,92.33335431484862
0.4143,92.33545246637712
0.4144,92.33964876943412
0.4145,92.34384507249113
0.4146,92.35643398166215
0.4147,92.35853213319066
0.4148,92.37112104236168
0.4149,92.3732191938902
0.415,92.3816118000042
0.4151,92.38580810306121
0.4152,92.39000440611821
0.4153,92.40049516376074
0.4154,92.40678961834624
0.4156,92.41518222446025
0.4157,92.41937852751725
0.4158,92.42147667904575
0.4159,92.42777113363128
0.416,92.43196743668828
0.4161,92.43616373974528
0.4162,92.43826189127378
0.4163,92.44245819433078
0.4164,92.45294895197331
0.4165,92.45924340655883
0.4166,92.46553786114433
0.4167,92.47812677031536
0.4168,92.48232307337236
0.417,92.49281383101487
0.4171,92.49491198254339
0.4172,92.5095990432429
0.4173,92.51799164935692
0.4174,92.52218795241393
0.4175,92.52848240699943
0.4176,92.53058055852794
0.4177,92.54107131617046
0.4178,92.55575837686997
0.4179,92.5704454375695
0.418,92.57883804368352
0.4181,92.58093619521202
0.4182,92.58723064979752
0.4183,92.59352510438303
0.4184,92.61450661966806
0.4185,92.6312918318961
0.4186,92.64597889259562
0.4187,92.65437149870964
0.4188,92.65856780176665
0.4189,92.66066595329515
0.419,92.66905855940915
0.4191,92.68374562010868
0.4192,92.6921382262227
0.4193,92.71311974150774
0.4194,92.71521789303624
0.4195,92.72361049915024
0.4196,92.73410125679277
0.4197,92.74459201443528
0.4198,92.7529846205493
0.4199,92.7550827720778
0.42,92.7592790751348
0.4201,92.76767168124881
0.4202,92.77816243889133
0.4203,92.79494765111936
0.4204,92.80543840876187
0.4205,92.8117328633474
0.4206,92.8201254694614
0.4207,92.82432177251842
0.4208,92.83691068168943
0.4209,92.84530328780345
0.421,92.86418665155998
0.4211,92.86838295461698
0.4212,92.87677556073099
0.4213,92.8788737122595
0.4214,92.885168166845
0.4215,92.88726631837352
0.4216,92.90195337907303
0.4217,92.90824783365854
0.4218,92.91454228824406
0.4219,92.92293489435806
0.422,92.93132750047208
0.4221,92.94181825811461
0.4222,92.95230901575712
0.4223,92.95860347034262
0.4224,92.96699607645664
0.4226,92.96909422798515
0.4227,92.97748683409915
0.4228,92.98587944021317
0.4229,92.99217389479868
0.423,93.0026646524412
0.4231,93.00686095549821
0.4232,93.01315541008371
0.4233,93.03413692536876
0.4234,93.03623507689726
0.4235,93.04252953148277
0.4236,93.05302028912527
0.4237,93.0635110467678
0.4238,93.06980550135331
0.4239,93.07400180441032
0.424,93.07819810746733
0.4241,93.08659071358133
0.4243,93.09917962275236
0.4244,93.11176853192337
0.4245,93.11596483498037
0.4246,93.12435744109439
0.4247,93.14114265332243
0.4248,93.14743710790793
0.4249,93.15163341096493
0.425,93.15582971402195
0.4251,93.16002601707896
0.4252,93.17261492624998
0.4253,93.18100753236399
0.4254,93.18940013847799
0.4255,93.19569459306352
0.4256,93.20198904764902
0.4257,93.21457795682005
0.4258,93.22506871446255
0.4259,93.22926501751957
0.426,93.23765762363358
0.4261,93.2439520782191
0.4262,93.2481483812761
0.4263,93.25654098739011
0.4264,93.26493359350411
0.4265,93.27542435114664
0.4266,93.28171880573215
0.4268,93.28801326031765
0.4269,93.29011141184617
0.427,93.30479847254568
0.4271,93.31738738171671
0.4272,93.32577998783073
0.4273,93.33207444241623
0.4274,93.33627074547324
0.4275,93.34466335158726
0.4276,93.35095780617276
0.4277,93.36564486687229
0.4278,93.3824300791003
0.4279,93.38452823062882
0.428,93.38872453368582
0.4281,93.39711713979983
0.4282,93.40341159438535
0.4283,93.40760789744236
0.4284,93.42019680661338
0.4286,93.42649126119889
0.4287,93.42858941272739
0.4288,93.4390801703699
0.4289,93.4411783218984
0.429,93.45586538259793
0.4291,93.46006168565494
0.4292,93.46635614024045
0.4293,93.47894504941146
0.4294,93.48104320093998
0.4295,93.489435807054
0.4296,93.49153395858248
0.4297,93.50202471622501
0.4298,93.50831917081052
0.4299,93.51671177692454
0.43,93.52510438303854
0.4301,93.53559514068107
0.4302,93.53769329220957
0.4303,93.54398774679508
0.4304,93.5565766559661
0.4305,93.5607729590231
0.4306,93.57336186819411
0.4307,93.58804892889364
0.4308,93.59434338347916
0.4309,93.59853968653617
0.431,93.60273598959317
0.4311,93.60903044417867
0.4312,93.61322674723569
0.4313,93.61742305029269
0.4314,93.6279138079352
0.4315,93.63630641404922
0.4316,93.64050271710623
0.4317,93.64889532322024
0.4318,93.65099347474874
0.4319,93.65728792933426
0.432,93.66358238391976
0.4321,93.66987683850527
0.4322,93.67197499003377
0.4323,93.67407314156229
0.4324,93.68036759614779
0.4325,93.6866620507333
0.4326,93.6908583537903
0.4327,93.70554541448983
0.4328,93.71393802060385
0.433,93.72023247518936
0.4331,93.72442877824636
0.4332,93.73072323283186
0.4333,93.73491953588888
0.4334,93.74541029353139
0.4335,93.75799920270242
0.4336,93.76429365728794
0.4339,93.76639180881642
0.434,93.77478441493045
0.4341,93.77688256645895
0.4342,93.78527517257297
0.4343,93.79576593021548
0.4344,93.79786408174398
0.4345,93.79996223327248
0.4346,93.8041585363295
0.4347,93.8083548393865
0.4348,93.81255114244351
0.4349,93.81674744550051
0.435,93.81884559702902
0.4351,93.82094374855751
0.4352,93.82304190008603
0.4354,93.83143450620004
0.4355,93.83563080925704
0.4356,93.84402341537105
0.4357,93.84612156689957
0.4358,93.85241602148507
0.4359,93.86080862759908
0.436,93.8692012337131
0.4361,93.88179014288411
0.4362,93.89018274899813
0.4363,93.90696796122616
0.4364,93.9279494765112
0.4365,93.9342439310967
0.4367,93.94053838568222
0.4368,93.94683284026772
0.4369,93.95942174943875
0.437,93.96361805249576
0.4371,93.97830511319528
0.4372,93.9971884769518
0.4373,93.9992866284803
0.4375,94.00348293153732
0.4376,94.01607184070834
0.4377,94.02236629529385
0.4378,94.03285705293636
0.4379,94.0517404166929
0.438,94.06013302280691
0.4381,94.06432932586391
0.4382,94.07272193197794
0.4383,94.07901638656344
0.4384,94.08111453809194
0.4385,94.08531084114895
0.4386,94.09370344726297
0.4387,94.09789975031997
0.4388,94.10419420490548
0.4389,94.1125868110195
0.439,94.11468496254798
0.4391,94.118881265605
0.4392,94.12307756866201
0.4393,94.12727387171901
0.4394,94.13776462936153
0.4395,94.15035353853256
0.4396,94.16923690228909
0.4397,94.1755313568746
0.4398,94.18812026604562
0.4399,94.19861102368813
0.44,94.20070917521663
0.4401,94.20490547827363
0.4402,94.21329808438766
0.4403,94.23008329661569
0.4404,94.23847590272969
0.4405,94.25106481190072
0.4406,94.25526111495772
0.4407,94.27414447871425
0.4408,94.27834078177126
0.4409,94.28253708482826
0.441,94.28673338788526
0.4411,94.29932229705629
0.4412,94.30561675164181
0.4413,94.31191120622732
0.4414,94.31820566081282
0.4415,94.32869641845534
0.4416,94.33918717609787
0.4417,94.34338347915487
0.4418,94.34757978221188
0.4419,94.3643649944399
0.442,94.37275760055391
0.4421,94.37695390361091
0.4422,94.37905205513943
0.4423,94.38534650972493
0.4424,94.39373911583895
0.4425,94.40422987348146
0.4426,94.41891693418098
0.4427,94.42940769182351
0.4428,94.43570214640901
0.4429,94.44829105558003
0.443,94.45878181322254
0.4431,94.46087996475106
0.4432,94.46297811627956
0.4433,94.46507626780806
0.4434,94.47346887392207
0.4435,94.47556702545057
0.4436,94.4839596315646
0.4437,94.4881559346216
0.4438,94.49654854073562
0.4439,94.49864669226412
0.444,94.50284299532112
0.4441,94.50703929837813
0.4442,94.51962820754915
0.4443,94.52592266213466
0.4444,94.53221711672018
0.4445,94.53851157130569
0.4446,94.54480602589119
0.4447,94.5531986320052
0.4448,94.56368938964772
0.4449,94.56998384423324
0.445,94.57418014729024
0.4451,94.57627829881874
0.4452,94.58047460187575
0.4453,94.59096535951826
0.4454,94.59935796563228
0.4455,94.6056524202178
0.4456,94.61404502633181
0.4457,94.63292839008834
0.4458,94.63922284467384
0.4459,94.64341914773084
0.446,94.64761545078785
0.4461,94.65181175384487
0.4462,94.65600805690187
0.4464,94.66020435995888
0.4465,94.66649881454438
0.4466,94.67908772371541
0.4467,94.69167663288643
0.4468,94.69587293594344
0.447,94.70006923900044
0.4471,94.70216739052894
0.4472,94.70426554205744
0.4473,94.70846184511446
0.4474,94.71055999664296
0.4475,94.71685445122847
0.4476,94.72524705734247
0.4478,94.731541511928
0.4479,94.74203226957052
0.448,94.75042487568453
0.4481,94.75881748179854
0.4482,94.76091563332703
0.4483,94.76930823944105
0.4484,94.77560269402656
0.4486,94.77770084555507
0.4487,94.78189714861207
0.4488,94.78609345166909
0.4489,94.79448605778309
0.449,94.8070749669541
0.4491,94.81756572459663
0.4492,94.82386017918213
0.4493,94.83225278529616
0.4494,94.84274354293866
0.4495,94.84484169446718
0.4496,94.84903799752418
0.4499,94.85323430058119
0.45,94.86582320975221
0.4501,94.87211766433772
0.4502,94.87841211892322
0.4503,94.88470657350874
0.4504,94.89100102809425
0.4505,94.89729548267975
0.4506,94.90778624032228
0.4507,94.90988439185077
0.4509,94.9182769979648
0.451,94.9245714525503
0.4511,94.93506221019283
0.4512,94.94135666477833
0.4513,94.94765111936384
0.4514,94.95394557394935
0.4516,94.96653448312037
0.4517,94.96863263464887
0.4518,94.97492708923438
0.4519,94.98961414993391
0.452,95.00010490757643
0.4521,95.00639936216193
0.4522,95.01059566521894
0.4523,95.01689011980446
0.4524,95.02738087744696
0.4525,95.03577348356099
0.4526,95.03787163508949
0.4527,95.044166089675
0.4528,95.06095130190302
0.4529,95.06514760496003
0.453,95.07144205954555
0.4532,95.07354021107405
0.4533,95.07983466565956
0.4534,95.09242357483058
0.4535,95.09452172635908
0.4536,95.09661987788758
0.4537,95.09871802941609
0.4538,95.1071106355301
0.454,95.1134050901156
0.4541,95.11969954470112
0.4542,95.12179769622962
0.4543,95.12389584775812
0.4544,95.13019030234364
0.4545,95.13228845387214
0.4546,95.13648475692914
0.4547,95.15117181762866
0.4548,95.15956442374268
0.4549,95.16376072679968
0.455,95.17425148444221
0.4551,95.17844778749921
0.4552,95.18264409055622
0.4553,95.18893854514174
0.4554,95.19523299972724
0.4555,95.20992006042677
0.4556,95.21621451501228
0.4557,95.22041081806928
0.4558,95.2309015757118
0.4559,95.23929418182581
0.456,95.24768678793983
0.4561,95.25188309099684
0.4562,95.25398124252533
0.4563,95.25817754558234
0.4565,95.26447200016786
0.4566,95.27915906086739
0.4567,95.28755166698139
0.4568,95.2980424246239
0.4569,95.30223872768092
0.457,95.31482763685193
0.4571,95.31902393990894
0.4572,95.32322024296595
0.4573,95.32741654602296
0.4574,95.33161284907996
0.4575,95.33580915213696
0.4576,95.34210360672247
0.4577,95.34420175825097
0.4578,95.3546925158935
0.4579,95.36518327353602
0.458,95.37147772812152
0.4581,95.38406663729255
0.4582,95.38826294034955
0.4583,95.39036109187805
0.4584,95.39665554646356
0.4585,95.40295000104908
0.4586,95.41134260716308
0.4587,95.42183336480561
0.4588,95.42393151633412
0.4589,95.42602966786261
0.459,95.43022597091962
0.4591,95.43861857703362
0.4592,95.44071672856214
0.4593,95.44910933467615
0.4595,95.46379639537568
0.4596,95.4742871530182
0.4597,95.4763853045467
0.4598,95.48267975913221
0.4599,95.48897421371771
0.46,95.49107236524623
0.4601,95.49526866830323
0.4602,95.49946497136023
0.4603,95.50575942594574
0.4604,95.50785757747424
0.4605,95.50995572900275
0.4606,95.51834833511677
0.4608,95.52254463817377
0.4609,95.52464278970227
0.461,95.52883909275927
0.4611,95.53093724428778
0.4612,95.5372316988733
0.4613,95.5393298504018
0.4614,95.54562430498731
0.4615,95.5477224565158
0.4616,95.55401691110133
0.4617,95.55821321415833
0.4618,95.56031136568683
0.4619,95.56450766874384
0.4621,95.56660582027234
0.4622,95.57290027485786
0.4625,95.58548918402887
0.4626,95.58968548708587
0.4627,95.59388179014289
0.4628,95.59597994167139
0.4629,95.59807809319989
0.463,95.61276515389942
0.4631,95.61696145695642
0.4632,95.62745221459895
0.4633,95.63584482071296
0.4634,95.63794297224145
0.4636,95.64213927529846
0.4637,95.64633557835546
0.4638,95.65263003294098
0.4639,95.65682633599799
0.464,95.6673170936405
0.4641,95.67570969975452
0.4642,95.67990600281152
0.4643,95.68829860892554
0.4644,95.69249491198254
0.4645,95.69878936656805
0.4646,95.70298566962506
0.4647,95.70928012421057
0.4648,95.7176727303246
0.465,95.7260653364386
0.4651,95.73445794255261
0.4652,95.73865424560962
0.4653,95.74494870019514
0.4654,95.75334130630914
0.4656,95.75543945783764
0.4657,95.76173391242315
0.4658,95.76802836700867
0.4659,95.77851912465118
0.466,95.78271542770818
0.4661,95.7911080338222
0.4662,95.79740248840771
0.4663,95.80159879146471
0.4666,95.80999139757873
0.4667,95.82048215522126
0.4668,95.82887476133526
0.4669,95.83097291286377
0.467,95.83307106439227
0.4671,95.83726736744927
0.4672,95.84356182203479
0.4673,95.8477581250918
0.4675,95.8519544281488
0.4676,95.8561507312058
0.4677,95.86244518579133
0.4678,95.87293594343383
0.4679,95.87503409496234
0.468,95.87713224649083
0.4682,95.88342670107635
0.4683,95.89181930719036
0.4684,95.90231006483289
0.4685,95.90650636788989
0.4686,95.9107026709469
0.4688,95.9169971255324
0.4689,95.9190952770609
0.469,95.92329158011792
0.4691,95.92538973164642
0.4692,95.93797864081745
0.4694,95.94427309540295
0.4695,95.95056754998846
0.4696,95.96105830763098
0.4697,95.96525461068799
0.4698,95.96735276221648
0.4699,95.97574536833051
0.47,95.98203982291601
0.4701,95.99043242903002
0.4702,95.99672688361554
0.4704,96.00302133820105
0.4705,96.00721764125805
0.4706,96.01561024737207
0.4707,96.02400285348608
0.4708,96.0365917626571
0.4709,96.03868991418561
0.471,96.04918067182811
0.4711,96.05337697488513
0.4712,96.05757327794213
0.4713,96.05967142947064
0.4714,96.06386773252764
0.4715,96.07435849017017
0.4716,96.07645664169866
0.4717,96.08065294475567
0.4718,96.08904555086968
0.4719,96.0953400054552
0.472,96.0974381569837
0.4723,96.0995363085122
0.4724,96.1037326115692
0.4725,96.11002706615471
0.4726,96.11422336921173
0.4727,96.12471412685424
0.4728,96.13100858143974
0.4729,96.14149933908227
0.473,96.14989194519629
0.4731,96.15199009672479
0.4732,96.1561863997818
0.4733,96.1645790058958
0.4734,96.17506976353832
0.4735,96.18136421812383
0.4736,96.18765867270935
0.4737,96.19185497576635
0.4738,96.19395312729485
0.4739,96.19814943035186
0.4741,96.20234573340886
0.4742,96.20444388493738
0.4743,96.20864018799438
0.4744,96.21493464257989
0.4745,96.2191309456369
0.4746,96.2254254002224
0.4747,96.2296217032794
0.4748,96.23591615786492
0.4749,96.24850506703594
0.475,96.25060321856445
0.4752,96.25270137009295
0.4753,96.26319212773546
0.4754,96.26948658232098
0.4755,96.27368288537798
0.4756,96.28627179454901
0.4757,96.29046809760601
0.4758,96.29466440066301
0.4759,96.30305700677702
0.476,96.30515515830554
0.4761,96.30935146136254
0.4762,96.31144961289104
0.4763,96.31354776441955
0.4764,96.31984221900505
0.4765,96.33033297664757
0.4766,96.33872558276158
0.4767,96.3408237342901
0.4768,96.34921634040411
0.4769,96.35760894651811
0.477,96.36390340110363
0.4771,96.36809970416064
0.4772,96.37019785568913
0.4773,96.37229600721764
0.4774,96.37439415874614
0.4775,96.38068861333166
0.4776,96.38488491638866
0.4777,96.38908121944567
0.4778,96.39117937097417
0.4779,96.39957197708819
0.478,96.4121608862592
0.4781,96.4142590377877
0.4783,96.42265164390173
0.4784,96.42894609848723
0.4785,96.43733870460125
0.4786,96.44363315918676
0.4788,96.44992761377227
0.479,96.45622206835777
0.4791,96.46041837141478
0.4793,96.46251652294329
0.4794,96.46671282600029
0.4795,96.4730072805858
0.4796,96.4751054321143
0.4797,96.48139988669982
0.4798,96.48559618975683
0.4799,96.48979249281383
0.48,96.50447955351336
0.4801,96.50657770504186
0.4803,96.51287215962738
0.4804,96.52336291726988
0.4806,96.52546106879839
0.4808,96.5296573718554
0.4809,96.5317555233839
0.481,96.53804997796941
0.4813,96.54224628102641
0.4814,96.54854073561192
0.4815,96.55273703866894
0.4817,96.55693334172594
0.4818,96.56742409936847
0.4819,96.57371855395397
0.482,96.57581670548247
0.4821,96.57791485701097
0.4823,96.58420931159648
0.4824,96.594700069239
0.4825,96.59889637229601
0.4826,96.60099452382451
0.4827,96.60728897841003
0.4828,96.61358343299553
0.4829,96.61568158452404
0.4831,96.61987788758104
0.4833,96.62197603910954
0.4834,96.62617234216656
0.4835,96.63036864522357
0.4836,96.63666309980907
0.4837,96.63876125133757
0.4838,96.64085940286607
0.4839,96.64505570592308
0.484,96.6555464635656
0.4842,96.6597427666226
0.4843,96.66184091815111
0.4844,96.67233167579361
0.4845,96.68701873649314
0.4846,96.69121503955016
0.4847,96.69541134260716
0.4848,96.70380394872117
0.4849,96.70800025177819
0.485,96.71219655483519
0.4851,96.71429470636369
0.4852,96.7205891609492
0.4853,96.7226873124777
0.4854,96.73527622164872
0.4855,96.73947252470573
0.4856,96.74157067623423
0.4857,96.74366882776275
0.4858,96.74786513081975
0.4859,96.75415958540525
0.486,96.76045403999078
0.4861,96.76255219151926
0.4862,96.76465034304778
0.4863,96.77094479763329
0.4864,96.77723925221879
0.4865,96.7793374037473
0.4866,96.7856318583328
0.4867,96.79402446444682
0.4869,96.79612261597532
0.487,96.80241707056084
0.4871,96.80871152514635
0.4872,96.81080967667485
0.4873,96.81710413126035
0.4875,96.82549673737438
0.4876,96.83179119195988
0.4877,96.8380856465454
0.4878,96.85067455571641
0.4879,96.85696901030192
0.488,96.86955791947295
0.4882,96.88004867711545
0.4883,96.88214682864397
0.4884,96.88424498017247
0.4885,96.88634313170097
0.4886,96.89473573781498
0.4887,96.9010301924005
0.4888,96.903128343929
0.4889,96.907324646986
0.489,96.91361910157151
0.4891,96.91991355615703
0.4892,96.92620801074253
0.4893,96.92830616227104
0.4894,96.93460061685654
0.4895,96.93669876838506
0.4896,96.94299322297056
0.4897,96.94718952602757
0.4898,96.95138582908459
0.49,96.95348398061307
0.4901,96.96187658672709
0.4902,96.9702691928411
0.4904,96.98075995048362
0.4905,96.99544701118315
0.4906,97.00174146576866
0.4907,97.00593776882567
0.4908,97.01223222341117
0.4909,97.01852667799669
0.4911,97.02482113258219
0.4912,97.0311155871677
0.4913,97.0353118902247
0.4914,97.04160634481023
0.4915,97.04370449633872
0.4916,97.04999895092423
0.4917,97.05629340550973
0.4918,97.06678416315226
0.4919,97.06888231468078
0.492,97.07307861773778
0.4921,97.07937307232328
0.4922,97.0856675269088
0.4923,97.09196198149431
0.4924,97.10035458760832
0.4925,97.10664904219382
0.4926,97.11923795136485
0.4928,97.12763055747887
0.4929,97.13602316359288
0.493,97.14231761817838
0.4932,97.15490652734941
0.4933,97.16329913346343
0.4934,97.17169173957744
0.4935,97.18218249721996
0.4936,97.18847695180546
0.4938,97.19267325486247
0.4939,97.19477140639097
0.494,97.19686955791947
0.4941,97.20106586097647
0.4943,97.20526216403348
0.4944,97.215752921676
0.4945,97.22414552779001
0.4946,97.23043998237553
0.4947,97.23253813390403
0.4948,97.23463628543253
0.4949,97.23883258848954
0.495,97.24093074001804
0.4951,97.24302889154654
0.4952,97.25351964918907
0.4953,97.26401040683157
0.4954,97.26610855836009
0.4955,97.26820670988859
0.4956,97.2745011644741
0.4957,97.2786974675311
0.4958,97.29128637670212
0.4959,97.29548267975913
0.496,97.29967898281615
0.4961,97.30177713434465
0.4962,97.30807158893016
0.4964,97.31016974045865
0.4965,97.32066049810118
0.4966,97.33115125574369
0.4967,97.3395438618577
0.4968,97.3437401649147
0.4969,97.35423092255722
0.497,97.35632907408574
0.4971,97.36262352867125
0.4972,97.37101613478525
0.4973,97.37731058937077
0.4974,97.38150689242777
0.4975,97.38570319548478
0.4977,97.3898994985418
0.4978,97.39199765007028
0.4979,97.3940958015988
0.498,97.40248840771281
0.4981,97.40458655924131
0.4982,97.41297916535532
0.4984,97.42346992299784
0.4986,97.42976437758335
0.4987,97.43396068064035
0.4988,97.43815698369737
0.4989,97.44025513522587
0.499,97.44235328675437
0.4991,97.44445143828287
0.4992,97.4528440443969
0.4993,97.4612366505109
0.4994,97.46962925662491
0.4995,97.47592371121043
0.4997,97.47802186273893
0.4998,97.48431631732444
0.4999,97.49061077190994
0.5,97.63538322737668
0.5004,97.63957953043368
0.5006,97.6458739850192
0.5007,97.64797213654771
0.5008,97.65007028807621
0.501,97.65426659113321
0.5011,97.66056104571872
0.5013,97.66265919724722
0.5014,97.66685550030422
0.5016,97.66895365183274
0.5018,97.67105180336124
0.5019,97.67314995488974
0.502,97.67734625794675
0.5023,97.68154256100375
0.5024,97.68783701558927
0.5026,97.69622962170328
0.5027,97.69832777323178
0.5028,97.7046222278173
0.5031,97.7067203793458
0.5032,97.71091668240281
0.5034,97.71511298545981
0.5037,97.71721113698831
0.5038,97.72560374310233
0.5039,97.73189819768784
0.5041,97.73609450074484
0.5042,97.73819265227334
0.5044,97.74658525838737
0.5046,97.75078156144437
0.5047,97.75287971297287
0.5049,97.75707601602987
0.505,97.76337047061538
0.5051,97.7675667736724
0.5052,97.77386122825791
0.5053,97.7759593797864
0.5054,97.77805753131491
0.5056,97.78015568284341
0.5057,97.78225383437193
0.5058,97.78645013742893
0.5059,97.78854828895743
0.506,97.79274459201443
0.5062,97.79484274354294
0.5063,97.79903904659994
0.5064,97.80323534965694
0.5066,97.80533350118546
0.5067,97.80952980424247
0.5068,97.81162795577096
0.5069,97.81582425882797
0.507,97.81792241035647
0.5071,97.82002056188497
0.5074,97.82211871341349
0.5077,97.828413167999
0.5078,97.83051131952749
0.508,97.832609471056
0.5082,97.83680577411302
0.5083,97.84100207717002
0.5084,97.84310022869852
0.5087,97.84729653175552
0.5088,97.85149283481253
0.509,97.85359098634103
0.5092,97.85568913786953
0.5093,97.85988544092655
0.5094,97.86408174398356
0.5096,97.87037619856906
0.5097,97.87457250162606
0.5098,97.88296510774008
0.51,97.8913577138541
0.5103,97.8976521684396
0.5104,97.9018484714966
0.5109,97.90394662302512
0.511,97.9060447745536
0.5111,97.91024107761062
0.5112,97.91653553219614
0.5113,97.92073183525314
0.5115,97.92282998678165
0.5116,97.92492813831015
0.5117,97.92702628983865
0.5118,97.93332074442415
0.5119,97.93751704748117
0.512,97.93961519900968
0.5121,97.94381150206668
0.5124,97.94800780512368
0.5125,97.9522041081807
0.5127,97.95849856276621
0.5132,97.9605967142947
0.5133,97.96689116888022
0.5134,97.96898932040872
0.5135,97.97108747193722
0.5137,97.97318562346572
0.5139,97.97528377499422
0.514,97.98157822957974
0.5141,97.98367638110824
0.5142,97.98577453263675
0.5143,97.98787268416525
0.5145,97.99416713875077
0.5148,97.99626529027925
0.5154,97.99836344180777
0.5155,98.01095235097878
0.5158,98.0151486540358
0.5159,98.0172468055643
0.5161,98.0193449570928
0.5165,98.02563941167831
0.5167,98.02983571473531
0.5168,98.03822832084933
0.517,98.04032647237784
0.5171,98.04662092696334
0.5172,98.05081723002034
0.5174,98.05711168460586
0.5175,98.06550429071987
0.5177,98.06760244224839
0.5178,98.06970059377689
0.518,98.07809319989089
0.5182,98.0822895029479
0.5183,98.0864858060049
0.5184,98.08858395753342
0.5185,98.09278026059042
0.5187,98.09697656364743
0.5188,98.10327101823295
0.5189,98.10536916976143
0.519,98.11376177587545
0.5191,98.11795807893246
0.5192,98.12215438198947
0.5193,98.13474329116049
0.5194,98.13684144268899
0.5195,98.14103774574599
0.5197,98.145234048803
0.5198,98.15152850338852
0.5199,98.15362665491702
0.52,98.15572480644552
0.5203,98.15992110950252
0.5204,98.16201926103103
0.5205,98.16621556408803
0.5207,98.17041186714505
0.5208,98.17251001867355
0.5209,98.17460817020205
0.521,98.18090262478756
0.5211,98.18300077631606
0.5213,98.18509892784458
0.5214,98.18719707937306
0.5215,98.18929523090158
0.5218,98.19139338243008
0.5219,98.19349153395859
0.522,98.1976878370156
0.5221,98.2018841400726
0.5223,98.20817859465811
0.5225,98.21027674618661
0.5227,98.21237489771512
0.5228,98.21447304924361
0.5232,98.21866935230062
0.5233,98.22076750382914
0.5234,98.22286565535762
0.5235,98.23545456452865
0.5239,98.23965086758565
0.524,98.24174901911415
0.5241,98.24384717064267
0.5243,98.24804347369968
0.5247,98.25433792828518
0.525,98.25643607981368
0.5252,98.25853423134218
0.5253,98.2627305343992
0.5255,98.2648286859277
0.5256,98.2690249889847
0.5259,98.27112314051321
0.526,98.27322129204171
0.5261,98.27741759509871
0.5262,98.28161389815573
0.5263,98.28581020121273
0.5265,98.28790835274124
0.5266,98.29420280732674
0.5268,98.29630095885526
0.5269,98.30469356496926
0.527,98.31308617108327
0.5271,98.31518432261178
0.5275,98.32147877719729
0.5278,98.3235769287258
0.5282,98.3256750802543
0.5283,98.3277732317828
0.5284,98.32987138331131
0.5285,98.3319695348398
0.5286,98.33616583789681
0.5289,98.33826398942531
0.529,98.34246029248233
0.5292,98.34455844401081
0.5293,98.34665659553933
0.5294,98.34875474706783
0.5295,98.35085289859634
0.53,98.35504920165334
0.5302,98.35714735318184
0.5303,98.35924550471034
0.5306,98.36134365623886
0.5308,98.36553995929586
0.531,98.36763811082436
0.5311,98.36973626235287
0.5313,98.37603071693837
0.5314,98.37812886846689
0.5315,98.38022701999537
0.5316,98.38442332305239
0.5318,98.38652147458089
0.5321,98.3886196261094
0.5322,98.3928159291664
0.5323,98.3949140806949
0.5324,98.39701223222342
0.5326,98.39911038375192
0.5328,98.40120853528042
0.533,98.40540483833743
0.5331,98.40750298986592
0.5335,98.41169929292293
0.5336,98.41589559597995
0.5338,98.42009189903695
0.5339,98.42219005056545
0.534,98.42428820209396
0.5341,98.43058265667946
0.5342,98.43687711126498
0.5343,98.43897526279348
0.5345,98.44107341432198
0.5348,98.44526971737899
0.535,98.44736786890749
0.5353,98.4515641719645
0.5354,98.4557604750215
0.5356,98.45995677807852
0.5358,98.462054929607
0.5361,98.46415308113552
0.5366,98.46625123266402
0.5367,98.47044753572104
0.5369,98.47254568724954
0.5371,98.47674199030654
0.5372,98.47884014183505
0.5373,98.48303644489205
0.5375,98.48513459642055
0.5377,98.48723274794907
0.5379,98.48933089947755
0.538,98.49142905100607
0.5381,98.49772350559157
0.5384,98.49982165712008
0.5385,98.50191980864858
0.5387,98.50401796017708
0.5392,98.5061161117056
0.5393,98.5082142632341
0.5394,98.5103124147626
0.5395,98.5124105662911
0.5397,98.5166068693481
0.5399,98.51870502087661
0.5401,98.52080317240511
0.5403,98.52499947546211
0.5405,98.52709762699062
0.5407,98.53549023310464
0.5411,98.53758838463314
0.5412,98.53968653616164
0.5413,98.54178468769015
0.5416,98.54388283921864
0.5417,98.54807914227565
0.5419,98.55227544533265
0.5423,98.55647174838967
0.5427,98.56066805144667
0.543,98.56276620297518
0.5437,98.57115880908918
0.544,98.5732569606177
0.5441,98.5753551121462
0.5443,98.5795514152032
0.5446,98.58584586978871
0.5447,98.58794402131721
0.545,98.59004217284573
0.5451,98.60053293048824
0.5452,98.60263108201674
0.5455,98.60682738507374
0.5456,98.60892553660226
0.5457,98.61521999118776
0.546,98.61731814271627
0.5461,98.61941629424477
0.5462,98.62361259730179
0.5463,98.62780890035879
0.5466,98.62990705188729
0.5469,98.6320052034158
0.547,98.6362015064728
0.5471,98.6382996580013
0.5473,98.6424959610583
0.5475,98.64459411258682
0.5476,98.64879041564382
0.5482,98.65298671870082
0.5484,98.65508487022933
0.5487,98.65718302175783
0.5489,98.66557562787185
0.549,98.67187008245736
0.5498,98.67396823398586
0.55,98.67606638551436
0.5503,98.67816453704286
0.5505,98.68026268857137
0.5506,98.68655714315689
0.551,98.68865529468538
0.5514,98.69075344621389
0.5515,98.69704790079939
0.5517,98.70124420385639
0.552,98.70753865844192
0.5522,98.70963680997042
0.5524,98.71173496149892
0.5525,98.71383311302743
0.5528,98.71593126455592
0.553,98.71802941608443
0.5531,98.72012756761293
0.5532,98.72222571914143
0.5534,98.72432387066993
0.5535,98.72642202219845
0.5536,98.73481462831246
0.5538,98.74110908289796
0.5545,98.74320723442646
0.5546,98.74530538595498
0.5548,98.74950168901198
0.555,98.75159984054048
0.5551,98.753697992069
0.5553,98.75579614359748
0.5555,98.757894295126
0.5557,98.7599924466545
0.5558,98.76209059818301
0.5563,98.76628690124001
0.5564,98.76838505276851
0.5565,98.77048320429701
0.5566,98.77258135582552
0.5568,98.77467950735402
0.557,98.78097396193954
0.5571,98.78307211346804
0.5573,98.78517026499654
0.558,98.78936656805355
0.5582,98.79356287111055
0.5583,98.79566102263905
0.5588,98.79775917416755
0.559,98.79985732569607
0.5595,98.80195547722457
0.5597,98.80615178028157
0.5598,98.81034808333858
0.56,98.81874068945258
0.5601,98.8208388409811
0.5602,98.8229369925096
0.5615,98.82713329556661
0.5616,98.83132959862361
0.5618,98.83552590168063
0.5619,98.83762405320913
0.5621,98.84391850779464
0.5622,98.84811481085164
0.5629,98.85440926543716
0.5633,98.85650741696566
0.5634,98.86070372002266
0.5636,98.86280187155117
0.5639,98.86699817460817
0.5641,98.86909632613667
0.5643,98.87119447766518
0.5645,98.87329262919367
0.5646,98.87539078072219
0.5647,98.87748893225069
0.5649,98.88168523530769
0.5652,98.8837833868362
0.5653,98.8858815383647
0.5654,98.89007784142171
0.5656,98.89217599295021
0.5657,98.89427414447871
0.5658,98.89847044753573
0.5661,98.90056859906421
0.5664,98.90266675059273
0.5672,98.90476490212123
0.5674,98.90686305364973
0.5676,98.90896120517823
0.5678,98.91105935670674
0.5679,98.91525565976374
0.5682,98.91735381129226
0.5686,98.91945196282076
0.5688,98.92155011434926
0.5692,98.92364826587776
0.5695,98.92574641740627
0.5696,98.92784456893476
0.5697,98.92994272046327
0.5701,98.93204087199177
0.5704,98.93413902352027
0.5705,98.93623717504877
0.5718,98.93833532657729
0.5719,98.94253162963429
0.5722,98.9446297811628
0.5723,98.9467279326913
0.5726,98.9488260842198
0.5731,98.9509242357483
0.5738,98.9551205388053
0.574,98.95931684186232
0.5741,98.96141499339082
0.5744,98.96351314491932
0.5748,98.96770944797633
0.575,98.96980759950483
0.5758,98.97610205409035
0.576,98.97820020561885
0.5763,98.98029835714736
0.5766,98.98239650867585
0.5767,98.98449466020436
0.5776,98.98659281173286
0.5779,98.98869096326138
0.578,98.99078911478986
0.5783,98.99498541784688
0.579,98.99708356937538
0.5796,98.99918172090388
0.5797,99.00127987243239
0.58,99.02226138771742
0.5802,99.02435953924592
0.5808,99.02855584230294
0.581,99.03275214535994
0.5818,99.03485029688845
0.582,99.03694844841694
0.5823,99.03904659994545
0.5824,99.04114475147395
0.5825,99.04324290300247
0.5829,99.04534105453095
0.583,99.04743920605947
0.5843,99.04953735758797
0.5846,99.05373366064497
0.585,99.05583181217348
0.5854,99.05792996370198
0.5865,99.06002811523048
0.5869,99.06212626675898
0.5875,99.0642244182875
0.5876,99.066322569816
0.588,99.07051887287301
0.5884,99.0726170244015
0.5886,99.07471517593001
0.5888,99.07681332745851
0.5899,99.07891147898701
0.59,99.08100963051551
0.5901,99.08310778204402
0.5904,99.08730408510102
0.5905,99.08940223662952
0.5908,99.09150038815804
0.5911,99.09779484274355
0.5916,99.09989299427204
0.5919,99.10199114580055
0.5925,99.10408929732905
0.5928,99.10618744885755
0.5934,99.10828560038605
0.5935,99.11248190344307
0.5936,99.11458005497157
0.5938,99.11667820650007
0.5943,99.11877635802858
0.5945,99.12087450955708
0.5946,99.12297266108558
0.5947,99.1250708126141
0.595,99.12716896414258
0.5957,99.1292671156711
0.5958,99.1313652671996
0.5963,99.1334634187281
0.5969,99.1397578733136
0.597,99.14185602484211
0.5971,99.14395417637061
0.5974,99.14605232789913
0.5976,99.14815047942763
0.5981,99.15234678248464
0.5983,99.15444493401313
0.5985,99.15654308554164
0.5986,99.15864123707014
0.5989,99.16073938859864
0.5992,99.16283754012714
0.5993,99.16493569165566
0.5994,99.16703384318416
0.5995,99.16913199471266
0.6,99.17752460082667
0.6002,99.17962275235517
0.6004,99.18172090388367
0.6005,99.18381905541219
0.6006,99.18591720694069
0.6007,99.19011350999769
0.6018,99.1922116615262
0.6021,99.1964079645832
0.6022,99.20060426764022
0.6029,99.2027024191687
0.6035,99.20480057069722
0.6039,99.20899687375422
0.6052,99.21319317681123
0.6054,99.21529132833973
0.6056,99.21738947986823
0.6058,99.21948763139675
0.6061,99.22368393445375
0.6062,99.22788023751076
0.6066,99.22997838903925
0.6079,99.23207654056776
0.6081,99.23417469209626
0.6086,99.24046914668178
0.6087,99.24256729821028
0.6088,99.24466544973878
0.6095,99.24676360126729
0.6099,99.24886175279579
0.6101,99.25095990432429
0.6102,99.25305805585279
0.6105,99.25725435890979
0.611,99.2593525104383
0.6131,99.2614506619668
0.6135,99.2635488134953
0.6136,99.26564696502382
0.6137,99.26774511655232
0.6139,99.27194141960932
0.614,99.27403957113783
0.6147,99.27613772266633
0.6156,99.27823587419483
0.6172,99.28033402572333
0.6175,99.28243217725185
0.618,99.28662848030885
0.6182,99.28872663183735
0.6183,99.29502108642286
0.6212,99.29711923795136
0.6213,99.30131554100838
0.6218,99.30551184406538
0.6223,99.30760999559388
0.6225,99.3097081471224
0.6233,99.3160026017079
0.6249,99.3201989047649
0.6257,99.32229705629341
0.6268,99.32649335935041
0.6269,99.32859151087892
0.6288,99.33068966240742
0.6292,99.33278781393592
0.6294,99.33488596546442
0.6296,99.33698411699294
0.6297,99.34118042004994
0.6314,99.34327857157844
0.6317,99.34537672310694
0.6318,99.34747487463544
0.632,99.35167117769245
0.6321,99.35376932922095
0.6324,99.35586748074947
0.634,99.35796563227797
0.6344,99.36006378380647
0.6362,99.36216193533497
0.6375,99.36426008686348
0.6393,99.36635823839197
0.64,99.36845638992048
0.6402,99.37055454144898
0.643,99.37475084450598
0.6439,99.3768489960345
0.6445,99.378947147563
0.6454,99.3810452990915
0.6465,99.38314345062
0.6475,99.38733975367701
0.6478,99.38943790520551
0.6489,99.39153605673403
0.6491,99.39363420826251
0.6492,99.39573235979103
0.6506,99.39783051131953
0.6522,99.39992866284804
0.654,99.40202681437653
0.6546,99.40412496590504
0.6552,99.40622311743354
0.6561,99.40832126896204
0.6583,99.41041942049054
0.6606,99.41251757201906
0.6614,99.41461572354756
0.6624,99.41671387507606
0.6645,99.41881202660457
0.6646,99.42300832966157
0.6657,99.42510648119007
0.6679,99.42720463271858
0.6699,99.42930278424707
0.6707,99.43140093577559
0.6712,99.43349908730409
0.6721,99.43559723883259
0.6735,99.43769539036109
0.6749,99.4397935418896
0.6757,99.4418916934181
0.6758,99.4439898449466
0.6761,99.44608799647511
0.6762,99.4481861480036
0.6788,99.45028429953211
0.6793,99.45238245106061
0.6794,99.45657875411761
0.6822,99.45867690564613
0.6827,99.46287320870313
0.6836,99.46497136023163
0.6861,99.46706951176014
0.6873,99.46916766328864
0.6883,99.47126581481714
0.6895,99.47336396634566
0.6915,99.47965842093116
0.6929,99.48175657245967
0.6932,99.48385472398816
0.6936,99.48595287551667
0.6937,99.48805102704517
0.6952,99.49014917857367
0.6958,99.49224733010217
0.6973,99.49434548163069
0.6979,99.49644363315919
0.6987,99.49854178468769
0.7,99.50903254233022
0.7005,99.5111306938587
0.701,99.51322884538722
0.7024,99.51532699691572
0.7039,99.51742514844422
0.7052,99.51952329997272
0.7063,99.52371960302972
0.7087,99.52581775455823
0.709,99.52791590608673
0.7094,99.53001405761525
0.71,99.53421036067225
0.7131,99.53630851220076
0.7151,99.53840666372925
0.7153,99.54050481525776
0.7173,99.54260296678626
0.7199,99.54470111831476
0.7216,99.54679926984326
0.7218,99.54889742137178
0.722,99.55099557290026
0.7221,99.55309372442878
0.7234,99.55519187595728
0.7246,99.55729002748579
0.7247,99.55938817901429
0.7278,99.56358448207129
0.7285,99.56568263359979
0.7289,99.5677807851283
0.729,99.5719770881853
0.7295,99.5740752397138
0.7302,99.57617339124232
0.7321,99.57827154277082
0.7334,99.58036969429932
0.7335,99.58246784582782
0.7344,99.58456599735634
0.7356,99.58666414888484
0.7357,99.58876230041334
0.7366,99.59086045194184
0.7369,99.59505675499885
0.7396,99.59925305805585
0.7402,99.60135120958435
0.7412,99.60344936111287
0.7413,99.60764566416987
0.7417,99.61184196722688
0.7433,99.61394011875538
0.7449,99.61603827028388
0.745,99.61813642181238
0.7466,99.62023457334088
0.747,99.6223327248694
0.7471,99.6244308763979
0.7502,99.6265290279264
0.7516,99.6286271794549
0.753,99.63072533098341
0.7568,99.63282348251191
0.7589,99.63492163404041
0.7598,99.63701978556891
0.7599,99.63911793709742
0.7649,99.64121608862591
0.7651,99.64331424015442
0.7675,99.64541239168292
0.7677,99.64751054321142
0.7689,99.64960869473994
0.7702,99.65170684626844
0.7733,99.65380499779694
0.7737,99.65590314932544
0.7745,99.65800130085395
0.7756,99.66009945238245
0.7758,99.66429575543945
0.7763,99.66639390696797
0.7798,99.66849205849645
0.7804,99.67059021002497
0.7814,99.67268836155347
0.7815,99.67478651308197
0.7844,99.67688466461048
0.7845,99.67898281613898
0.7854,99.68108096766748
0.7867,99.68317911919598
0.7871,99.687375422253
0.7873,99.6894735737815
0.7874,99.69157172531
0.7899,99.69366987683851
0.7906,99.695768028367
0.7917,99.69996433142401
0.7932,99.70206248295251
0.7933,99.70416063448101
0.7969,99.70625878600953
0.7983,99.70835693753803
0.7994,99.71045508906653
0.7995,99.71255324059504
0.8,99.72304399823754
0.8065,99.72724030129456
0.8067,99.72933845282306
0.8132,99.73143660435156
0.8133,99.73353475588007
0.8166,99.73563290740857
0.8168,99.73773105893707
0.8202,99.73982921046559
0.8203,99.74192736199409
0.8276,99.74402551352259
0.8278,99.74612366505109
0.8311,99.7482218165796
0.8335,99.75031996810809
0.8351,99.7524181196366
0.8408,99.75661442269362
0.8509,99.76290887727912
0.852,99.77339963492163
0.8602,99.77549778645015
0.8616,99.77759593797863
0.8617,99.78389039256416
0.8789,99.78598854409265
0.88,99.8216571200772
0.8885,99.82375527160572
0.8904,99.82585342313422
0.8906,99.82795157466272
0.9008,99.83004972619123
0.9035,99.83214787771972
0.9064,99.83424602924823
0.9161,99.83634418077673
0.9442,99.84263863536225
0.9503,99.84473678689075
0.9594,99.84683493841925
0.9657,99.84893308994775
0.9767,99.85103124147626
0.9775,99.85522754453326
0.9829,99.85732569606178
0.9831,99.85942384759028
0.9832,99.86152199911878
0.9836,99.86362015064728
0.9839,99.86781645370428
0.9967,99.8699146052328
1.0,99.88460166593231
1.0019,99.88669981746082
1.0098,99.88879796898932
1.0099,99.89089612051782
1.0101,99.89299427204634
1.0182,99.89509242357482
1.0232,99.89928872663184
1.0391,99.90138687816034
1.0406,99.90348502968884
1.0408,99.90558318121735
1.0409,99.90977948427435
1.05,99.92866284803088
1.0664,99.93076099955938
1.0771,99.9328591510879
1.0773,99.9370554541449
1.1,99.98321478777197
1.1474,99.98531293930047
1.26,100.0
