0,0.013
1,0.0136
2,0.0134
3,0.0139
4,0.0133
5,0.0133
6,0.015
7,0.0145
8,0.015
9,0.0152
10,0.0151
11,0.0147
12,0.0144
13,0.0154
14,0.0153
15,0.016
16,0.015
17,0.0146
18,0.0157
19,0.0142
20,0.015
21,0.0151
22,0.0147
23,0.0151
24,0.015
25,0.0148
26,0.016
27,0.015
28,0.0153
29,0.0149
30,0.016
31,0.0146
32,0.0155
33,0.0151
34,0.016
35,0.015
36,0.016
37,0.015
38,0.0153
39,0.0153
40,0.0154
41,0.0147
42,0.0155
43,0.0153
44,0.0146
45,0.0154
46,0.0152
47,0.015
48,0.016
49,0.0153
50,0.015
51,0.0146
52,0.015
53,0.014
54,0.0148
55,0.0148
56,0.016
57,0.016
58,0.0
59,0.0157
60,0.0
61,0.0
62,0.0158
63,0.0159
64,0.0
65,0.0162
66,0.0161
67,0.0
68,0.0159
69,0.0164
70,0.0178
71,0.0198
72,0.0177
73,0.018
74,0.0187
75,0.0184
76,0.0179
77,0.0197
78,0.0
79,0.0
80,0.0
81,0.0
82,0.0
83,0.0
84,0.0
85,0.0
86,0.0
87,0.0
88,0.0
89,0.0
90,0.0
91,0.0
92,0.0
93,0.0
94,0.0
95,0.0
96,0.0
97,0.0
98,0.0
99,0.0
100,0.0
101,0.0
102,0.0
103,0.0
104,0.0
105,0.0
106,0.0
107,0.0
108,0.0
109,0.0
110,0.0
111,0.0
112,0.0
113,0.0
114,0.0
115,0.0
116,0.0
117,0.0
118,0.0
119,0.0
120,0.0
121,0.0
122,0.0
123,0.0
124,0.0
125,0.0
126,0.0
127,0.0
128,0.0
129,0.0
130,0.0
131,0.0
132,0.0
133,0.0
134,0.0
135,0.0
136,0.0
137,0.0
138,0.0
139,0.0
140,0.0
141,0.0
142,0.0
143,0.0
144,0.0
145,0.0
146,0.0
147,0.0
148,0.0
149,0.0
150,0.0
151,0.0
152,0.0
153,0.0
154,0.0
155,0.0
156,0.0
157,0.0
158,0.0
159,0.0
160,0.0
161,0.0
162,0.0
163,0.0
164,0.0
165,0.0
166,0.0
167,0.0
168,0.0
169,0.0
170,0.0
171,0.0
172,0.0162
173,0.0177
174,0.0174
175,0.0169
176,0.0158
177,0.0157
178,0.0159
179,0.0153
180,0.0163
181,0.0162
182,0.0165
183,0.0159
184,0.0151
185,0.016
186,0.0166
187,0.0161
188,0.017
189,0.0167
190,0.019
191,0.0178
192,0.0187
193,0.0193
194,0.0187
195,0.0168
196,0.0167
197,0.0169
198,0.0186
199,0.0188
200,0.0
201,0.0
202,0.0
203,0.0199
204,0.0
205,0.0
206,0.0
207,0.0
208,0.0199
209,0.02
210,0.0187
211,0.0
212,0.0
213,0.0
214,0.0
215,0.0
216,0.02
217,0.0199
218,0.0
219,0.0
220,0.0
221,0.0
222,0.0
223,0.0
224,0.0
225,0.0
226,0.0
227,0.0
228,0.0
229,0.0
230,0.0
231,0.0
232,0.0
233,0.0
234,0.0
235,0.0
236,0.0
237,0.0
238,0.0
239,0.0
240,0.0
241,0.0
242,0.0
243,0.0
244,0.0
245,0.0
246,0.0
247,0.0
248,0.0
249,0.0
250,0.0
251,0.0
252,0.0
253,0.0
254,0.0
255,0.0
256,0.0
257,0.0
258,0.0
259,0.0
260,0.0
261,0.0
262,0.0
263,0.0
264,0.0
265,0.0
266,0.0
267,0.0
268,0.0
269,0.0
270,0.0
271,0.0
272,0.0
273,0.0
274,0.0
275,0.0
276,0.0
277,0.0
278,0.0
279,0.0
280,0.0
281,0.0
282,0.0
283,0.0
284,0.0
285,0.0
286,0.0
287,0.0
288,0.0
289,0.0
290,0.0
291,0.0
292,0.0
293,0.0
294,0.0
295,0.0
296,0.0
297,0.0
298,0.0
299,0.0
300,0.0
301,0.0
302,0.0
303,0.0
304,0.0
305,0.0
306,0.019
307,0.0194
308,0.019
309,0.0194
310,0.0161
311,0.0164
312,0.0193
313,0.0186
314,0.0182
315,0.0199
316,0.0185
317,0.0184
318,0.0168
319,0.0182
320,0.016
321,0.0187
322,0.0198
323,0.0195
324,0.0193
325,0.02
326,0.0184
327,0.0175
328,0.0153
329,0.0162
330,0.0178
331,0.0184
332,0.0161
333,0.016
334,0.0164
335,0.016
336,0.0162
337,0.0177
338,0.0184
339,0.0184
340,0.0171
341,0.0
342,0.02
343,0.019
344,0.0
345,0.0
346,0.0
347,0.0
348,0.0
349,0.02
350,0.0191
351,0.0
352,0.0199
353,0.02
354,0.0
355,0.0
356,0.0
357,0.0
358,0.0
359,0.0
360,0.0
361,0.0
362,0.0
363,0.0
364,0.0
365,0.0
366,0.0
367,0.0
368,0.0
369,0.0
370,0.0
371,0.0
372,0.0
373,0.0
374,0.0
375,0.0
376,0.0
377,0.0
378,0.0
379,0.0
380,0.0
381,0.0
382,0.0
383,0.0
384,0.0
385,0.0
386,0.0
387,0.0
388,0.0
389,0.0
390,0.0
391,0.0
392,0.0
393,0.0
394,0.0
395,0.0
396,0.0
397,0.0
398,0.0
399,0.0
400,0.0
401,0.0
402,0.0
403,0.0
404,0.0
405,0.0
406,0.0
407,0.0
408,0.0
409,0.0
410,0.0
411,0.0
412,0.0
413,0.0
414,0.0
415,0.0
416,0.0
417,0.0
418,0.0
419,0.0
420,0.0
421,0.0
422,0.0
423,0.0
424,0.0
425,0.0
426,0.0
427,0.0
428,0.0
429,0.0
430,0.0
431,0.0
432,0.0
433,0.0
434,0.0
435,0.0
436,0.0
437,0.0
438,0.0
439,0.0123
440,0.0123
441,0.0119
442,0.012
443,0.0129
444,0.0124
445,0.0122
446,0.0124
447,0.012
448,0.0115
449,0.0097
450,0.0098
451,0.0098
452,0.0099
453,0.0098
454,0.0098
455,0.0099
456,0.0099
457,0.0097
458,0.0096
459,0.0
460,0.0
461,0.0097
462,0.0096
463,0.0098
464,0.01
465,0.0102
466,0.01
467,0.0099
468,0.0098
469,0.0099
470,0.01
471,0.0102
472,0.0102
473,0.0101
474,0.0102
475,0.0097
476,0.0096
477,0.0096
478,0.0097
479,0.0098
480,0.0
481,0.01
482,0.0101
483,0.0092
484,0.0
485,0.0
486,0.0092
487,0.0
488,0.0
489,0.0
490,0.0
491,0.0093
492,0.0092
493,0.0
494,0.0091
495,0.0091
496,0.0
497,0.0
498,0.0
499,0.0
500,0.0089
501,0.009
502,0.0089
503,0.0
504,0.0
505,0.0
506,0.0
507,0.0
508,0.0
509,0.0
510,0.0
511,0.009
512,0.0089
513,0.0
514,0.0
515,0.009
516,0.0
517,0.0091
518,0.009
519,0.0091
520,0.009
521,0.009
522,0.009
523,0.009
524,0.009
525,0.0
526,0.0
527,0.0092
528,0.0092
529,0.0092
530,0.0
531,0.0
532,0.0093
533,0.0093
534,0.0
535,0.0093
536,0.0
537,0.0094
538,0.0093
539,0.0
540,0.0092
541,0.0
542,0.0
543,0.0
544,0.0093
545,0.0
546,0.0092
547,0.0
548,0.0093
549,0.0093
550,0.0093
551,0.0
552,0.0
553,0.0
554,0.0
555,0.0094
556,0.0095
557,0.0
558,0.0095
559,0.0
560,0.0093
561,0.0
562,0.0094
563,0.0
564,0.0093
565,0.0093
566,0.0094
567,0.0093
568,0.0
569,0.0094
570,0.0093
571,0.0094
572,0.0093
573,0.0
574,0.0094
575,0.0094
576,0.0
577,0.0093
578,0.0
579,0.0
580,0.0
581,0.0
582,0.0
583,0.0092
584,0.0
585,0.0093
586,0.0092
587,0.0093
588,0.0
589,0.0
590,0.0
591,0.0
592,0.0
593,0.0
594,0.0091
595,0.0092
596,0.0
597,0.0
598,0.0093
599,0.0
600,0.0
601,0.0
602,0.0092
603,0.0
604,0.0
605,0.0
606,0.0094
607,0.0093
608,0.0093
609,0.0
610,0.0092
611,0.0
612,0.0
613,0.0
614,0.0
615,0.0
616,0.0
617,0.0
618,0.0091
619,0.0092
620,0.0
621,0.0
622,0.0092
623,0.0
624,0.0091
625,0.0092
626,0.0
627,0.0093
628,0.0093
629,0.0
630,0.0093
631,0.0
632,0.0094
633,0.0095
634,0.0
635,0.0094
636,0.0
637,0.0
638,0.0
639,0.0
640,0.0
641,0.0093
642,0.0
643,0.0
644,0.0094
645,0.0
646,0.0
647,0.0
648,0.0
649,0.0094
650,0.0
651,0.0094
652,0.0094
653,0.0095
654,0.0094
655,0.0096
656,0.0095
657,0.0
658,0.0
659,0.0
660,0.0
661,0.0096
662,0.0
663,0.0
664,0.0096
665,0.0096
666,0.0096
667,0.0096
668,0.0097
669,0.0
670,0.0096
671,0.0
672,0.0
673,0.0098
674,0.0
675,0.0
676,0.0
677,0.0
678,0.0
679,0.0099
680,0.0
681,0.0
682,0.0098
683,0.0099
684,0.0098
685,0.0
686,0.01
687,0.0
688,0.01
689,0.01
690,0.0
691,0.01
692,0.0099
693,0.0099
694,0.0
695,0.0098
696,0.0
697,0.0098
698,0.0099
699,0.01
700,0.0
701,0.01
702,0.0099
703,0.0
704,0.01
705,0.01
706,0.0099
707,0.0099
708,0.0099
709,0.0
710,0.0099
711,0.01
712,0.0099
713,0.0098
714,0.0098
715,0.0097
716,0.0097
717,0.0096
718,0.0
719,0.0095
720,0.0096
721,0.0
722,0.0094
723,0.0093
724,0.0094
725,0.0093
726,0.0
727,0.0092
728,0.0
729,0.0
730,0.0093
731,0.0091
732,0.0092
733,0.0
734,0.0
735,0.0
736,0.0
737,0.0
738,0.009
739,0.0
740,0.0
741,0.0
742,0.0
743,0.0091
744,0.0
745,0.009
746,0.0
747,0.0
748,0.0
749,0.0
750,0.0
751,0.0089
752,0.0089
753,0.0
754,0.0
755,0.0
756,0.0
757,0.0
758,0.0
759,0.0
760,0.0
761,0.0
762,0.0
763,0.0088
764,0.0089
765,0.0
766,0.0088
767,0.0088
768,0.0089
769,0.0
770,0.0
771,0.0088
772,0.0089
773,0.0089
774,0.0088
775,0.0
776,0.0
777,0.0
778,0.0
779,0.0
780,0.0
781,0.0
782,0.0
783,0.0
784,0.0
785,0.0
786,0.0
787,0.0
788,0.0
789,0.0
790,0.0
791,0.0
792,0.0
793,0.0
794,0.0
795,0.0
796,0.0
797,0.0
798,0.0087
799,0.0
800,0.0087
801,0.0087
802,0.0087
803,0.0
804,0.0
805,0.0088
806,0.0
807,0.0
808,0.0
809,0.0
810,0.0
811,0.0
812,0.0
813,0.0
814,0.0
815,0.0
816,0.0
817,0.0
818,0.0
819,0.0
820,0.0
821,0.0
822,0.0
823,0.0
824,0.0
825,0.0
826,0.0
827,0.0
828,0.0
829,0.0
830,0.0
831,0.0
832,0.0
833,0.0
834,0.0
835,0.0089
836,0.0089
837,0.0
838,0.0
839,0.0
840,0.0
841,0.0
842,0.0
843,0.0
844,0.0
845,0.0
846,0.0
847,0.0
848,0.0
849,0.0
850,0.0
851,0.0087
852,0.0
853,0.0
854,0.0087
855,0.0
856,0.0
857,0.0
858,0.0
859,0.0
860,0.0
861,0.0
862,0.0
863,0.0
864,0.0
865,0.0
866,0.0
867,0.0
868,0.0
869,0.0
870,0.0087
871,0.0088
872,0.0087
873,0.0088
874,0.0088
875,0.0
876,0.0089
877,0.009
878,0.0
879,0.0
880,0.0
881,0.0087
882,0.0
883,0.0
884,0.0
885,0.0
886,0.0
887,0.0
888,0.0
889,0.0
890,0.0
891,0.0
892,0.0
893,0.0
894,0.0
895,0.0
896,0.0
897,0.0
898,0.0
899,0.0
900,0.0
901,0.0
902,0.0
903,0.0
904,0.0
905,0.0
906,0.0
907,0.0
908,0.0
909,0.0
910,0.0
911,0.0
912,0.0
913,0.0
914,0.0
915,0.0
916,0.0
917,0.0
918,0.0
919,0.0
920,0.0
921,0.0
922,0.0
923,0.0
924,0.0
925,0.0
926,0.0
927,0.0
928,0.0
929,0.0
930,0.0
931,0.0
932,0.0088
933,0.0
934,0.0
935,0.0
936,0.0
937,0.0
938,0.0
939,0.0
940,0.0
941,0.0
942,0.0
943,0.0
944,0.0
945,0.0
946,0.0
947,0.0
948,0.0
949,0.0
950,0.0
951,0.0
952,0.0
953,0.0
954,0.0
955,0.0
956,0.0
957,0.0088
958,0.0
959,0.0
960,0.0
961,0.0
962,0.0
963,0.0
964,0.0
965,0.0
966,0.0
967,0.0
968,0.0
969,0.0
970,0.0
971,0.0
972,0.0
973,0.0
974,0.0
975,0.0
976,0.0
977,0.0
978,0.0
979,0.0
980,0.0
981,0.0
982,0.0
983,0.0
984,0.0
985,0.0
986,0.0
987,0.0
988,0.0
989,0.0
990,0.0
991,0.0
992,0.0
993,0.0
994,0.0
995,0.0
996,0.0
997,0.0
998,0.0
999,0.0
1000,0.0
1001,0.0
1002,0.0
1003,0.0
1004,0.0
1005,0.0
1006,0.0
1007,0.0
1008,0.0
1009,0.0
1010,0.0
1011,0.0
1012,0.0
1013,0.0
1014,0.0
1015,0.0
1016,0.0
1017,0.0
1018,0.0
1019,0.0
1020,0.0
1021,0.0089
1022,0.0088
1023,0.0
1024,0.0
1025,0.0089
1026,0.0089
1027,0.0
1028,0.0088
1029,0.0
1030,0.0
1031,0.0
1032,0.0
1033,0.0
1034,0.0
1035,0.0
1036,0.0
1037,0.0
1038,0.0
1039,0.0
1040,0.0
1041,0.0
1042,0.0
1043,0.0
1044,0.0089
1045,0.0
1046,0.0088
1047,0.0
1048,0.0
1049,0.0
1050,0.0088
1051,0.0
1052,0.0089
1053,0.0089
1054,0.0
1055,0.0
1056,0.0
1057,0.0
1058,0.0088
1059,0.0088
1060,0.0
1061,0.0
1062,0.0
1063,0.0089
1064,0.0
1065,0.0
1066,0.0
1067,0.009
1068,0.0089
1069,0.009
1070,0.0089
1071,0.0
1072,0.009
1073,0.0089
1074,0.0
1075,0.0
1076,0.0
1077,0.009
1078,0.0
1079,0.009
1080,0.0089
1081,0.009
1082,0.0089
1083,0.0
1084,0.009
1085,0.0089
1086,0.0089
1087,0.0
1088,0.0
1089,0.0
1090,0.0
1091,0.0
1092,0.0
1093,0.0091
1094,0.0
1095,0.0092
1096,0.0
1097,0.0093
1098,0.0
1099,0.0
1100,0.0
1101,0.0
1102,0.0
1103,0.0093
1104,0.0094
1105,0.0095
1106,0.0
1107,0.0096
1108,0.0095
1109,0.0
1110,0.0093
1111,0.0095
1112,0.0092
1113,0.0092
1114,0.0092
1115,0.0
1116,0.0092
1117,0.0
1118,0.0094
1119,0.0094
1120,0.0093
1121,0.0
1122,0.0094
1123,0.0094
1124,0.0
1125,0.0094
1126,0.0093
1127,0.0094
1128,0.0093
1129,0.0
1130,0.0
1131,0.0094
1132,0.0
1133,0.0
1134,0.0093
1135,0.0
1136,0.0
1137,0.0
1138,0.0094
1139,0.0
1140,0.0
1141,0.0
1142,0.0095
1143,0.0096
1144,0.0
1145,0.0
1146,0.0
1147,0.0
1148,0.0095
1149,0.0095
1150,0.0
1151,0.0095
1152,0.0
1153,0.0
1154,0.0094
1155,0.0
1156,0.0
1157,0.0
1158,0.0093
1159,0.0
1160,0.0
1161,0.0
1162,0.0
1163,0.0
1164,0.0
1165,0.0
1166,0.0092
1167,0.0093
1168,0.0
1169,0.0
1170,0.0
1171,0.0
1172,0.0092
1173,0.0
1174,0.0093
1175,0.0092
1176,0.0092
1177,0.0
1178,0.0
1179,0.0
1180,0.0
1181,0.0
1182,0.0
1183,0.0093
1184,0.0
1185,0.0091
1186,0.0
1187,0.0
1188,0.0
1189,0.0
1190,0.0
1191,0.0093
1192,0.0
1193,0.0092
1194,0.0091
1195,0.0092
1196,0.0093
1197,0.0093
1198,0.0092
1199,0.0
1200,0.0091
1201,0.0092
1202,0.0092
1203,0.0
1204,0.0
1205,0.0
1206,0.0
1207,0.0
1208,0.0092
1209,0.0
1210,0.0093
1211,0.0093
1212,0.0
1213,0.0094
1214,0.0093
1215,0.0094
1216,0.0093
1217,0.0
1218,0.0093
1219,0.0
1220,0.0
1221,0.0093
1222,0.0091
1223,0.0
1224,0.0
1225,0.0
1226,0.0
1227,0.0
1228,0.0
1229,0.0
1230,0.0
1231,0.0092
1232,0.0
1233,0.0091
1234,0.0
1235,0.0
1236,0.0093
1237,0.0093
1238,0.0094
1239,0.0
1240,0.0094
1241,0.0094
1242,0.0093
1243,0.0095
1244,0.0
1245,0.0096
1246,0.0
1247,0.0
1248,0.0
1249,0.0
1250,0.0097
1251,0.0096
1252,0.0097
1253,0.0
1254,0.0
1255,0.0
1256,0.0096
1257,0.0098
1258,0.0097
1259,0.0
1260,0.0
1261,0.0096
1262,0.0096
1263,0.0
1264,0.0098
1265,0.0
1266,0.0
1267,0.0098
1268,0.0098
1269,0.0098
1270,0.0097
1271,0.0
1272,0.0
1273,0.0098
1274,0.0097
1275,0.0097
1276,0.0098
1277,0.0099
1278,0.0098
1279,0.0099
1280,0.0
1281,0.0099
1282,0.0
1283,0.0098
1284,0.0099
1285,0.0097
1286,0.0098
1287,0.0
1288,0.0097
1289,0.0098
1290,0.0098
1291,0.0099
1292,0.0099
1293,0.0099
1294,0.0099
1295,0.0
1296,0.01
1297,0.0099
1298,0.0099
1299,0.0099
1300,0.0098
1301,0.0
1302,0.0097
1303,0.0096
1304,0.0
1305,0.0095
1306,0.0096
1307,0.0095
1308,0.0096
1309,0.0095
1310,0.0
1311,0.0094
1312,0.0
1313,0.0
1314,0.0
1315,0.0
1316,0.0093
1317,0.0094
1318,0.0093
1319,0.0
1320,0.0
1321,0.0092
1322,0.0
1323,0.0
1324,0.0
1325,0.0
1326,0.0
1327,0.0
1328,0.0
1329,0.0
1330,0.0
1331,0.0
1332,0.0
1333,0.0093
1334,0.0092
1335,0.0
1336,0.0
1337,0.0
1338,0.0
1339,0.0
1340,0.0
1341,0.0
1342,0.0
1343,0.0
1344,0.0
1345,0.0
1346,0.0
1347,0.0091
1348,0.0
1349,0.0
1350,0.0
1351,0.0092
1352,0.0
1353,0.0
1354,0.0
1355,0.0
1356,0.0
1357,0.0
1358,0.0
1359,0.0
1360,0.0
1361,0.0
1362,0.0
1363,0.0093
1364,0.0093
1365,0.0093
1366,0.0092
1367,0.0
1368,0.0
1369,0.0093
1370,0.0092
1371,0.0
1372,0.0092
1373,0.0
1374,0.0
1375,0.0
1376,0.0
1377,0.0
1378,0.0092
1379,0.0093
1380,0.0
1381,0.0094
1382,0.0095
1383,0.0094
1384,0.0
1385,0.0
1386,0.0
1387,0.0095
1388,0.0
1389,0.0096
1390,0.0
1391,0.0096
1392,0.0097
1393,0.0097
1394,0.0
1395,0.0
1396,0.0
1397,0.0
1398,0.0098
1399,0.0
1400,0.0
1401,0.0099
1402,0.01
1403,0.0
1404,0.0099
1405,0.0
1406,0.0099
1407,0.01
1408,0.0098
1409,0.01
1410,0.01
1411,0.0
1412,0.0
1413,0.0
1414,0.0
1415,0.0
1416,0.0099
1417,0.0098
1418,0.01
1419,0.0099
1420,0.01
1421,0.0101
1422,0.01
1423,0.0
1424,0.0099
1425,0.01
1426,0.0
1427,0.01
1428,0.0
1429,0.0
1430,0.0101
1431,0.01
1432,0.0099
1433,0.0098
1434,0.0099
1435,0.01
1436,0.0101
1437,0.0
1438,0.01
1439,0.0
1440,0.0099
1441,0.0098
1442,0.0099
1443,0.0
1444,0.0099
1445,0.0
1446,0.0097
1447,0.0099
1448,0.0098
1449,0.0
1450,0.0099
1451,0.0098
1452,0.0098
1453,0.0099
1454,0.0097
1455,0.0098
1456,0.0097
1457,0.0
1458,0.0
1459,0.0
1460,0.0096
1461,0.0
1462,0.0095
1463,0.0
1464,0.0
1465,0.0
1466,0.0
1467,0.0
1468,0.0
1469,0.0094
1470,0.0094
1471,0.0095
1472,0.0
1473,0.0
1474,0.0
1475,0.0095
1476,0.0099
1477,0.0098
1478,0.0099
1479,0.0098
1480,0.0
1481,0.0099
1482,0.0098
1483,0.0
1484,0.0097
1485,0.0097
1486,0.0097
1487,0.0099
1488,0.0098
1489,0.01
1490,0.01
1491,0.0
1492,0.0099
1493,0.0
1494,0.0
1495,0.0
1496,0.01
1497,0.0099
1498,0.01
1499,0.0098
1500,0.0
1501,0.0097
1502,0.0
1503,0.0098
1504,0.0
1505,0.0
1506,0.0
1507,0.0099
1508,0.0098
1509,0.0
1510,0.0099
1511,0.0097
1512,0.0097
1513,0.0098
1514,0.0
1515,0.0
1516,0.0097
1517,0.0
1518,0.0
1519,0.0098
1520,0.0099
1521,0.0098
1522,0.0099
1523,0.0
1524,0.01
1525,0.0101
1526,0.0101
1527,0.0102
1528,0.0102
1529,0.0101
1530,0.0101
1531,0.0102
1532,0.0103
1533,0.0104
1534,0.0
1535,0.0104
1536,0.0105
1537,0.0106
1538,0.0105
1539,0.0
1540,0.0106
1541,0.0
1542,0.0105
1543,0.0104
1544,0.0103
1545,0.0105
1546,0.0104
1547,0.0104
1548,0.0106
1549,0.0106
1550,0.0104
1551,0.0105
1552,0.0
1553,0.0
1554,0.0105
1555,0.0103
1556,0.0104
1557,0.0105
1558,0.0104
1559,0.0
1560,0.0102
1561,0.0103
1562,0.0103
1563,0.0
1564,0.0103
1565,0.0104
1566,0.0103
1567,0.0
1568,0.0101
1569,0.0101
1570,0.0101
1571,0.0
1572,0.01
1573,0.0102
1574,0.0103
1575,0.0102
1576,0.0103
1577,0.0102
1578,0.0103
1579,0.0103
1580,0.0
1581,0.0
1582,0.0101
1583,0.0
1584,0.0
1585,0.0102
1586,0.01
1587,0.0099
1588,0.0098
1589,0.01
1590,0.0098
1591,0.0099
1592,0.0097
1593,0.0
1594,0.0
1595,0.0098
1596,0.0
1597,0.0
1598,0.0096
1599,0.0
1600,0.0097
1601,0.0096
1602,0.0
1603,0.0096
1604,0.0097
1605,0.0
1606,0.0097
1607,0.0
1608,0.0
1609,0.0
1610,0.0
1611,0.0097
1612,0.0095
1613,0.0
1614,0.0
1615,0.0
1616,0.0094
1617,0.0095
1618,0.0094
1619,0.0
1620,0.0
1621,0.0095
1622,0.0095
1623,0.0094
1624,0.0
1625,0.0095
1626,0.0094
1627,0.0
1628,0.0
1629,0.0
1630,0.0095
1631,0.0093
1632,0.0
1633,0.0094
1634,0.0093
1635,0.0093
1636,0.0095
1637,0.0096
1638,0.0097
1639,0.0099
1640,0.0099
1641,0.01
1642,0.0099
1643,0.0099
1644,0.0
1645,0.0
1646,0.0
1647,0.0
1648,0.0
1649,0.0101
1650,0.01
1651,0.0101
1652,0.0
1653,0.01
1654,0.0101
1655,0.0
1656,0.0
1657,0.0
1658,0.0
1659,0.0101
1660,0.0
1661,0.01
1662,0.0101
1663,0.0103
1664,0.0105
1665,0.0104
1666,0.0
1667,0.0
1668,0.0105
1669,0.0106
1670,0.0
1671,0.0
1672,0.0105
1673,0.0104
1674,0.0102
1675,0.0102
1676,0.0
1677,0.01
1678,0.0099
1679,0.0
1680,0.0
1681,0.0099
1682,0.0
1683,0.0
1684,0.0
1685,0.0
1686,0.0
1687,0.0101
1688,0.0102
1689,0.0103
1690,0.0
1691,0.0
1692,0.0104
1693,0.0102
1694,0.0103
1695,0.0103
1696,0.0
1697,0.0
1698,0.0105
1699,0.0103
1700,0.0104
1701,0.0106
1702,0.0
1703,0.0106
1704,0.0
1705,0.0105
1706,0.0103
1707,0.0103
1708,0.0106
1709,0.0104
1710,0.0103
1711,0.0104
1712,0.0102
1713,0.0102
1714,0.0103
1715,0.0
1716,0.0102
1717,0.0101
1718,0.01
1719,0.0101
1720,0.01
1721,0.01
1722,0.0
1723,0.0
1724,0.0099
1725,0.0
1726,0.0
1727,0.0101
1728,0.01
1729,0.01
1730,0.0101
1731,0.0101
1732,0.01
1733,0.0101
1734,0.01
1735,0.0101
1736,0.0101
1737,0.01
1738,0.0101
1739,0.0101
1740,0.01
1741,0.0101
1742,0.01
1743,0.0101
1744,0.01
1745,0.0101
1746,0.01
1747,0.0101
1748,0.01
1749,0.01
1750,0.0
1751,0.0101
1752,0.01
1753,0.0
1754,0.01
1755,0.0099
1756,0.0
1757,0.0
1758,0.0
1759,0.0098
1760,0.0
1761,0.0097
1762,0.0
1763,0.0
1764,0.0096
1765,0.0097
1766,0.0096
1767,0.0096
1768,0.0
1769,0.0
1770,0.0097
1771,0.0
1772,0.0
1773,0.0
1774,0.0
1775,0.0096
1776,0.0
1777,0.0096
1778,0.0096
1779,0.0
1780,0.0097
1781,0.0096
1782,0.0
1783,0.0
1784,0.0
1785,0.0
1786,0.0
1787,0.0
1788,0.0
1789,0.0
1790,0.0
1791,0.0
1792,0.0
1793,0.0
1794,0.0
1795,0.0095
1796,0.0
1797,0.0
1798,0.0095
1799,0.0
1800,0.0
1801,0.0
1802,0.0
1803,0.0
1804,0.0
1805,0.0
1806,0.0
1807,0.0096
1808,0.0095
1809,0.0095
1810,0.0096
1811,0.0096
1812,0.0095
1813,0.0095
1814,0.0096
1815,0.0
1816,0.0
1817,0.0096
1818,0.0096
1819,0.0
1820,0.0096
1821,0.0
1822,0.0
1823,0.0
1824,0.0096
1825,0.0095
1826,0.0096
1827,0.0
1828,0.0095
1829,0.0096
1830,0.0095
1831,0.0096
1832,0.0095
1833,0.0
1834,0.0096
1835,0.0096
1836,0.0
1837,0.0
1838,0.0096
1839,0.0
1840,0.0
1841,0.0
1842,0.0
1843,0.0
1844,0.0099
1845,0.0095
1846,0.0096
1847,0.0
1848,0.0
1849,0.0095
1850,0.0096
1851,0.0095
1852,0.0096
1853,0.0096
1854,0.0095
1855,0.0095
1856,0.0095
1857,0.0
1858,0.0
1859,0.0
1860,0.0
1861,0.0096
1862,0.0095
1863,0.0096
1864,0.0095
1865,0.0
1866,0.0
1867,0.0096
1868,0.0
1869,0.0
1870,0.0
1871,0.0
1872,0.0095
1873,0.0096
1874,0.0097
1875,0.0
1876,0.0
1877,0.0096
1878,0.0097
1879,0.0
1880,0.0
1881,0.0096
1882,0.0097
1883,0.0096
1884,0.0
1885,0.0097
1886,0.0096
1887,0.0
1888,0.0097
1889,0.0097
1890,0.0
1891,0.0096
1892,0.0
1893,0.0
1894,0.0
1895,0.0
1896,0.0
1897,0.0
1898,0.0
1899,0.0095
1900,0.0096
1901,0.0096
1902,0.0
1903,0.0
1904,0.0094
1905,0.0
1906,0.0
1907,0.0
1908,0.0
1909,0.0
1910,0.0
1911,0.0
1912,0.0096
1913,0.0
1914,0.0
1915,0.0
1916,0.0
1917,0.0
1918,0.0
1919,0.0
1920,0.0
1921,0.0
1922,0.0
1923,0.0
1924,0.0
1925,0.0094
1926,0.0
1927,0.0095
1928,0.0
1929,0.0
1930,0.0
1931,0.0
1932,0.0
1933,0.0
1934,0.0094
1935,0.0
1936,0.0094
1937,0.0
1938,0.0
1939,0.0
1940,0.0
1941,0.0
1942,0.0
1943,0.0
1944,0.0
1945,0.0
1946,0.0
1947,0.0
1948,0.0
1949,0.0
1950,0.0
1951,0.0096
1952,0.0
1953,0.0
1954,0.0
1955,0.0
1956,0.0096
1957,0.0095
1958,0.0096
1959,0.0095
1960,0.0
1961,0.0096
1962,0.0
1963,0.0
1964,0.0
1965,0.0
1966,0.0096
1967,0.0095
1968,0.0
1969,0.0096
1970,0.0095
1971,0.0096
1972,0.0095
1973,0.0
1974,0.0
1975,0.0
1976,0.0096
1977,0.0096
1978,0.0
1979,0.0
1980,0.0
1981,0.0
1982,0.0
1983,0.0
1984,0.0
1985,0.0
1986,0.0
1987,0.0
1988,0.0
1989,0.0
1990,0.0
1991,0.0
1992,0.0
1993,0.0095
1994,0.0096
1995,0.0095
1996,0.0
1997,0.0
1998,0.0095
1999,0.0095
2000,0.0095
2001,0.0
2002,0.0
2003,0.0
2004,0.0
2005,0.0095
2006,0.0
2007,0.0096
2008,0.0096
2009,0.0
2010,0.0
2011,0.0096
2012,0.0095
2013,0.0
2014,0.0
2015,0.0
2016,0.0095
2017,0.0
2018,0.0096
2019,0.0095
2020,0.0
2021,0.0095
2022,0.0096
2023,0.0096
2024,0.0096
2025,0.0
2026,0.0097
2027,0.0
2028,0.0
2029,0.0
2030,0.0
2031,0.0
2032,0.0
2033,0.0
2034,0.0
2035,0.0
2036,0.0
2037,0.0
2038,0.0
2039,0.0
2040,0.0
2041,0.0
2042,0.0
2043,0.0097
2044,0.0097
2045,0.0096
2046,0.0097
2047,0.0
2048,0.0096
2049,0.0097
2050,0.0
2051,0.0096
2052,0.0096
2053,0.0097
2054,0.0096
2055,0.0096
2056,0.0
2057,0.0097
2058,0.0
2059,0.0097
2060,0.0096
2061,0.0098
2062,0.0
2063,0.0097
2064,0.0098
2065,0.0098
2066,0.0
2067,0.0
2068,0.0097
2069,0.0097
2070,0.0098
2071,0.0
2072,0.0098
2073,0.0097
2074,0.0098
2075,0.0097
2076,0.0098
2077,0.0098
2078,0.0
2079,0.0097
2080,0.0
2081,0.0098
2082,0.0
2083,0.0099
2084,0.0
2085,0.0098
2086,0.0099
2087,0.0098
2088,0.0099
2089,0.01
2090,0.0
2091,0.0099
2092,0.0
2093,0.0098
2094,0.0099
2095,0.01
2096,0.0101
2097,0.01
2098,0.01
2099,0.0102
2100,0.0102
2101,0.0103
2102,0.0104
2103,0.0103
2104,0.0103
2105,0.0104
2106,0.0104
2107,0.0104
2108,0.0106
2109,0.0108
2110,0.0107
2111,0.0108
2112,0.0108
2113,0.0109
2114,0.011
2115,0.0
2116,0.0108
2117,0.011
2118,0.011
2119,0.0109
2120,0.0
2121,0.0108
2122,0.0109
2123,0.0108
2124,0.0107
2125,0.0109
2126,0.011
2127,0.0109
2128,0.011
2129,0.0107
2130,0.0106
2131,0.0107
2132,0.0108
2133,0.0106
2134,0.0
2135,0.0
2136,0.0104
2137,0.0105
2138,0.0109
2139,0.0109
2140,0.0
2141,0.0109
2142,0.0107
2143,0.0108
2144,0.011
2145,0.0109
2146,0.011
2147,0.0
2148,0.0109
2149,0.0109
2150,0.011
2151,0.011
2152,0.0109
2153,0.0108
2154,0.0109
2155,0.0
2156,0.0109
2157,0.0109
2158,0.0109
2159,0.0108
2160,0.011
2161,0.0108
2162,0.0108
2163,0.0109
2164,0.0109
2165,0.0
2166,0.0
2167,0.0109
2168,0.0
2169,0.0109
2170,0.0108
2171,0.011
2172,0.0109
2173,0.0108
2174,0.0104
2175,0.0103
2176,0.0104
2177,0.01
2178,0.0101
2179,0.01
2180,0.0099
2181,0.0
2182,0.0098
2183,0.0
2184,0.0097
2185,0.0094
2186,0.0095
2187,0.0
2188,0.0
2189,0.0096
2190,0.0
2191,0.0095
2192,0.0
2193,0.0096
2194,0.0098
2195,0.0099
2196,0.0098
2197,0.0099
2198,0.0
2199,0.0
2200,0.01
2201,0.0101
2202,0.01
2203,0.0102
2204,0.01
2205,0.0098
2206,0.0
2207,0.0
2208,0.0097
2209,0.0097
2210,0.0096
2211,0.0
2212,0.0094
2213,0.0
2214,0.0
2215,0.0
2216,0.0
2217,0.0094
2218,0.0096
2219,0.0098
2220,0.0099
2221,0.0101
2222,0.0
2223,0.0102
2224,0.0103
2225,0.0102
2226,0.0
2227,0.0102
2228,0.0101
2229,0.0101
2230,0.0102
2231,0.01
2232,0.0099
2233,0.01
2234,0.0101
2235,0.01
2236,0.0101
2237,0.0
2238,0.0
2239,0.0102
2240,0.0101
2241,0.0
2242,0.0
2243,0.0102
2244,0.0103
2245,0.0105
2246,0.0
2247,0.0
2248,0.0107
2249,0.0106
2250,0.0106
2251,0.0106
2252,0.0107
2253,0.0107
2254,0.0
2255,0.0108
2256,0.0106
2257,0.0109
2258,0.0108
2259,0.011
2260,0.0108
2261,0.0
2262,0.0107
2263,0.011
2264,0.0111
2265,0.0113
2266,0.011
2267,0.011
2268,0.011
2269,0.011
2270,0.0
2271,0.0109
2272,0.0109
2273,0.011
2274,0.0109
2275,0.0107
2276,0.0
2277,0.0
2278,0.0
2279,0.0106
2280,0.0107
2281,0.0108
2282,0.0107
2283,0.0107
2284,0.011
2285,0.0112
2286,0.0111
2287,0.0113
2288,0.0114
2289,0.0113
2290,0.0112
2291,0.0109
2292,0.0106
2293,0.0106
2294,0.0104
2295,0.0105
2296,0.0105
2297,0.0104
2298,0.0105
2299,0.0105
2300,0.0104
2301,0.0105
2302,0.0105
2303,0.0105
2304,0.0105
2305,0.0105
2306,0.0106
2307,0.0103
2308,0.0104
2309,0.0105
2310,0.0106
2311,0.0104
2312,0.0104
2313,0.0
2314,0.0105
2315,0.0105
2316,0.0104
2317,0.0105
2318,0.0104
2319,0.0
2320,0.0102
2321,0.0101
2322,0.0101
2323,0.0102
2324,0.0101
2325,0.0
2326,0.01
2327,0.0
2328,0.0
2329,0.0099
2330,0.0
2331,0.0
2332,0.0099
2333,0.01
2334,0.01
2335,0.0097
2336,0.0
2337,0.0
2338,0.0
2339,0.0
2340,0.0
2341,0.0
2342,0.0
2343,0.0
2344,0.0
2345,0.0096
2346,0.0097
2347,0.0
2348,0.0098
2349,0.0097
2350,0.0097
2351,0.0
2352,0.0
2353,0.0098
2354,0.0
2355,0.0
2356,0.0
2357,0.0098
2358,0.0097
2359,0.0098
2360,0.0097
2361,0.0
2362,0.0097
2363,0.0096
2364,0.0097
2365,0.0
2366,0.0096
2367,0.0097
2368,0.0096
2369,0.0
2370,0.0098
2371,0.0097
2372,0.0097
2373,0.0
2374,0.0098
2375,0.0
2376,0.0098
2377,0.0
2378,0.0
2379,0.0
2380,0.0
2381,0.0096
2382,0.0096
2383,0.0097
2384,0.0096
2385,0.0097
2386,0.0097
2387,0.0096
2388,0.0097
2389,0.0098
2390,0.0098
2391,0.0
2392,0.0098
2393,0.01
2394,0.0099
2395,0.01
2396,0.0
2397,0.0101
2398,0.0101
2399,0.0101
2400,0.0102
2401,0.0101
2402,0.0
2403,0.01
2404,0.0101
2405,0.0099
2406,0.0
2407,0.01
2408,0.01
2409,0.01
2410,0.0
2411,0.0101
2412,0.01
2413,0.01
2414,0.01
2415,0.0
2416,0.0
2417,0.0099
2418,0.0097
2419,0.0101
2420,0.0102
2421,0.0
2422,0.0101
2423,0.0103
2424,0.0101
2425,0.0102
2426,0.0
2427,0.0
2428,0.0
2429,0.0
2430,0.0101
2431,0.0102
2432,0.01
2433,0.0101
2434,0.0
2435,0.0103
2436,0.0104
2437,0.0105
2438,0.0107
2439,0.0108
2440,0.0115
2441,0.0
2442,0.0117
2443,0.0115
2444,0.0119
2445,0.0114
2446,0.0113
2447,0.0115
2448,0.0114
2449,0.0097
2450,0.0097
2451,0.0097
2452,0.0096
2453,0.0097
2454,0.0098
2455,0.0097
2456,0.0098
2457,0.0098
2458,0.0097
2459,0.0098
2460,0.0098
2461,0.0098
2462,0.0097
2463,0.0
2464,0.0
2465,0.0
2466,0.0096
2467,0.0
2468,0.0
2469,0.0
2470,0.0095
2471,0.0095
2472,0.0095
2473,0.0097
2474,0.0
2475,0.0
2476,0.0097
2477,0.0
2478,0.0
2479,0.0095
2480,0.0096
2481,0.0095
2482,0.0094
2483,0.0095
2484,0.0095
2485,0.0
2486,0.0
2487,0.0095
2488,0.0
2489,0.0096
2490,0.0
2491,0.0
2492,0.0095
2493,0.0
2494,0.0
2495,0.0095
2496,0.0096
2497,0.0095
2498,0.0
2499,0.0095
2500,0.0096
2501,0.0098
2502,0.0099
2503,0.0101
2504,0.0104
2505,0.0104
2506,0.0096
2507,0.0
2508,0.0097
2509,0.0095
2510,0.0
2511,0.0
2512,0.0095
2513,0.0095
2514,0.0096
2515,0.0096
2516,0.0
2517,0.0095
2518,0.0096
2519,0.0095
2520,0.0096
2521,0.0096
2522,0.0
2523,0.0
2524,0.0097
2525,0.0096
2526,0.0097
2527,0.0097
2528,0.0
2529,0.0
2530,0.0
2531,0.0
2532,0.0098
2533,0.0099
2534,0.01
2535,0.0
2536,0.0099
2537,0.0099
2538,0.01
2539,0.0101
2540,0.0
2541,0.0101
2542,0.0103
2543,0.0105
2544,0.0104
2545,0.0103
2546,0.0104
2547,0.0105
2548,0.0107
2549,0.0105
2550,0.0105
2551,0.0109
2552,0.0
2553,0.011
2554,0.0108
2555,0.0109
2556,0.0
2557,0.011
2558,0.0111
2559,0.0108
2560,0.0
2561,0.0107
2562,0.0106
2563,0.0105
2564,0.0106
2565,0.0105
2566,0.0106
2567,0.0
2568,0.0107
2569,0.0105
2570,0.0104
2571,0.0105
2572,0.0105
2573,0.0
2574,0.0107
2575,0.0107
2576,0.0106
2577,0.0104
2578,0.0104
2579,0.0106
2580,0.0106
2581,0.0108
2582,0.0107
2583,0.0104
2584,0.0106
2585,0.0105
2586,0.0103
2587,0.0105
2588,0.0104
2589,0.0103
2590,0.0
2591,0.0104
2592,0.0105
2593,0.0104
2594,0.0103
2595,0.0102
2596,0.0
2597,0.0
2598,0.0103
2599,0.0
2600,0.0102
2601,0.0101
2602,0.0102
2603,0.0102
2604,0.0101
2605,0.0
2606,0.0102
2607,0.01
2608,0.0101
2609,0.0
2610,0.0
2611,0.0099
2612,0.0
2613,0.0
2614,0.0098
2615,0.0099
2616,0.0
2617,0.01
2618,0.0
2619,0.0098
2620,0.0
2621,0.0099
2622,0.0
2623,0.0098
2624,0.0
2625,0.0
2626,0.0097
2627,0.0098
2628,0.0
2629,0.0098
2630,0.0
2631,0.0
2632,0.0
2633,0.0097
2634,0.0
2635,0.0099
2636,0.0097
2637,0.0098
2638,0.0097
2639,0.0096
2640,0.0
2641,0.0099
2642,0.0098
2643,0.0
2644,0.0097
2645,0.0
2646,0.0
2647,0.0097
2648,0.0098
2649,0.0
2650,0.0097
2651,0.0098
2652,0.0
2653,0.0
2654,0.0098
2655,0.0
2656,0.0097
2657,0.0
2658,0.0
2659,0.0
2660,0.0
2661,0.0
2662,0.0096
2663,0.0
2664,0.0096
2665,0.0
2666,0.0096
2667,0.0
2668,0.0
2669,0.0
2670,0.0
2671,0.0098
2672,0.0099
2673,0.0098
2674,0.0096
2675,0.0
2676,0.0097
2677,0.0099
2678,0.0098
2679,0.0
2680,0.0098
2681,0.0098
2682,0.01
2683,0.0099
2684,0.01
2685,0.01
2686,0.0099
2687,0.0101
2688,0.0
2689,0.0102
2690,0.0103
2691,0.0102
2692,0.0
2693,0.0
2694,0.01
2695,0.0101
2696,0.01
2697,0.0101
2698,0.0099
2699,0.0
2700,0.0099
2701,0.0
2702,0.01
2703,0.0098
2704,0.0098
2705,0.0099
2706,0.0098
2707,0.01
2708,0.0101
2709,0.0102
2710,0.0101
2711,0.01
2712,0.0101
2713,0.01
2714,0.0
2715,0.0101
2716,0.0102
2717,0.0103
2718,0.0102
2719,0.0106
2720,0.0107
2721,0.0107
2722,0.0106
2723,0.0106
2724,0.0106
2725,0.0107
2726,0.0109
2727,0.0113
2728,0.0114
2729,0.0114
2730,0.0112
2731,0.0112
2732,0.0112
2733,0.0111
2734,0.0114
2735,0.0114
2736,0.0112
2737,0.0112
2738,0.011
2739,0.0108
2740,0.0106
2741,0.0106
2742,0.0105
2743,0.0107
2744,0.0105
2745,0.0099
2746,0.0099
2747,0.0098
2748,0.0
2749,0.0099
2750,0.0097
2751,0.0098
2752,0.0
2753,0.0096
2754,0.0097
2755,0.0096
2756,0.0096
2757,0.0
2758,0.0
2759,0.0
2760,0.0
2761,0.0
2762,0.0095
2763,0.0
2764,0.0
2765,0.0096
2766,0.0095
2767,0.0095
2768,0.0
2769,0.0
2770,0.0094
2771,0.0094
2772,0.0094
2773,0.0094
2774,0.0094
2775,0.0
2776,0.0
2777,0.0
2778,0.0095
2779,0.0
2780,0.0
2781,0.0
2782,0.0094
2783,0.0095
2784,0.0
2785,0.0
2786,0.0
2787,0.0
2788,0.0094
2789,0.0094
2790,0.0094
2791,0.0
2792,0.0
2793,0.0
2794,0.0
2795,0.0095
2796,0.0094
2797,0.0094
2798,0.0
2799,0.0
2800,0.0
2801,0.0
2802,0.0
2803,0.0
2804,0.0095
2805,0.0094
2806,0.0
2807,0.0095
2808,0.0
2809,0.0
2810,0.0
2811,0.0
2812,0.0
2813,0.0
2814,0.0
2815,0.0
2816,0.0
2817,0.0
2818,0.0
2819,0.0
2820,0.0093
2821,0.0
2822,0.0
2823,0.0
2824,0.0
2825,0.0095
2826,0.0
2827,0.0
2828,0.0
2829,0.0
2830,0.0
2831,0.0
2832,0.0095
2833,0.0095
2834,0.0094
2835,0.0094
2836,0.0
2837,0.0095
2838,0.0
2839,0.0095
2840,0.0095
2841,0.0095
2842,0.0094
2843,0.0
2844,0.0
2845,0.0
2846,0.0
2847,0.0095
2848,0.0094
2849,0.0094
2850,0.0
2851,0.0095
2852,0.0094
2853,0.0094
2854,0.0
2855,0.0093
2856,0.0093
2857,0.0
2858,0.0
2859,0.0
2860,0.0
2861,0.0
2862,0.0
2863,0.0
2864,0.0
2865,0.0
2866,0.0
2867,0.0
2868,0.0
2869,0.0
2870,0.0
2871,0.0093
2872,0.0094
2873,0.0
2874,0.0094
2875,0.0094
2876,0.0093
2877,0.0094
2878,0.0
2879,0.0093
2880,0.0093
2881,0.0094
2882,0.0093
2883,0.0
2884,0.0
2885,0.0
2886,0.0094
2887,0.0093
2888,0.0093
2889,0.0094
2890,0.0094
2891,0.0094
2892,0.0
2893,0.0094
2894,0.0093
2895,0.0094
2896,0.0093
2897,0.0093
2898,0.0
2899,0.0
2900,0.0
2901,0.0
2902,0.0
2903,0.0
2904,0.0095
2905,0.0
2906,0.0
2907,0.0
2908,0.0
2909,0.0
2910,0.0
2911,0.0094
2912,0.0095
2913,0.0
2914,0.0
2915,0.0
2916,0.0
2917,0.0
2918,0.0
2919,0.0
2920,0.0
2921,0.0
2922,0.0
2923,0.0
2924,0.0
2925,0.0
2926,0.0
2927,0.0
2928,0.0
2929,0.0
2930,0.0
2931,0.0
2932,0.0093
2933,0.0
2934,0.0
2935,0.0
2936,0.0
2937,0.0
2938,0.0
2939,0.0
2940,0.0
2941,0.0
2942,0.0
2943,0.0
2944,0.0
2945,0.0
2946,0.0
2947,0.0
2948,0.0095
2949,0.0
2950,0.0
2951,0.0
2952,0.0095
2953,0.0
2954,0.0
2955,0.0
2956,0.0
2957,0.0
2958,0.0
2959,0.0
2960,0.0
2961,0.0093
2962,0.0
2963,0.0
2964,0.0
2965,0.0
2966,0.0
2967,0.0
2968,0.0
2969,0.0
2970,0.0
2971,0.0
2972,0.0
2973,0.0
2974,0.0
2975,0.0
2976,0.0
2977,0.0
2978,0.0
2979,0.0
2980,0.0
2981,0.0095
2982,0.0
2983,0.0
2984,0.0
2985,0.0
2986,0.0
2987,0.0
2988,0.0
2989,0.0
2990,0.0
2991,0.0
2992,0.0
2993,0.0
2994,0.0
2995,0.0
2996,0.0
2997,0.0
2998,0.0
2999,0.0
3000,0.0
3001,0.0
3002,0.0095
3003,0.0
3004,0.0
3005,0.0
3006,0.0
3007,0.0
3008,0.0095
3009,0.0
3010,0.0
3011,0.0
3012,0.0
3013,0.0
3014,0.0
3015,0.0095
3016,0.0095
3017,0.0
3018,0.0
3019,0.0
3020,0.0
3021,0.0
3022,0.0095
3023,0.0095
3024,0.0
3025,0.0094
3026,0.0095
3027,0.0
3028,0.0
3029,0.0094
3030,0.0094
3031,0.0094
3032,0.0
3033,0.0095
3034,0.0
3035,0.0
3036,0.0094
3037,0.0094
3038,0.0095
3039,0.0096
3040,0.0
3041,0.0097
3042,0.0
3043,0.0095
3044,0.0096
3045,0.0
3046,0.0095
3047,0.0095
3048,0.0096
3049,0.0095
3050,0.0094
3051,0.0
3052,0.0
3053,0.0
3054,0.0094
3055,0.0095
3056,0.0095
3057,0.0094
3058,0.0
3059,0.0095
3060,0.0094
3061,0.0094
3062,0.0095
3063,0.0094
3064,0.0094
3065,0.0
3066,0.0
3067,0.0
3068,0.0
3069,0.0
3070,0.0
3071,0.0
3072,0.0
3073,0.0096
3074,0.0095
3075,0.0
3076,0.0097
3077,0.0096
3078,0.0096
3079,0.0097
3080,0.0
3081,0.0
3082,0.0
3083,0.0098
3084,0.0
3085,0.0
3086,0.0
3087,0.0
3088,0.0098
3089,0.0097
3090,0.0097
3091,0.0098
3092,0.0097
3093,0.0098
3094,0.0097
3095,0.0
3096,0.0
3097,0.0
3098,0.0099
3099,0.0099
3100,0.0098
3101,0.0099
3102,0.0098
3103,0.01
3104,0.01
3105,0.0
3106,0.0099
3107,0.01
3108,0.0
3109,0.0101
3110,0.0
3111,0.0
3112,0.0
3113,0.0102
3114,0.0
3115,0.0102
3116,0.0103
3117,0.0
3118,0.0104
3119,0.0
3120,0.0103
3121,0.0101
3122,0.0103
3123,0.0
3124,0.0104
3125,0.0104
3126,0.0
3127,0.0105
3128,0.0103
3129,0.0103
3130,0.0103
3131,0.0105
3132,0.0105
3133,0.0103
3134,0.0103
3135,0.0104
3136,0.0105
3137,0.0106
3138,0.011
3139,0.0109
3140,0.0108
3141,0.0105
3142,0.0
3143,0.0104
3144,0.0107
3145,0.0107
3146,0.0106
3147,0.0108
3148,0.0107
3149,0.011
3150,0.0109
3151,0.0108
3152,0.0108
3153,0.0
3154,0.0104
3155,0.0102
3156,0.0101
3157,0.0101
3158,0.0
3159,0.0103
3160,0.0104
3161,0.0104
3162,0.0
3163,0.0106
3164,0.0
3165,0.0106
3166,0.0107
3167,0.0105
3168,0.0106
3169,0.0105
3170,0.0106
3171,0.0106
3172,0.0107
3173,0.0
3174,0.0108
3175,0.0
3176,0.0109
3177,0.0107
3178,0.0108
3179,0.0107
3180,0.0106
3181,0.0106
3182,0.0107
3183,0.0106
3184,0.0106
3185,0.0105
3186,0.0104
3187,0.0103
3188,0.0
3189,0.0
3190,0.0
3191,0.0106
3192,0.0
3193,0.0
3194,0.0
3195,0.0106
3196,0.0105
3197,0.0104
3198,0.0
3199,0.0104
3200,0.0105
3201,0.0103
3202,0.0104
3203,0.0
3204,0.0103
3205,0.0104
3206,0.0
3207,0.0
3208,0.0
3209,0.0
3210,0.0103
3211,0.0103
3212,0.0102
3213,0.0102
3214,0.0102
3215,0.0102
3216,0.0
3217,0.0103
3218,0.0103
3219,0.0102
3220,0.0103
3221,0.0
3222,0.0101
3223,0.0102
3224,0.0
3225,0.0101
3226,0.0102
3227,0.0101
3228,0.0
3229,0.0102
3230,0.0
3231,0.0103
3232,0.0102
3233,0.0103
3234,0.0102
3235,0.0104
3236,0.0103
3237,0.0102
3238,0.0103
3239,0.0104
3240,0.0
3241,0.0102
3242,0.0102
3243,0.0
3244,0.0102
3245,0.0
3246,0.0
3247,0.0104
3248,0.0
3249,0.0
3250,0.0
3251,0.0105
3252,0.0106
3253,0.0107
3254,0.0
3255,0.0107
3256,0.0106
3257,0.0
3258,0.0
3259,0.0106
3260,0.0
3261,0.0108
3262,0.0107
3263,0.0106
3264,0.0105
3265,0.0105
3266,0.0
3267,0.0104
3268,0.0103
3269,0.0104
3270,0.0
3271,0.0105
3272,0.0109
3273,0.0107
3274,0.0108
3275,0.0106
3276,0.0107
3277,0.0107
3278,0.0105
3279,0.0
3280,0.0
3281,0.0106
3282,0.0105
3283,0.0
3284,0.0106
3285,0.0104
3286,0.0104
3287,0.0104
3288,0.0105
3289,0.0
3290,0.0104
3291,0.0
3292,0.0106
3293,0.0106
3294,0.0104
3295,0.0106
3296,0.0105
3297,0.0105
3298,0.0107
3299,0.0106
3300,0.0105
3301,0.0104
3302,0.0
3303,0.0102
3304,0.0102
3305,0.0103
3306,0.0103
3307,0.0
3308,0.0
3309,0.0101
3310,0.0
3311,0.0102
3312,0.0101
3313,0.0101
3314,0.0101
3315,0.0101
3316,0.0103
3317,0.0102
3318,0.0101
3319,0.01
3320,0.0102
3321,0.0101
3322,0.0103
3323,0.0102
3324,0.0
3325,0.0102
3326,0.0102
3327,0.0103
3328,0.0102
3329,0.0104
3330,0.0
3331,0.0103
3332,0.0102
3333,0.0
3334,0.0101
3335,0.0
3336,0.0
3337,0.01
3338,0.0099
3339,0.0101
3340,0.0101
3341,0.01
3342,0.0101
3343,0.01
3344,0.0099
3345,0.0
3346,0.0098
3347,0.01
3348,0.0
3349,0.0099
3350,0.01
3351,0.0
3352,0.0
3353,0.0
3354,0.0098
3355,0.0099
3356,0.0098
3357,0.0098
3358,0.0
3359,0.0099
3360,0.0
3361,0.0099
3362,0.0098
3363,0.0098
3364,0.0
3365,0.0099
3366,0.0098
3367,0.0
3368,0.0
3369,0.01
3370,0.01
3371,0.0
3372,0.0
3373,0.0
3374,0.0
3375,0.0
3376,0.01
3377,0.0
3378,0.0
3379,0.0
3380,0.0
3381,0.0
3382,0.0
3383,0.0099
3384,0.0
3385,0.0101
3386,0.0099
3387,0.0
3388,0.0
3389,0.0099
3390,0.0
3391,0.0101
3392,0.0
3393,0.0
3394,0.0102
3395,0.0102
3396,0.0103
3397,0.0104
3398,0.0105
3399,0.0104
3400,0.0106
3401,0.0105
3402,0.0107
3403,0.0107
3404,0.0108
3405,0.0109
3406,0.0109
3407,0.0109
3408,0.0106
3409,0.0107
3410,0.0106
3411,0.0107
3412,0.0106
3413,0.0106
3414,0.0105
3415,0.0108
3416,0.0105
3417,0.0106
3418,0.0106
3419,0.0104
3420,0.0106
3421,0.0106
3422,0.0107
3423,0.0
3424,0.0106
3425,0.0106
3426,0.0103
3427,0.0104
3428,0.0
3429,0.0103
3430,0.0104
3431,0.0104
3432,0.0103
3433,0.0
3434,0.0104
3435,0.0105
3436,0.0104
3437,0.0103
3438,0.0104
3439,0.0105
3440,0.0107
3441,0.0106
3442,0.0107
3443,0.0106
3444,0.0105
3445,0.0104
3446,0.0106
3447,0.0103
3448,0.0103
3449,0.0104
3450,0.0
3451,0.0
3452,0.0101
3453,0.0104
3454,0.0102
3455,0.0103
3456,0.0103
3457,0.0102
3458,0.0103
3459,0.0102
3460,0.0104
3461,0.0102
3462,0.0103
3463,0.0102
3464,0.0103
3465,0.0104
3466,0.0105
3467,0.0106
3468,0.0
3469,0.0105
3470,0.0106
3471,0.0104
3472,0.0105
3473,0.0104
3474,0.0
3475,0.0
3476,0.0105
3477,0.0104
3478,0.0
3479,0.0
3480,0.0
3481,0.0103
3482,0.0103
3483,0.0
3484,0.0102
3485,0.0103
3486,0.0102
3487,0.0101
3488,0.0
3489,0.0
3490,0.01
3491,0.0101
3492,0.0
3493,0.0101
3494,0.0
3495,0.01
3496,0.0
3497,0.0
3498,0.0
3499,0.0
3500,0.0099
3501,0.0
3502,0.0
3503,0.0099
3504,0.0099
3505,0.0099
3506,0.01
3507,0.0099
3508,0.0
3509,0.0099
3510,0.01
3511,0.0
3512,0.0101
3513,0.0
3514,0.0103
3515,0.0104
3516,0.0103
3517,0.0102
3518,0.0103
3519,0.0
3520,0.0103
3521,0.0102
3522,0.0
3523,0.0103
3524,0.0102
3525,0.0
3526,0.0
3527,0.0101
3528,0.0
3529,0.0102
3530,0.0
3531,0.0103
3532,0.0102
3533,0.0
3534,0.0101
3535,0.0102
3536,0.0102
3537,0.0104
3538,0.0105
3539,0.0103
3540,0.0
3541,0.0105
3542,0.0106
3543,0.0105
3544,0.0106
3545,0.0
3546,0.0
3547,0.0107
3548,0.0108
3549,0.0107
3550,0.0109
3551,0.0109
3552,0.0108
3553,0.0109
3554,0.0111
3555,0.011
3556,0.0111
3557,0.011
3558,0.0114
3559,0.0111
3560,0.0119
3561,0.0111
3562,0.0112
3563,0.0111
3564,0.0111
3565,0.0
3566,0.0112
3567,0.011
3568,0.0113
3569,0.0116
3570,0.0113
3571,0.0114
3572,0.0119
3573,0.0114
3574,0.0117
3575,0.0117
3576,0.0114
3577,0.0112
3578,0.0112
3579,0.011
3580,0.011
3581,0.0113
3582,0.0113
3583,0.0115
3584,0.0114
3585,0.0112
3586,0.0111
3587,0.0109
3588,0.0109
3589,0.0111
3590,0.011
3591,0.0109
3592,0.011
3593,0.0109
3594,0.011
3595,0.0117
3596,0.0119
3597,0.0119
3598,0.0117
3599,0.0112
3600,0.0111
3601,0.0111
3602,0.0112
3603,0.011
3604,0.0109
3605,0.0111
3606,0.0108
3607,0.0107
3608,0.0106
3609,0.0105
3610,0.0
3611,0.0104
3612,0.0103
3613,0.0106
3614,0.0
3615,0.0104
3616,0.0103
3617,0.0103
3618,0.0105
3619,0.0104
3620,0.0103
3621,0.0
3622,0.0
3623,0.01
3624,0.0102
3625,0.0101
3626,0.0
3627,0.0
3628,0.0102
3629,0.0101
3630,0.0102
3631,0.0101
3632,0.01
3633,0.0
3634,0.01
3635,0.0
3636,0.0
3637,0.0
3638,0.0
3639,0.0101
3640,0.01
3641,0.0
3642,0.0
3643,0.0099
3644,0.01
3645,0.0101
3646,0.0101
3647,0.0101
3648,0.0102
3649,0.0102
3650,0.0
3651,0.01
3652,0.0101
3653,0.01
3654,0.0
3655,0.0099
3656,0.0102
3657,0.0102
3658,0.0101
3659,0.0103
3660,0.0102
3661,0.0102
3662,0.0101
3663,0.0101
3664,0.0103
3665,0.0
3666,0.0113
3667,0.0116
3668,0.0
3669,0.0117
3670,0.0115
3671,0.0107
3672,0.0109
3673,0.0109
3674,0.0106
3675,0.0107
3676,0.0108
3677,0.0106
3678,0.0106
3679,0.0107
3680,0.0107
3681,0.0108
3682,0.0108
3683,0.0108
3684,0.0109
3685,0.011
3686,0.011
3687,0.0112
3688,0.0
3689,0.0
3690,0.0107
3691,0.0108
3692,0.0109
3693,0.011
3694,0.0108
3695,0.0109
3696,0.011
3697,0.0109
3698,0.011
3699,0.011
3700,0.0111
3701,0.0
3702,0.0108
3703,0.0108
3704,0.0
3705,0.0111
3706,0.0113
3707,0.0111
3708,0.0
3709,0.011
3710,0.0109
3711,0.011
3712,0.0112
3713,0.0111
3714,0.0113
3715,0.0112
3716,0.0113
3717,0.0114
3718,0.0112
3719,0.0113
3720,0.0111
3721,0.0113
3722,0.0112
3723,0.0112
3724,0.0112
3725,0.0111
3726,0.0109
3727,0.0111
3728,0.011
3729,0.0112
3730,0.011
3731,0.011
3732,0.011
3733,0.0109
3734,0.011
3735,0.0112
3736,0.0111
3737,0.0
3738,0.0106
3739,0.0107
3740,0.0108
3741,0.0106
3742,0.0107
3743,0.0107
3744,0.0107
3745,0.0106
3746,0.0106
3747,0.0103
3748,0.0103
3749,0.0101
3750,0.0
3751,0.0102
3752,0.0104
3753,0.0105
3754,0.0101
3755,0.0101
3756,0.0
3757,0.0099
3758,0.0
3759,0.0098
3760,0.0098
3761,0.0099
3762,0.0
3763,0.0098
3764,0.0099
3765,0.0101
3766,0.0107
3767,0.0105
3768,0.0106
3769,0.0106
3770,0.0
3771,0.0104
3772,0.0101
3773,0.0107
3774,0.0109
3775,0.0108
3776,0.0106
3777,0.0105
3778,0.0097
3779,0.0096
3780,0.0
3781,0.0
3782,0.0
3783,0.0
3784,0.0097
3785,0.0
3786,0.0097
3787,0.0096
3788,0.0097
3789,0.0096
3790,0.0097
3791,0.0
3792,0.0
3793,0.0
3794,0.0096
3795,0.0097
3796,0.0095
3797,0.0096
3798,0.0
3799,0.0097
3800,0.0
3801,0.0097
3802,0.0097
3803,0.0
3804,0.0
3805,0.0095
3806,0.0
3807,0.0096
3808,0.0095
3809,0.0
3810,0.0095
3811,0.0096
3812,0.0
3813,0.0095
3814,0.0
3815,0.0
3816,0.0095
3817,0.0
3818,0.0096
3819,0.0
3820,0.0
3821,0.0
3822,0.0
3823,0.0096
3824,0.0
3825,0.0095
3826,0.0
3827,0.0
3828,0.0095
3829,0.0095
3830,0.0096
3831,0.0096
3832,0.0096
3833,0.0095
3834,0.0
3835,0.0
3836,0.0
3837,0.0
3838,0.0096
3839,0.0
3840,0.0
3841,0.0
3842,0.0095
3843,0.0096
3844,0.0
3845,0.0
3846,0.0
3847,0.0
3848,0.0
3849,0.0
3850,0.0
3851,0.0
3852,0.0
3853,0.0
3854,0.0
3855,0.0095
3856,0.0
3857,0.0
3858,0.0095
3859,0.0
3860,0.0095
3861,0.0097
3862,0.0
3863,0.0
3864,0.0
3865,0.0
3866,0.0095
3867,0.0096
3868,0.0
3869,0.0
3870,0.0
3871,0.0
3872,0.0095
3873,0.0
3874,0.0
3875,0.0
3876,0.0
3877,0.0
3878,0.0095
3879,0.0
3880,0.0097
3881,0.0
3882,0.0
3883,0.0
3884,0.0
3885,0.0
3886,0.0
3887,0.0
3888,0.0095
3889,0.0
3890,0.0
3891,0.0
3892,0.0095
3893,0.0096
3894,0.0
3895,0.0095
3896,0.0095
3897,0.0
3898,0.0
3899,0.0095
3900,0.0
3901,0.0
3902,0.0096
3903,0.0096
3904,0.0
3905,0.0096
3906,0.0096
3907,0.0
3908,0.0
3909,0.0
3910,0.0
3911,0.0
3912,0.0
3913,0.0
3914,0.0
3915,0.0
3916,0.0095
3917,0.0
3918,0.0095
3919,0.0096
3920,0.0095
3921,0.0
3922,0.0095
3923,0.0
3924,0.0
3925,0.0096
3926,0.0095
3927,0.0
3928,0.0
3929,0.0
3930,0.0
3931,0.0096
3932,0.0
3933,0.0096
3934,0.0096
3935,0.0095
3936,0.0
3937,0.0096
3938,0.0096
3939,0.0095
3940,0.0
3941,0.0
3942,0.0
3943,0.0096
3944,0.0
3945,0.0096
3946,0.0095
3947,0.0
3948,0.0095
3949,0.0095
3950,0.0095
3951,0.0096
3952,0.0095
3953,0.0095
3954,0.0095
3955,0.0096
3956,0.0096
3957,0.0
3958,0.0096
3959,0.0
3960,0.0
3961,0.0
3962,0.0
3963,0.0
3964,0.0
3965,0.0
3966,0.0
3967,0.0096
3968,0.0
3969,0.0
3970,0.0
3971,0.0
3972,0.0
3973,0.0
3974,0.0096
3975,0.0095
3976,0.0
3977,0.0
3978,0.0
3979,0.0
3980,0.0
3981,0.0
3982,0.0
3983,0.0
3984,0.0096
3985,0.0096
3986,0.0096
3987,0.0095
3988,0.0
3989,0.0
3990,0.0095
3991,0.0
3992,0.0
3993,0.0
3994,0.0095
3995,0.0096
3996,0.0096
3997,0.0095
3998,0.0097
3999,0.0
4000,0.0095
4001,0.0096
4002,0.0095
4003,0.0
4004,0.0095
4005,0.0096
4006,0.0095
4007,0.0095
4008,0.0096
4009,0.0
4010,0.0095
4011,0.0096
4012,0.0096
4013,0.0095
4014,0.0096
4015,0.0096
4016,0.0095
4017,0.0
4018,0.0
4019,0.0
4020,0.0
4021,0.0
4022,0.0096
4023,0.0095
4024,0.0096
4025,0.0095
4026,0.0096
4027,0.0095
4028,0.0096
4029,0.0
4030,0.0
4031,0.0096
4032,0.0
4033,0.0
4034,0.0096
4035,0.0
4036,0.0
4037,0.0095
4038,0.0096
4039,0.0
4040,0.0
4041,0.0
4042,0.0097
4043,0.0096
4044,0.0
4045,0.0097
4046,0.0
4047,0.0
4048,0.0
4049,0.0
4050,0.0
4051,0.0
4052,0.0
4053,0.0096
4054,0.0097
4055,0.0096
4056,0.0096
4057,0.0098
4058,0.0
4059,0.0
4060,0.0099
4061,0.0
4062,0.0098
4063,0.0096
4064,0.0095
4065,0.0096
4066,0.0
4067,0.0
4068,0.0
4069,0.0
4070,0.0
4071,0.0
4072,0.0
4073,0.0
4074,0.0
4075,0.0
4076,0.0
4077,0.0096
4078,0.0096
4079,0.0096
4080,0.0
4081,0.0
4082,0.0
4083,0.0097
4084,0.0
4085,0.0
4086,0.0097
4087,0.0097
4088,0.0
4089,0.0
4090,0.0098
4091,0.0097
4092,0.0
4093,0.0
4094,0.0
4095,0.0098
4096,0.0097
4097,0.0097
4098,0.0098
4099,0.0098
4100,0.0098
4101,0.0098
4102,0.0097
4103,0.0098
4104,0.0097
4105,0.0098
4106,0.0098
4107,0.0
4108,0.0
4109,0.0
4110,0.0
4111,0.0099
4112,0.0098
4113,0.0098
4114,0.0
4115,0.01
4116,0.01
4117,0.0102
4118,0.0103
4119,0.0102
4120,0.0
4121,0.0
4122,0.0102
4123,0.0103
4124,0.0103
4125,0.0103
4126,0.0103
4127,0.0103
4128,0.0
4129,0.0105
4130,0.0
4131,0.0104
4132,0.0106
4133,0.0105
4134,0.0106
4135,0.0106
4136,0.0107
4137,0.0
4138,0.0105
4139,0.0106
4140,0.0105
4141,0.0105
4142,0.0106
4143,0.0106
4144,0.0105
4145,0.0106
4146,0.0105
4147,0.0105
4148,0.0107
4149,0.0107
4150,0.0106
4151,0.0107
4152,0.0
4153,0.0107
4154,0.0108
4155,0.0109
4156,0.0109
4157,0.0107
4158,0.0108
4159,0.0109
4160,0.0109
4161,0.0111
4162,0.0112
4163,0.011
4164,0.0108
4165,0.0109
4166,0.011
4167,0.0109
4168,0.011
4169,0.0
4170,0.0108
4171,0.0108
4172,0.0108
4173,0.0
4174,0.0108
4175,0.0107
4176,0.0111
4177,0.0109
4178,0.0112
4179,0.0109
4180,0.0108
4181,0.0109
4182,0.011
4183,0.0108
4184,0.0
4185,0.0109
4186,0.0106
4187,0.0105
4188,0.0
4189,0.0105
4190,0.0
4191,0.0
4192,0.0103
4193,0.0103
4194,0.0102
4195,0.0103
4196,0.0
4197,0.0
4198,0.0
4199,0.0
4200,0.0104
4201,0.0102
4202,0.0
4203,0.0101
4204,0.01
4205,0.0101
4206,0.0
4207,0.0099
4208,0.01
4209,0.0
4210,0.0
4211,0.0099
4212,0.01
4213,0.01
4214,0.01
4215,0.01
4216,0.0
4217,0.0101
4218,0.0
4219,0.0
4220,0.0101
4221,0.0101
4222,0.0
4223,0.0
4224,0.0
4225,0.0102
4226,0.0102
4227,0.0101
4228,0.0102
4229,0.0101
4230,0.0102
4231,0.0102
4232,0.0
4233,0.0102
4234,0.0102
4235,0.0101
4236,0.0101
4237,0.0
4238,0.0103
4239,0.0102
4240,0.0103
4241,0.0104
4242,0.0101
4243,0.0102
4244,0.0
4245,0.0102
4246,0.0101
4247,0.0
4248,0.0103
4249,0.0103
4250,0.0103
4251,0.0102
4252,0.0103
4253,0.0104
4254,0.0
4255,0.0105
4256,0.0106
4257,0.0
4258,0.0107
4259,0.0105
4260,0.0107
4261,0.0107
4262,0.0108
4263,0.0107
4264,0.0
4265,0.0108
4266,0.0107
4267,0.0108
4268,0.0109
4269,0.0107
4270,0.0107
4271,0.0106
4272,0.0104
4273,0.0105
4274,0.0107
4275,0.0111
4276,0.0113
4277,0.0112
4278,0.0112
4279,0.0
4280,0.0111
4281,0.0111
4282,0.0113
4283,0.0112
4284,0.0112
4285,0.0112
4286,0.0109
4287,0.011
4288,0.0
4289,0.0111
4290,0.0112
4291,0.0112
4292,0.0114
4293,0.0113
4294,0.0112
4295,0.0114
4296,0.0114
4297,0.0
4298,0.0117
4299,0.0119
4300,0.0118
4301,0.0119
4302,0.0116
4303,0.0116
4304,0.012
4305,0.0
4306,0.012
4307,0.0119
4308,0.0118
4309,0.0117
4310,0.0117
4311,0.0114
4312,0.0
4313,0.0117
4314,0.0113
4315,0.0115
4316,0.0114
4317,0.0113
4318,0.0
4319,0.0114
4320,0.0112
4321,0.0112
4322,0.0111
4323,0.0113
4324,0.011
4325,0.0109
4326,0.0111
4327,0.0109
4328,0.0
4329,0.0108
4330,0.011
4331,0.0109
4332,0.0108
4333,0.0107
4334,0.0106
4335,0.0104
4336,0.0105
4337,0.0107
4338,0.0107
4339,0.0105
4340,0.0105
4341,0.0106
4342,0.0105
4343,0.0105
4344,0.0106
4345,0.0107
4346,0.0105
4347,0.0106
4348,0.0
4349,0.0105
4350,0.0107
4351,0.0105
4352,0.0
4353,0.0104
4354,0.0105
4355,0.0
4356,0.0103
4357,0.0104
4358,0.0102
4359,0.0
4360,0.0
4361,0.0
4362,0.0
4363,0.0103
4364,0.0104
4365,0.0105
4366,0.0104
4367,0.0
4368,0.0105
4369,0.0
4370,0.0
4371,0.0104
4372,0.0106
4373,0.0103
4374,0.0104
4375,0.0102
4376,0.0102
4377,0.0
4378,0.0
4379,0.0
4380,0.01
4381,0.0099
4382,0.0098
4383,0.0098
4384,0.0099
4385,0.01
4386,0.01
4387,0.0
4388,0.01
4389,0.01
4390,0.0
4391,0.0099
4392,0.0
4393,0.0099
4394,0.0
4395,0.0
4396,0.0
4397,0.0
4398,0.0101
4399,0.0102
4400,0.0103
4401,0.0102
4402,0.0102
4403,0.0
4404,0.0104
4405,0.0104
4406,0.011
4407,0.0109
4408,0.0
4409,0.011
4410,0.0111
4411,0.0
4412,0.0109
4413,0.0108
4414,0.0108
4415,0.0109
4416,0.0108
4417,0.0107
4418,0.0109
4419,0.0108
4420,0.0108
4421,0.0112
4422,0.0109
4423,0.011
4424,0.0111
4425,0.0111
4426,0.0111
4427,0.0113
4428,0.0113
4429,0.0111
4430,0.0115
4431,0.0116
4432,0.0118
4433,0.0
4434,0.0117
4435,0.0118
4436,0.012
4437,0.0118
4438,0.0
4439,0.0
4440,0.0119
4441,0.0117
4442,0.0117
4443,0.0118
4444,0.0118
4445,0.0
4446,0.0
4447,0.0118
4448,0.0117
4449,0.0119
4450,0.012
4451,0.0117
4452,0.0117
4453,0.0117
4454,0.0118
4455,0.0118
4456,0.0116
4457,0.0115
4458,0.0118
4459,0.0116
4460,0.0116
4461,0.0119
4462,0.012
4463,0.0119
4464,0.0118
4465,0.0119
4466,0.0114
4467,0.0
4468,0.0112
4469,0.0114
4470,0.0112
4471,0.011
4472,0.0
4473,0.0109
4474,0.0
4475,0.011
4476,0.011
4477,0.011
4478,0.011
4479,0.0109
4480,0.0109
4481,0.0109
4482,0.0106
4483,0.0
4484,0.0105
4485,0.0104
4486,0.0102
4487,0.0101
4488,0.0103
4489,0.0102
4490,0.0102
4491,0.0
4492,0.0
4493,0.0
4494,0.0
4495,0.0
4496,0.0101
4497,0.01
4498,0.0
4499,0.0098
4500,0.0099
4501,0.0
4502,0.0098
4503,0.0
4504,0.0
4505,0.0097
4506,0.0099
4507,0.0098
4508,0.0099
4509,0.0099
4510,0.0
4511,0.01
4512,0.0
4513,0.0101
4514,0.0101
4515,0.0101
4516,0.0103
4517,0.0104
4518,0.0105
4519,0.0106
4520,0.0
4521,0.0107
4522,0.0107
4523,0.0109
4524,0.0108
4525,0.0
4526,0.0107
4527,0.0106
4528,0.011
4529,0.0111
4530,0.0108
4531,0.011
4532,0.0108
4533,0.0107
4534,0.0107
4535,0.0108
4536,0.0107
4537,0.0108
4538,0.0
4539,0.0108
4540,0.0108
4541,0.0107
4542,0.0
4543,0.0109
4544,0.0111
4545,0.0112
4546,0.011
4547,0.0111
4548,0.0113
4549,0.0115
4550,0.0117
4551,0.0116
4552,0.0115
4553,0.0117
4554,0.0117
4555,0.0118
4556,0.0
4557,0.0
4558,0.0
4559,0.0121
4560,0.012
4561,0.0
4562,0.0
4563,0.0
4564,0.0
4565,0.0
4566,0.0
4567,0.0
4568,0.0
4569,0.0
4570,0.0
4571,0.0
4572,0.0
4573,0.0
4574,0.0
4575,0.0
4576,0.0
4577,0.0
4578,0.0
4579,0.0
4580,0.0
4581,0.0
4582,0.0
4583,0.0
4584,0.0
4585,0.0
4586,0.0
4587,0.0
4588,0.0
4589,0.0
4590,0.0
4591,0.0
4592,0.0
4593,0.0
4594,0.0
4595,0.0
4596,0.0117
4597,0.0
4598,0.0118
4599,0.0117
4600,0.0117
4601,0.0116
4602,0.0116
4603,0.0118
4604,0.0117
4605,0.012
4606,0.0117
4607,0.0119
4608,0.0119
4609,0.012
4610,0.0119
4611,0.0114
4612,0.0115
4613,0.0113
4614,0.0115
4615,0.0111
4616,0.0113
4617,0.0111
4618,0.0112
4619,0.011
4620,0.0112
4621,0.0111
4622,0.011
4623,0.0106
4624,0.0
4625,0.0104
4626,0.0105
4627,0.0104
4628,0.0103
4629,0.0
4630,0.0101
4631,0.0101
4632,0.0
4633,0.0099
4634,0.0099
4635,0.0
4636,0.0101
4637,0.01
4638,0.0101
4639,0.0099
4640,0.0099
4641,0.0
4642,0.0
4643,0.01
4644,0.0
4645,0.0
4646,0.01
4647,0.0099
4648,0.0
4649,0.0
4650,0.0
4651,0.01
4652,0.0099
4653,0.01
4654,0.01
4655,0.0099
4656,0.01
4657,0.0099
4658,0.01
4659,0.0099
4660,0.0101
4661,0.0
4662,0.0099
4663,0.01
4664,0.0
4665,0.0
4666,0.0101
4667,0.0
4668,0.01
4669,0.0099
4670,0.01
4671,0.0101
4672,0.0
4673,0.0101
4674,0.0
4675,0.0101
4676,0.0102
4677,0.0
4678,0.01
4679,0.0
4680,0.0
4681,0.0102
4682,0.0102
4683,0.0
4684,0.0102
4685,0.0
4686,0.0101
4687,0.0102
4688,0.0104
4689,0.0103
4690,0.0102
4691,0.0102
4692,0.0104
4693,0.0103
4694,0.0103
4695,0.0
4696,0.0103
4697,0.0
4698,0.0104
4699,0.0103
4700,0.0103
4701,0.0103
4702,0.0103
4703,0.0
4704,0.0
4705,0.0103
4706,0.0104
4707,0.0103
4708,0.0103
4709,0.0104
4710,0.0105
4711,0.0106
4712,0.0
4713,0.0
4714,0.0
4715,0.0
4716,0.0105
4717,0.0
4718,0.0106
4719,0.0107
4720,0.0106
4721,0.0107
4722,0.0105
4723,0.0106
4724,0.0
4725,0.0109
4726,0.0112
4727,0.0113
4728,0.0115
4729,0.0112
4730,0.0111
4731,0.0111
4732,0.0112
4733,0.011
4734,0.0111
4735,0.011
4736,0.011
4737,0.011
4738,0.0113
4739,0.0113
4740,0.0115
4741,0.0116
4742,0.0114
4743,0.0113
4744,0.0112
4745,0.0
4746,0.0
4747,0.011
4748,0.011
4749,0.0108
4750,0.011
4751,0.0107
4752,0.0107
4753,0.0107
4754,0.0107
4755,0.0105
4756,0.0
4757,0.0104
4758,0.0106
4759,0.0104
4760,0.0105
4761,0.01
4762,0.01
4763,0.0099
4764,0.0102
4765,0.0107
4766,0.0106
4767,0.0
4768,0.0105
4769,0.0108
4770,0.0107
4771,0.0
4772,0.0108
4773,0.0107
4774,0.0108
4775,0.0107
4776,0.0105
4777,0.0105
4778,0.011
4779,0.0109
4780,0.011
4781,0.0109
4782,0.0108
4783,0.0097
4784,0.0
4785,0.0
4786,0.0
4787,0.0
4788,0.0
4789,0.0
4790,0.0
4791,0.0
4792,0.0
4793,0.0096
4794,0.0097
4795,0.0
4796,0.0
4797,0.0096
4798,0.0098
4799,0.0097
4800,0.0098
4801,0.0098
4802,0.0098
4803,0.0
4804,0.0
4805,0.0
4806,0.0
4807,0.0
4808,0.0
4809,0.0
4810,0.0098
4811,0.0097
4812,0.0098
4813,0.0
4814,0.0098
4815,0.0
4816,0.0
4817,0.0099
4818,0.0
4819,0.0
4820,0.0
4821,0.0097
4822,0.0
4823,0.0
4824,0.0
4825,0.0097
4826,0.0
4827,0.0098
4828,0.0097
4829,0.0098
4830,0.0
4831,0.0098
4832,0.0
4833,0.0097
4834,0.0098
4835,0.0098
4836,0.0
4837,0.0
4838,0.0099
4839,0.0099
4840,0.0098
4841,0.0
4842,0.0099
4843,0.0097
4844,0.0
4845,0.0096
4846,0.0
4847,0.0
4848,0.0
4849,0.0
4850,0.0096
4851,0.0095
4852,0.0094
4853,0.0
4854,0.0
4855,0.0
4856,0.0095
4857,0.0095
4858,0.0
4859,0.0
4860,0.0095
4861,0.0
4862,0.0
4863,0.0
4864,0.0
4865,0.0
4866,0.0
4867,0.0093
4868,0.0093
4869,0.0093
4870,0.0094
4871,0.0093
4872,0.0
4873,0.0094
4874,0.0094
4875,0.0
4876,0.0094
4877,0.0095
4878,0.0
4879,0.0
4880,0.0
4881,0.0
4882,0.0
4883,0.0
4884,0.0
4885,0.0093
4886,0.0094
4887,0.0093
4888,0.0
4889,0.0095
4890,0.0093
4891,0.0
4892,0.0
4893,0.0
4894,0.0094
4895,0.0094
4896,0.0
4897,0.0093
4898,0.0
4899,0.0
4900,0.0
4901,0.0
4902,0.0
4903,0.0
4904,0.0
4905,0.0
4906,0.0
4907,0.0094
4908,0.0095
4909,0.0096
4910,0.0093
4911,0.0
4912,0.0
4913,0.0
4914,0.0094
4915,0.0
4916,0.0
4917,0.0
4918,0.0
4919,0.0
4920,0.0
4921,0.0
4922,0.0092
4923,0.0093
4924,0.0
4925,0.0
4926,0.0
4927,0.0
4928,0.0
4929,0.0
4930,0.0
4931,0.0
4932,0.0
4933,0.0
4934,0.0
4935,0.0
4936,0.0
4937,0.0
4938,0.0
4939,0.0
4940,0.0
4941,0.0
4942,0.0
4943,0.0
4944,0.0093
4945,0.0092
4946,0.0093
4947,0.0092
4948,0.0093
4949,0.0093
4950,0.0092
4951,0.0093
4952,0.0
4953,0.0
4954,0.0
4955,0.0092
4956,0.0093
4957,0.0093
4958,0.0093
4959,0.0093
4960,0.0092
4961,0.0
4962,0.0
4963,0.0093
4964,0.0093
4965,0.0
4966,0.0093
4967,0.0092
4968,0.0
4969,0.0
4970,0.0
4971,0.0
4972,0.0
4973,0.0
4974,0.0
4975,0.0093
4976,0.0
4977,0.0
4978,0.0
4979,0.0
4980,0.0
4981,0.0
4982,0.0
4983,0.0
4984,0.0
4985,0.0
4986,0.0
4987,0.0
4988,0.0
4989,0.0
4990,0.0
4991,0.0
4992,0.0
4993,0.0
4994,0.0
4995,0.0
4996,0.0
4997,0.0
4998,0.0
4999,0.0
5000,0.0
5001,0.0
5002,0.0
5003,0.0
5004,0.0093
5005,0.0092
5006,0.0093
5007,0.0
5008,0.0092
5009,0.0093
5010,0.0093
5011,0.0092
5012,0.0
5013,0.0092
5014,0.0
5015,0.0092
5016,0.0093
5017,0.0
5018,0.0
5019,0.0092
5020,0.0
5021,0.0093
5022,0.0
5023,0.0
5024,0.0
5025,0.0
5026,0.0
5027,0.0
5028,0.0
5029,0.0
5030,0.0092
5031,0.0
5032,0.0
5033,0.0
5034,0.0092
5035,0.0093
5036,0.0
5037,0.0092
5038,0.0093
5039,0.0
5040,0.0
5041,0.0
5042,0.0
5043,0.0
5044,0.0
5045,0.0
5046,0.0
5047,0.0094
5048,0.0093
5049,0.0
5050,0.0095
5051,0.0094
5052,0.0095
5053,0.0095
5054,0.0
5055,0.0
5056,0.0095
5057,0.0095
5058,0.0
5059,0.0
5060,0.0
5061,0.0
5062,0.0
5063,0.0
5064,0.0
5065,0.0096
5066,0.0
5067,0.0
5068,0.0094
5069,0.0094
5070,0.0
5071,0.0
5072,0.0
5073,0.0
5074,0.0
5075,0.0096
5076,0.0
5077,0.0
5078,0.0
5079,0.0097
5080,0.0096
5081,0.0
5082,0.0
5083,0.0
5084,0.0097
5085,0.0
5086,0.0
5087,0.0
5088,0.0
5089,0.0
5090,0.0097
5091,0.0097
5092,0.0
5093,0.0
5094,0.0
5095,0.0
5096,0.0098
5097,0.0
5098,0.0098
5099,0.0097
5100,0.0098
5101,0.0098
5102,0.0
5103,0.0
5104,0.0
5105,0.0
5106,0.0
5107,0.0099
5108,0.0099
5109,0.0098
5110,0.0098
5111,0.0099
5112,0.0
5113,0.01
5114,0.0
5115,0.0
5116,0.0101
5117,0.01
5118,0.0102
5119,0.0
5120,0.0103
5121,0.0104
5122,0.0104
5123,0.0
5124,0.0
5125,0.0106
5126,0.0105
5127,0.0107
5128,0.0
5129,0.0106
5130,0.0108
5131,0.0108
5132,0.0109
5133,0.0109
5134,0.011
5135,0.0111
5136,0.011
5137,0.011
5138,0.0108
5139,0.0109
5140,0.011
5141,0.011
5142,0.0
5143,0.0111
5144,0.011
5145,0.011
5146,0.0
5147,0.0111
5148,0.0112
5149,0.0111
5150,0.0111
5151,0.011
5152,0.0111
5153,0.0112
5154,0.0
5155,0.0111
5156,0.0112
5157,0.0112
5158,0.0112
5159,0.0114
5160,0.0
5161,0.0111
5162,0.011
5163,0.0111
5164,0.011
5165,0.0112
5166,0.0112
5167,0.0111
5168,0.011
5169,0.0109
5170,0.0109
5171,0.0108
5172,0.0109
5173,0.0108
5174,0.0109
5175,0.011
5176,0.0108
5177,0.0
5178,0.0108
5179,0.0
5180,0.0106
5181,0.0107
5182,0.0105
5183,0.0101
5184,0.0105
5185,0.0106
5186,0.0104
5187,0.0
5188,0.0105
5189,0.0
5190,0.0103
5191,0.0104
5192,0.0104
5193,0.0102
5194,0.0102
5195,0.0103
5196,0.0101
5197,0.0102
5198,0.0101
5199,0.0102
5200,0.0
5201,0.0102
5202,0.0102
5203,0.0102
5204,0.0102
5205,0.01
5206,0.0102
5207,0.0101
5208,0.0102
5209,0.0
5210,0.0
5211,0.0
5212,0.01
5213,0.0101
5214,0.01
5215,0.0099
5216,0.0
5217,0.0
5218,0.01
5219,0.0
5220,0.0
5221,0.0
5222,0.0
5223,0.0098
5224,0.0
5225,0.0
5226,0.01
5227,0.0
5228,0.0
5229,0.0
5230,0.0
5231,0.0
5232,0.0098
5233,0.0
5234,0.0
5235,0.01
5236,0.0
5237,0.01
5238,0.0099
5239,0.01
5240,0.0
5241,0.0099
5242,0.0
5243,0.0
5244,0.0
5245,0.0
5246,0.0099
5247,0.0101
5248,0.01
5249,0.0
5250,0.0
5251,0.0101
5252,0.0101
5253,0.0101
5254,0.0101
5255,0.0
5256,0.01
5257,0.0
5258,0.01
5259,0.0
5260,0.0102
5261,0.0101
5262,0.0
5263,0.0103
5264,0.0103
5265,0.0
5266,0.0104
5267,0.0
5268,0.0105
5269,0.0105
5270,0.0105
5271,0.0105
5272,0.0106
5273,0.0
5274,0.0107
5275,0.0105
5276,0.0105
5277,0.0106
5278,0.0
5279,0.0106
5280,0.0105
5281,0.0106
5282,0.0107
5283,0.0108
5284,0.0
5285,0.011
5286,0.0108
5287,0.0108
5288,0.0109
5289,0.0107
5290,0.0
5291,0.0106
5292,0.0106
5293,0.0107
5294,0.0107
5295,0.0108
5296,0.0
5297,0.0107
5298,0.0108
5299,0.0108
5300,0.0108
5301,0.0106
5302,0.0106
5303,0.0106
5304,0.0107
5305,0.0108
5306,0.0106
5307,0.0109
5308,0.0108
5309,0.0108
5310,0.0107
5311,0.0105
5312,0.0106
5313,0.0
5314,0.0107
5315,0.0105
5316,0.0105
5317,0.0
5318,0.0106
5319,0.0104
5320,0.0
5321,0.0102
5322,0.0103
5323,0.0103
5324,0.0
5325,0.0102
5326,0.0102
5327,0.0101
5328,0.0103
5329,0.0102
5330,0.0103
5331,0.0102
5332,0.0102
5333,0.0
5334,0.0104
5335,0.0105
5336,0.0105
5337,0.0106
5338,0.0106
5339,0.0105
5340,0.0103
5341,0.0103
5342,0.0
5343,0.0
5344,0.0103
5345,0.0104
5346,0.0103
5347,0.0102
5348,0.0103
5349,0.0103
5350,0.0101
5351,0.0102
5352,0.01
5353,0.0099
5354,0.0
5355,0.0099
5356,0.0
5357,0.0
5358,0.0
5359,0.0099
5360,0.01
5361,0.0099
5362,0.01
5363,0.0099
5364,0.01
5365,0.0099
5366,0.01
5367,0.0099
5368,0.0099
5369,0.0099
5370,0.01
5371,0.01
5372,0.01
5373,0.0099
5374,0.01
5375,0.0099
5376,0.0
5377,0.0099
5378,0.0
5379,0.0
5380,0.0
5381,0.0
5382,0.0099
5383,0.01
5384,0.0
5385,0.0
5386,0.01
5387,0.0
5388,0.0099
5389,0.0
5390,0.0101
5391,0.0
5392,0.0
5393,0.0
5394,0.0
5395,0.0099
5396,0.0099
5397,0.0099
5398,0.01
5399,0.0
5400,0.0099
5401,0.0102
5402,0.0101
5403,0.0101
5404,0.0102
5405,0.0102
5406,0.01
5407,0.0102
5408,0.0103
5409,0.0102
5410,0.0103
5411,0.0104
5412,0.0104
5413,0.0104
5414,0.0106
5415,0.0107
5416,0.0107
5417,0.0
5418,0.0106
5419,0.0104
5420,0.0104
5421,0.0105
5422,0.0104
5423,0.0104
5424,0.0104
5425,0.0106
5426,0.0108
5427,0.0107
5428,0.0108
5429,0.0
5430,0.0107
5431,0.0107
5432,0.0106
5433,0.0108
5434,0.0107
5435,0.0
5436,0.0106
5437,0.0108
5438,0.0106
5439,0.0107
5440,0.0106
5441,0.0106
5442,0.0105
5443,0.0
5444,0.0107
5445,0.0106
5446,0.0
5447,0.0108
5448,0.0107
5449,0.0107
5450,0.0107
5451,0.0108
5452,0.0108
5453,0.0109
5454,0.0108
5455,0.0
5456,0.0105
5457,0.0106
5458,0.0106
5459,0.0106
5460,0.0106
5461,0.0105
5462,0.0106
5463,0.0106
5464,0.0105
5465,0.0104
5466,0.0105
5467,0.0106
5468,0.0
5469,0.0103
5470,0.0
5471,0.0103
5472,0.0103
5473,0.0103
5474,0.0103
5475,0.0102
5476,0.0103
5477,0.0104
5478,0.0102
5479,0.0102
5480,0.0
5481,0.0
5482,0.0101
5483,0.0102
5484,0.0102
5485,0.0
5486,0.01
5487,0.0101
5488,0.0101
5489,0.01
5490,0.0101
5491,0.01
5492,0.0
5493,0.0
5494,0.0
5495,0.0
5496,0.0099
5497,0.0
5498,0.0
5499,0.0
5500,0.0
5501,0.0099
5502,0.0
5503,0.01
5504,0.01
5505,0.0099
5506,0.0
5507,0.0098
5508,0.0098
5509,0.0099
5510,0.0099
5511,0.0099
5512,0.0
5513,0.0
5514,0.0
5515,0.0
5516,0.0097
5517,0.0
5518,0.0
5519,0.0099
5520,0.0
5521,0.0
5522,0.0099
5523,0.0
5524,0.0
5525,0.01
5526,0.0
5527,0.01
5528,0.0099
5529,0.01
5530,0.01
5531,0.0102
5532,0.0103
5533,0.0
5534,0.0
5535,0.0
5536,0.0
5537,0.0099
5538,0.0
5539,0.0
5540,0.01
5541,0.0
5542,0.01
5543,0.0099
5544,0.0
5545,0.0101
5546,0.0
5547,0.0
5548,0.0
5549,0.0
5550,0.0102
5551,0.0102
5552,0.0102
5553,0.0
5554,0.0103
5555,0.0103
5556,0.0104
5557,0.0105
5558,0.0
5559,0.0
5560,0.0104
5561,0.0
5562,0.0103
5563,0.0102
5564,0.0099
5565,0.0103
5566,0.0102
5567,0.0104
5568,0.0104
5569,0.0104
5570,0.0103
5571,0.0
5572,0.0104
5573,0.0105
5574,0.0105
5575,0.0104
5576,0.0108
5577,0.0106
5578,0.0108
5579,0.0108
5580,0.0109
5581,0.0107
5582,0.0106
5583,0.0
5584,0.0106
5585,0.0102
5586,0.0106
5587,0.0107
5588,0.0105
5589,0.0104
5590,0.0105
5591,0.0105
5592,0.0104
5593,0.0103
5594,0.0103
5595,0.0103
5596,0.0103
5597,0.0103
5598,0.0104
5599,0.0102
5600,0.0
5601,0.0104
5602,0.0102
5603,0.0103
5604,0.0101
5605,0.0
5606,0.0
5607,0.0103
5608,0.0102
5609,0.0
5610,0.0
5611,0.0103
5612,0.0
5613,0.0101
5614,0.01
5615,0.01
5616,0.0
5617,0.0099
5618,0.0
5619,0.01
5620,0.01
5621,0.0099
5622,0.0
5623,0.0098
5624,0.0098
5625,0.0
5626,0.0097
5627,0.0
5628,0.0
5629,0.0095
5630,0.0
5631,0.0096
5632,0.0097
5633,0.0
5634,0.0096
5635,0.0
5636,0.0
5637,0.0
5638,0.0096
5639,0.0
5640,0.0097
5641,0.0
5642,0.0097
5643,0.0095
5644,0.0
5645,0.0096
5646,0.0096
5647,0.0097
5648,0.0097
5649,0.0097
5650,0.0
5651,0.0
5652,0.0096
5653,0.0097
5654,0.0
5655,0.0
5656,0.0
5657,0.0098
5658,0.0098
5659,0.0098
5660,0.0
5661,0.0
5662,0.0099
5663,0.0098
5664,0.0
5665,0.0
5666,0.0098
5667,0.0
5668,0.0
5669,0.0096
5670,0.0096
5671,0.0
5672,0.0
5673,0.0096
5674,0.0
5675,0.0
5676,0.0
5677,0.0
5678,0.0
5679,0.0
5680,0.0
5681,0.0
5682,0.0
5683,0.0
5684,0.0
5685,0.0
5686,0.0
5687,0.0098
5688,0.0098
5689,0.0098
5690,0.0099
5691,0.0
5692,0.0
5693,0.0099
5694,0.0099
5695,0.0099
5696,0.01
5697,0.0
5698,0.0101
5699,0.0101
5700,0.0099
5701,0.01
5702,0.0
5703,0.0
5704,0.0102
5705,0.0101
5706,0.01
5707,0.0101
5708,0.01
5709,0.0101
5710,0.01
5711,0.0101
5712,0.0099
5713,0.0
5714,0.0101
5715,0.0
5716,0.0
5717,0.0102
5718,0.0101
5719,0.0101
5720,0.0102
5721,0.0102
5722,0.0
5723,0.0
5724,0.0102
5725,0.0
5726,0.0
5727,0.0
5728,0.0
5729,0.0
5730,0.0
5731,0.0
5732,0.01
5733,0.0101
5734,0.0102
5735,0.0103
5736,0.0103
5737,0.0
5738,0.0102
5739,0.0103
5740,0.0
5741,0.0103
5742,0.0
5743,0.0102
5744,0.01
5745,0.01
5746,0.01
5747,0.0
5748,0.0101
5749,0.01
5750,0.01
5751,0.0099
5752,0.01
5753,0.01
5754,0.0
5755,0.0098
5756,0.0098
5757,0.0099
5758,0.0
5759,0.0
5760,0.0
5761,0.0097
5762,0.0098
5763,0.0097
5764,0.0
5765,0.0
5766,0.0
5767,0.0096
5768,0.0097
5769,0.0
5770,0.0095
5771,0.0095
5772,0.0
5773,0.0
5774,0.0
5775,0.0
5776,0.0
5777,0.0096
5778,0.0095
5779,0.0094
5780,0.0
5781,0.0
5782,0.0
5783,0.0
5784,0.0
5785,0.0094
5786,0.0095
5787,0.0095
5788,0.0094
5789,0.0095
5790,0.0095
5791,0.0094
5792,0.0
5793,0.0
5794,0.0
5795,0.0
5796,0.0
5797,0.0
5798,0.0
5799,0.0
5800,0.0
5801,0.0
5802,0.0
5803,0.0
5804,0.0
5805,0.0
5806,0.0
5807,0.0095
5808,0.0094
5809,0.0095
5810,0.0095
5811,0.0
5812,0.0095
5813,0.0095
5814,0.0
5815,0.0
5816,0.0
5817,0.0
5818,0.0
5819,0.0095
5820,0.0
5821,0.0
5822,0.0
5823,0.0094
5824,0.0094
5825,0.0095
5826,0.0
5827,0.0094
5828,0.0
5829,0.0
5830,0.0
5831,0.0
5832,0.0
5833,0.0
5834,0.0
5835,0.0
5836,0.0
5837,0.0093
5838,0.0094
5839,0.0093
5840,0.0094
5841,0.0094
5842,0.0094
5843,0.0
5844,0.0
5845,0.0
5846,0.0095
5847,0.0
5848,0.0
5849,0.0
5850,0.0095
5851,0.0095
5852,0.0
5853,0.0093
5854,0.0093
5855,0.0
5856,0.0
5857,0.0093
5858,0.0094
5859,0.0092
5860,0.0
5861,0.0
5862,0.0
5863,0.0
5864,0.0
5865,0.0
5866,0.0
5867,0.0
5868,0.0
5869,0.0
5870,0.0
5871,0.0
5872,0.0093
5873,0.0
5874,0.0
5875,0.0092
5876,0.0093
5877,0.0093
5878,0.0
5879,0.0
5880,0.0
5881,0.0
5882,0.0
5883,0.0
5884,0.0
5885,0.0
5886,0.0
5887,0.0
5888,0.0
5889,0.0091
5890,0.0092
5891,0.0091
5892,0.0092
5893,0.0
5894,0.0
5895,0.0
5896,0.0
5897,0.0091
5898,0.0092
5899,0.0091
5900,0.0
5901,0.0091
5902,0.0
5903,0.0
5904,0.0
5905,0.0
5906,0.0
5907,0.0
5908,0.0
5909,0.0
5910,0.0
5911,0.0
5912,0.0
5913,0.009
5914,0.0
5915,0.0
5916,0.0
5917,0.0
5918,0.0
5919,0.0
5920,0.0
5921,0.0
5922,0.0
5923,0.0
5924,0.0
5925,0.0092
5926,0.0
5927,0.0091
5928,0.0
5929,0.0
5930,0.0
5931,0.0
5932,0.0092
5933,0.0
5934,0.0
5935,0.0
5936,0.0
5937,0.0
5938,0.0092
5939,0.0
5940,0.0092
5941,0.0
5942,0.0
5943,0.0
5944,0.0092
5945,0.0
5946,0.0
5947,0.0
5948,0.0
5949,0.0092
5950,0.0092
5951,0.0091
5952,0.0091
5953,0.0092
5954,0.0092
5955,0.0
5956,0.0
5957,0.0
5958,0.0
5959,0.0091
5960,0.0
5961,0.0091
5962,0.0092
5963,0.0092
5964,0.0092
5965,0.0091
5966,0.0
5967,0.0
5968,0.0
5969,0.0
5970,0.0
5971,0.0
5972,0.0
5973,0.0
5974,0.0091
5975,0.0091
5976,0.0092
5977,0.0092
5978,0.0
5979,0.0
5980,0.0
5981,0.0
5982,0.0
5983,0.0
5984,0.0
5985,0.0
5986,0.0
5987,0.0
5988,0.0
5989,0.0
5990,0.0093
5991,0.0
5992,0.0
5993,0.0
5994,0.0
5995,0.0
5996,0.0
5997,0.0
5998,0.0093
5999,0.0093
6000,0.0
6001,0.0
6002,0.0
6003,0.0
6004,0.0
6005,0.0
6006,0.0
6007,0.0
6008,0.0
6009,0.0
6010,0.0
6011,0.0
6012,0.0092
6013,0.0
6014,0.0
6015,0.0
6016,0.0
6017,0.0
6018,0.0
6019,0.0092
6020,0.0
6021,0.0
6022,0.0
6023,0.0
6024,0.0
6025,0.0
6026,0.0
6027,0.0
6028,0.0
6029,0.0
6030,0.0
6031,0.0
6032,0.0
6033,0.0
6034,0.0
6035,0.0094
6036,0.0095
6037,0.0
6038,0.0
6039,0.0095
6040,0.0
6041,0.0
6042,0.0
6043,0.0
6044,0.0
6045,0.0
6046,0.0
6047,0.0095
6048,0.0093
6049,0.0
6050,0.0094
6051,0.0
6052,0.0
6053,0.0
6054,0.0
6055,0.0
6056,0.0
6057,0.0
6058,0.0092
6059,0.0094
6060,0.0094
6061,0.0093
6062,0.0094
6063,0.0094
6064,0.0
6065,0.0094
6066,0.0
6067,0.0094
6068,0.0
6069,0.0093
6070,0.0
6071,0.0
6072,0.0
6073,0.0
6074,0.0
6075,0.0
6076,0.0
6077,0.0
6078,0.0
6079,0.0
6080,0.0
6081,0.0092
6082,0.0
6083,0.0092
6084,0.0093
6085,0.0092
6086,0.0
6087,0.0
6088,0.0092
6089,0.0
6090,0.0
6091,0.0
6092,0.0
6093,0.0
6094,0.0
6095,0.0094
6096,0.0093
6097,0.0
6098,0.0
6099,0.0
6100,0.0
6101,0.0
6102,0.0095
6103,0.0
6104,0.0
6105,0.0094
6106,0.0
6107,0.0
6108,0.0
6109,0.0
6110,0.0096
6111,0.0
6112,0.0
6113,0.0
6114,0.0094
6115,0.0096
6116,0.0
6117,0.0095
6118,0.0
6119,0.0095
6120,0.0096
6121,0.0096
6122,0.0
6123,0.0
6124,0.0
6125,0.0097
6126,0.0097
6127,0.0098
6128,0.0
6129,0.0097
6130,0.0099
6131,0.0098
6132,0.0099
6133,0.0
6134,0.0
6135,0.01
6136,0.0099
6137,0.01
6138,0.0
6139,0.01
6140,0.01
6141,0.0099
6142,0.01
6143,0.0099
6144,0.0
6145,0.0
6146,0.0
6147,0.0099
6148,0.01
6149,0.0101
6150,0.0101
6151,0.01
6152,0.01
6153,0.01
6154,0.0
6155,0.0
6156,0.0
6157,0.0101
6158,0.0102
6159,0.0
6160,0.0103
6161,0.0102
6162,0.0103
6163,0.0102
6164,0.0102
6165,0.0104
6166,0.0102
6167,0.0103
6168,0.0
6169,0.0
6170,0.0103
6171,0.0103
6172,0.0101
6173,0.0102
6174,0.0
6175,0.0
6176,0.0
6177,0.0103
6178,0.0102
6179,0.0101
6180,0.0
6181,0.0102
6182,0.0104
6183,0.0104
6184,0.0104
6185,0.0103
6186,0.0
6187,0.0102
6188,0.0103
6189,0.0102
6190,0.0101
6191,0.0
6192,0.0
6193,0.0101
6194,0.01
6195,0.0
6196,0.0
6197,0.0
6198,0.0
6199,0.0099
6200,0.0
6201,0.0
6202,0.0098
6203,0.0099
6204,0.0099
6205,0.01
6206,0.0098
6207,0.0099
6208,0.0099
6209,0.0099
6210,0.0
6211,0.0098
6212,0.0098
6213,0.0
6214,0.0
6215,0.0
6216,0.0
6217,0.0
6218,0.0097
6219,0.0
6220,0.0098
6221,0.0
6222,0.0
6223,0.0
6224,0.0
6225,0.0
6226,0.0
6227,0.0098
6228,0.0
6229,0.0
6230,0.0
6231,0.0098
6232,0.0098
6233,0.0098
6234,0.0
6235,0.0097
6236,0.0
6237,0.0
6238,0.0
6239,0.0
6240,0.0
6241,0.0
6242,0.0097
6243,0.0
6244,0.0
6245,0.0099
6246,0.0
6247,0.0099
6248,0.0099
6249,0.0
6250,0.0099
6251,0.0
6252,0.0
6253,0.0
6254,0.0
6255,0.0099
6256,0.0
6257,0.0099
6258,0.0099
6259,0.0
6260,0.0099
6261,0.0098
6262,0.0099
6263,0.0099
6264,0.0099
6265,0.0099
6266,0.0099
6267,0.0
6268,0.0098
6269,0.0
6270,0.01
6271,0.0
6272,0.0101
6273,0.0101
6274,0.0101
6275,0.0102
6276,0.0101
6277,0.0102
6278,0.0101
6279,0.0102
6280,0.0
6281,0.0
6282,0.0
6283,0.0102
6284,0.0
6285,0.0103
6286,0.0
6287,0.0102
6288,0.0
6289,0.0104
6290,0.0103
6291,0.0104
6292,0.0101
6293,0.0
6294,0.0
6295,0.0
6296,0.0105
6297,0.0104
6298,0.0104
6299,0.0
6300,0.0
6301,0.0105
6302,0.0106
6303,0.0
6304,0.0106
6305,0.0104
6306,0.0105
6307,0.0106
6308,0.0107
6309,0.0106
6310,0.0106
6311,0.0108
6312,0.0
6313,0.0106
6314,0.0107
6315,0.0
6316,0.0108
6317,0.0107
6318,0.0106
6319,0.0106
6320,0.0107
6321,0.0107
6322,0.0107
6323,0.0107
6324,0.0107
6325,0.0
6326,0.0
6327,0.0107
6328,0.0108
6329,0.0107
6330,0.0
6331,0.0106
6332,0.0107
6333,0.0105
6334,0.0106
6335,0.0105
6336,0.0105
6337,0.0104
6338,0.0103
6339,0.0104
6340,0.0
6341,0.0102
6342,0.0102
6343,0.0102
6344,0.0
6345,0.0101
6346,0.0099
6347,0.0101
6348,0.01
6349,0.0101
6350,0.0102
6351,0.01
6352,0.0101
6353,0.0102
6354,0.0
6355,0.01
6356,0.0
6357,0.0099
6358,0.0099
6359,0.0
6360,0.01
6361,0.01
6362,0.0
6363,0.01
6364,0.01
6365,0.0099
6366,0.0099
6367,0.01
6368,0.0
6369,0.01
6370,0.0
6371,0.0
6372,0.0
6373,0.0
6374,0.0
6375,0.0
6376,0.01
6377,0.0099
6378,0.01
6379,0.01
6380,0.0099
6381,0.0099
6382,0.01
6383,0.0
6384,0.01
6385,0.0
6386,0.0098
6387,0.0099
6388,0.0098
6389,0.0
6390,0.0
6391,0.0
6392,0.01
6393,0.0
6394,0.0
6395,0.0101
6396,0.0
6397,0.0101
6398,0.0
6399,0.01
6400,0.0102
6401,0.0101
6402,0.0101
6403,0.0102
6404,0.0
6405,0.0102
6406,0.0101
6407,0.0102
6408,0.0103
6409,0.0102
6410,0.0
6411,0.0105
6412,0.0104
6413,0.0
6414,0.0105
6415,0.0
6416,0.0104
6417,0.0105
6418,0.0105
6419,0.0105
6420,0.0105
6421,0.0
6422,0.0104
6423,0.0105
6424,0.0105
6425,0.0
6426,0.0
6427,0.0107
6428,0.0
6429,0.0106
6430,0.0108
6431,0.0107
6432,0.0106
6433,0.0107
6434,0.0108
6435,0.011
6436,0.0109
6437,0.0108
6438,0.011
6439,0.0108
6440,0.0108
6441,0.0107
6442,0.0108
6443,0.0108
6444,0.0108
6445,0.0107
6446,0.0108
6447,0.0109
6448,0.0113
6449,0.0114
6450,0.0114
6451,0.012
6452,0.0119
6453,0.012
6454,0.0
6455,0.0122
6456,0.0
6457,0.0
6458,0.0
6459,0.0
6460,0.0
6461,0.0
6462,0.0
6463,0.0
6464,0.0
6465,0.0119
6466,0.012
6467,0.0118
6468,0.0119
6469,0.0116
6470,0.0117
6471,0.0115
6472,0.0
6473,0.0117
6474,0.0117
6475,0.0116
6476,0.0115
6477,0.0116
6478,0.0115
6479,0.0116
6480,0.0116
6481,0.0116
6482,0.0
6483,0.0
6484,0.0114
6485,0.0114
6486,0.0115
6487,0.0113
6488,0.0113
6489,0.0111
6490,0.0109
6491,0.011
6492,0.011
6493,0.0108
6494,0.0107
6495,0.0108
6496,0.0107
6497,0.0108
6498,0.0
6499,0.0107
6500,0.0108
6501,0.0106
6502,0.0106
6503,0.0105
6504,0.0105
6505,0.0105
6506,0.0106
6507,0.0107
6508,0.0106
6509,0.0106
6510,0.0105
6511,0.0106
6512,0.0106
6513,0.0105
6514,0.0
6515,0.0
6516,0.0
6517,0.0
6518,0.0106
6519,0.0106
6520,0.0105
6521,0.0104
6522,0.0105
6523,0.0105
6524,0.0105
6525,0.0104
6526,0.0104
6527,0.0105
6528,0.0103
6529,0.0103
6530,0.0105
6531,0.0
6532,0.0103
6533,0.0104
6534,0.0103
6535,0.0104
6536,0.0103
6537,0.0
6538,0.0
6539,0.0104
6540,0.0103
6541,0.0
6542,0.0105
6543,0.0106
6544,0.0104
6545,0.0105
6546,0.0
6547,0.0106
6548,0.0
6549,0.0105
6550,0.0106
6551,0.0105
6552,0.0106
6553,0.0105
6554,0.0107
6555,0.0
6556,0.0
6557,0.0106
6558,0.0107
6559,0.0108
6560,0.0
6561,0.011
6562,0.0111
6563,0.0111
6564,0.0109
6565,0.011
6566,0.011
6567,0.0109
6568,0.011
6569,0.0
6570,0.0111
6571,0.0109
6572,0.0
6573,0.0111
6574,0.011
6575,0.0109
6576,0.011
6577,0.0105
6578,0.0111
6579,0.0112
6580,0.0113
6581,0.0112
6582,0.0111
6583,0.0112
6584,0.0113
6585,0.0116
6586,0.0112
6587,0.0112
6588,0.0114
6589,0.0112
6590,0.0113
6591,0.0115
6592,0.0115
6593,0.0116
6594,0.0116
6595,0.0114
6596,0.0116
6597,0.0117
6598,0.0115
6599,0.0117
6600,0.0118
6601,0.0118
6602,0.0117
6603,0.0116
6604,0.0114
6605,0.0117
6606,0.0115
6607,0.0113
6608,0.0116
6609,0.0113
6610,0.0114
6611,0.0111
6612,0.0115
6613,0.0114
6614,0.0
6615,0.0114
6616,0.0114
6617,0.0113
6618,0.0112
6619,0.0111
6620,0.011
6621,0.0112
6622,0.0
6623,0.0111
6624,0.0
6625,0.011
6626,0.011
6627,0.0108
6628,0.0
6629,0.0
6630,0.0105
6631,0.0106
6632,0.0
6633,0.0105
6634,0.0104
6635,0.0105
6636,0.0104
6637,0.0103
6638,0.0104
6639,0.0105
6640,0.0104
6641,0.0
6642,0.0106
6643,0.0105
6644,0.0104
6645,0.0105
6646,0.0
6647,0.0103
6648,0.0
6649,0.0103
6650,0.0
6651,0.0102
6652,0.0103
6653,0.0
6654,0.0103
6655,0.0102
6656,0.0103
6657,0.0103
6658,0.0102
6659,0.01
6660,0.0103
6661,0.0101
6662,0.0102
6663,0.0103
6664,0.0101
6665,0.0102
6666,0.0102
6667,0.0
6668,0.0
6669,0.0
6670,0.0102
6671,0.01
6672,0.0102
6673,0.0
6674,0.0
6675,0.0101
6676,0.0
6677,0.0
6678,0.0102
6679,0.0102
6680,0.0
6681,0.0101
6682,0.0102
6683,0.0101
6684,0.0101
6685,0.0101
6686,0.0102
6687,0.0
6688,0.0
6689,0.0
6690,0.0
6691,0.0
6692,0.0103
6693,0.0
6694,0.0102
6695,0.0102
6696,0.0102
6697,0.0104
6698,0.0105
6699,0.0105
6700,0.0106
6701,0.0105
6702,0.0
6703,0.0107
6704,0.0
6705,0.0109
6706,0.0108
6707,0.0108
6708,0.0
6709,0.0109
6710,0.0109
6711,0.0
6712,0.011
6713,0.0111
6714,0.0112
6715,0.0111
6716,0.0111
6717,0.0111
6718,0.0113
6719,0.011
6720,0.0111
6721,0.0111
6722,0.0112
6723,0.0114
6724,0.0112
6725,0.0112
6726,0.0113
6727,0.0111
6728,0.0112
6729,0.0112
6730,0.011
6731,0.0111
6732,0.0112
6733,0.0112
6734,0.0114
6735,0.0113
6736,0.0107
6737,0.0112
6738,0.011
6739,0.0111
6740,0.0111
6741,0.011
6742,0.0111
6743,0.0111
6744,0.0112
6745,0.0113
6746,0.0114
6747,0.0113
6748,0.0113
6749,0.0114
6750,0.0113
6751,0.0114
6752,0.0114
6753,0.0111
6754,0.0111
6755,0.0112
6756,0.0
6757,0.0112
6758,0.0113
6759,0.0
6760,0.0111
6761,0.0
6762,0.0111
6763,0.011
6764,0.0109
6765,0.0109
6766,0.0109
6767,0.0108
6768,0.0107
6769,0.0106
6770,0.0
6771,0.0106
6772,0.0
6773,0.0
6774,0.0
6775,0.0103
6776,0.0104
6777,0.0103
6778,0.0
6779,0.0102
6780,0.0103
6781,0.0103
6782,0.0
6783,0.0
6784,0.0103
6785,0.0
6786,0.0
6787,0.0102
6788,0.0103
6789,0.0103
6790,0.0104
6791,0.0103
6792,0.0
6793,0.0
6794,0.0104
6795,0.0103
6796,0.0103
6797,0.0
6798,0.0105
6799,0.0104
6800,0.0105
6801,0.0106
6802,0.0105
6803,0.0105
6804,0.0
6805,0.0106
6806,0.0105
6807,0.0
6808,0.0
6809,0.0
6810,0.0106
6811,0.0
6812,0.0107
6813,0.0105
6814,0.0106
6815,0.0
6816,0.0
6817,0.0
6818,0.0106
6819,0.0105
6820,0.0106
6821,0.0106
6822,0.0
6823,0.0105
6824,0.0107
6825,0.0107
6826,0.0107
6827,0.0107
6828,0.0
6829,0.0
6830,0.0105
6831,0.0107
6832,0.0108
6833,0.0107
6834,0.0106
6835,0.0105
6836,0.0105
6837,0.0
6838,0.0
6839,0.0
6840,0.0105
6841,0.0106
6842,0.0106
6843,0.0106
6844,0.0
6845,0.0106
6846,0.0105
6847,0.0106
6848,0.0106
6849,0.0106
6850,0.0106
6851,0.0105
6852,0.0
6853,0.0105
6854,0.0
6855,0.0106
6856,0.0
6857,0.0104
6858,0.0105
6859,0.0105
6860,0.0104
6861,0.0
6862,0.0
6863,0.0
6864,0.0
6865,0.0105
6866,0.0103
6867,0.0101
6868,0.0
6869,0.0
6870,0.0102
6871,0.0103
6872,0.0
6873,0.0103
6874,0.0103
6875,0.0
6876,0.0102
6877,0.0101
6878,0.0099
6879,0.0
6880,0.0
6881,0.0
6882,0.0099
6883,0.01
6884,0.0
6885,0.0099
6886,0.01
6887,0.0
6888,0.0099
6889,0.0099
6890,0.0099
6891,0.0
6892,0.0
6893,0.0
6894,0.0
6895,0.0
6896,0.0
6897,0.0
6898,0.0
6899,0.0099
6900,0.0099
6901,0.01
6902,0.01
6903,0.0
6904,0.0099
6905,0.0099
6906,0.0
6907,0.0
6908,0.0
6909,0.0
6910,0.0
6911,0.0
6912,0.0
6913,0.0
6914,0.0
6915,0.0
6916,0.0
6917,0.0
6918,0.0
6919,0.0
6920,0.0
6921,0.0
6922,0.0
6923,0.0
6924,0.0
6925,0.01
6926,0.0099
6927,0.0
6928,0.0
6929,0.0
6930,0.0
6931,0.0
6932,0.0
6933,0.0
6934,0.0
6935,0.0098
6936,0.0
6937,0.0
6938,0.0
6939,0.0
6940,0.0
6941,0.0
6942,0.0
6943,0.0
6944,0.0
6945,0.0
6946,0.0098
6947,0.0
6948,0.0
6949,0.0099
6950,0.0099
6951,0.0
6952,0.0098
6953,0.0
6954,0.0
6955,0.0
6956,0.0099
6957,0.0098
6958,0.0099
6959,0.0098
6960,0.0
6961,0.0
6962,0.0
6963,0.0
6964,0.0
6965,0.0
6966,0.0
6967,0.0
6968,0.0
6969,0.0
6970,0.0097
6971,0.0
6972,0.0
6973,0.0097
6974,0.0
6975,0.0
6976,0.0
6977,0.0
6978,0.0
6979,0.0
6980,0.0
6981,0.0
6982,0.0097
6983,0.0
6984,0.0097
6985,0.0
6986,0.0
6987,0.0
6988,0.0
6989,0.0
6990,0.0
6991,0.0
6992,0.0
6993,0.0
6994,0.0099
6995,0.0
6996,0.0
6997,0.0
6998,0.0
6999,0.0
7000,0.0
7001,0.0
7002,0.0
7003,0.0
7004,0.0
7005,0.0
7006,0.0
7007,0.0
7008,0.0
7009,0.0
7010,0.0
7011,0.0
7012,0.0
7013,0.0
7014,0.0
7015,0.0
7016,0.0
7017,0.0099
7018,0.0
7019,0.0099
7020,0.0098
7021,0.0099
7022,0.0
7023,0.0098
7024,0.0
7025,0.0099
7026,0.0098
7027,0.0098
7028,0.0099
7029,0.0098
7030,0.0098
7031,0.0098
7032,0.0099
7033,0.0
7034,0.0
7035,0.0099
7036,0.0098
7037,0.0
7038,0.0
7039,0.0099
7040,0.0099
7041,0.0097
7042,0.0
7043,0.0
7044,0.0
7045,0.0
7046,0.0
7047,0.0
7048,0.0
7049,0.0
7050,0.0
7051,0.0
7052,0.0
7053,0.0099
7054,0.0099
7055,0.0
7056,0.0
7057,0.0
7058,0.0
7059,0.0
7060,0.0
7061,0.0
7062,0.0
7063,0.0099
7064,0.0099
7065,0.0
7066,0.0099
7067,0.0099
7068,0.0099
7069,0.0099
7070,0.0
7071,0.0
7072,0.0099
7073,0.0
7074,0.0099
7075,0.0098
7076,0.0
7077,0.0
7078,0.0
7079,0.0
7080,0.0
7081,0.0
7082,0.0
7083,0.0
7084,0.0
7085,0.0
7086,0.0
7087,0.0
7088,0.0
7089,0.0
7090,0.0
7091,0.0
7092,0.0
7093,0.0099
7094,0.0099
7095,0.0098
7096,0.0
7097,0.0
7098,0.0
7099,0.0
7100,0.0
7101,0.0
7102,0.0099
7103,0.0
7104,0.0
7105,0.0099
7106,0.0
7107,0.0
7108,0.0
7109,0.0
7110,0.0
7111,0.0
7112,0.0
7113,0.0098
7114,0.0
7115,0.0
7116,0.0
7117,0.0
7118,0.0099
7119,0.0099
7120,0.0
7121,0.0
7122,0.0098
7123,0.0099
7124,0.0098
7125,0.0
7126,0.0
7127,0.0099
7128,0.0098
7129,0.0098
7130,0.0101
7131,0.0
7132,0.0102
7133,0.0
7134,0.0103
7135,0.0103
7136,0.0104
7137,0.0
7138,0.0
7139,0.0106
7140,0.0104
7141,0.0105
7142,0.0
7143,0.0106
7144,0.0
7145,0.0107
7146,0.0
7147,0.0108
7148,0.0
7149,0.0109
7150,0.0108
7151,0.0109
7152,0.0108
7153,0.0
7154,0.0108
7155,0.011
7156,0.0
7157,0.0108
7158,0.0
7159,0.0
7160,0.0
7161,0.0108
7162,0.0108
7163,0.0109
7164,0.0108
7165,0.0109
7166,0.0105
7167,0.0109
7168,0.0
7169,0.011
7170,0.011
7171,0.011
7172,0.0111
7173,0.011
7174,0.0111
7175,0.0111
7176,0.0109
7177,0.0111
7178,0.0111
7179,0.011
7180,0.0111
7181,0.0109
7182,0.011
7183,0.0111
7184,0.011
7185,0.0112
7186,0.0111
7187,0.0111
7188,0.011
7189,0.0109
7190,0.011
7191,0.0109
7192,0.0108
7193,0.0107
7194,0.0108
7195,0.0109
7196,0.0107
7197,0.0108
7198,0.0107
7199,0.0108
7200,0.0107
7201,0.0106
7202,0.0104
7203,0.0103
7204,0.0
7205,0.0104
7206,0.0104
7207,0.0102
7208,0.0103
7209,0.0102
7210,0.0103
7211,0.0102
7212,0.0
7213,0.0
7214,0.0
7215,0.0101
7216,0.0102
7217,0.0101
7218,0.01
7219,0.0101
7220,0.01
7221,0.0101
7222,0.0
7223,0.0
7224,0.0101
7225,0.01
7226,0.0
7227,0.0
7228,0.0
7229,0.0
7230,0.0
7231,0.0
7232,0.0
7233,0.0
7234,0.0
7235,0.0
7236,0.0101
7237,0.01
7238,0.0
7239,0.0
7240,0.0
7241,0.0099
7242,0.0
7243,0.0
7244,0.0
7245,0.0
7246,0.0099
7247,0.01
7248,0.0
7249,0.01
7250,0.01
7251,0.0
7252,0.0
7253,0.0099
7254,0.0
7255,0.0
7256,0.0
7257,0.0099
7258,0.01
7259,0.0
7260,0.0
7261,0.0
7262,0.0
7263,0.0101
7264,0.01
7265,0.0
7266,0.0
7267,0.0101
7268,0.0
7269,0.0102
7270,0.0102
7271,0.0
7272,0.0
7273,0.0102
7274,0.0104
7275,0.0
7276,0.0
7277,0.0
7278,0.0103
7279,0.0105
7280,0.0106
7281,0.0106
7282,0.0105
7283,0.0105
7284,0.0
7285,0.0107
7286,0.0
7287,0.0108
7288,0.0107
7289,0.0
7290,0.0
7291,0.0
7292,0.0
7293,0.0108
7294,0.0108
7295,0.0108
7296,0.0108
7297,0.0109
7298,0.0
7299,0.0
7300,0.0109
7301,0.0108
7302,0.0109
7303,0.0108
7304,0.0108
7305,0.0108
7306,0.0107
7307,0.0108
7308,0.0107
7309,0.0
7310,0.0107
7311,0.0109
7312,0.0
7313,0.0107
7314,0.0108
7315,0.0108
7316,0.0109
7317,0.0109
7318,0.011
7319,0.0111
7320,0.0
7321,0.0111
7322,0.011
7323,0.011
7324,0.0111
7325,0.011
7326,0.011
7327,0.0
7328,0.0108
7329,0.011
7330,0.0
7331,0.0
7332,0.0112
7333,0.0
7334,0.011
7335,0.0109
7336,0.0109
7337,0.0
7338,0.0109
7339,0.0111
7340,0.0112
7341,0.0
7342,0.0114
7343,0.0113
7344,0.0114
7345,0.0113
7346,0.0111
7347,0.0107
7348,0.0
7349,0.0109
7350,0.0108
7351,0.0109
7352,0.0109
7353,0.0107
7354,0.0108
7355,0.0108
7356,0.0107
7357,0.0106
7358,0.0105
7359,0.0104
7360,0.0
7361,0.0103
7362,0.0104
7363,0.0102
7364,0.0103
7365,0.0102
7366,0.0102
7367,0.0
7368,0.0103
7369,0.0102
7370,0.0103
7371,0.0103
7372,0.0102
7373,0.0
7374,0.0
7375,0.0103
7376,0.0101
7377,0.0
7378,0.0102
7379,0.0101
7380,0.0101
7381,0.0102
7382,0.0
7383,0.0102
7384,0.01
7385,0.01
7386,0.0101
7387,0.01
7388,0.01
7389,0.0102
7390,0.0102
7391,0.0
7392,0.0102
7393,0.0102
7394,0.0101
7395,0.0102
7396,0.0103
7397,0.0104
7398,0.0102
7399,0.0102
7400,0.0103
7401,0.0
7402,0.0103
7403,0.0102
7404,0.0103
7405,0.0
7406,0.0104
7407,0.0103
7408,0.0103
7409,0.0
7410,0.0
7411,0.0104
7412,0.0103
7413,0.0103
7414,0.0
7415,0.0
7416,0.0
7417,0.0104
7418,0.0106
7419,0.0106
7420,0.0107
7421,0.0107
7422,0.0
7423,0.0108
7424,0.0111
7425,0.0108
7426,0.0109
7427,0.0108
7428,0.011
7429,0.011
7430,0.0109
7431,0.0109
7432,0.011
7433,0.011
7434,0.0109
7435,0.0
7436,0.011
7437,0.0111
7438,0.0112
7439,0.0113
7440,0.011
7441,0.0111
7442,0.0113
7443,0.0111
7444,0.0
7445,0.0
7446,0.0112
7447,0.0111
7448,0.011
7449,0.0
7450,0.0111
7451,0.011
7452,0.0111
7453,0.0111
7454,0.0113
7455,0.0113
7456,0.0112
7457,0.0112
7458,0.0112
7459,0.0112
7460,0.0112
7461,0.0112
7462,0.0113
7463,0.0112
7464,0.0114
7465,0.0111
7466,0.0112
7467,0.0
7468,0.0113
7469,0.0113
7470,0.0114
7471,0.0111
7472,0.0112
7473,0.0111
7474,0.0
7475,0.0
7476,0.0
7477,0.011
7478,0.0111
7479,0.011
7480,0.0
7481,0.0112
7482,0.0111
7483,0.0109
7484,0.0108
7485,0.0
7486,0.011
7487,0.0111
7488,0.011
7489,0.0109
7490,0.0107
7491,0.0106
7492,0.0107
7493,0.0
7494,0.0106
7495,0.0103
7496,0.0
7497,0.0102
7498,0.0103
7499,0.0102
7500,0.0103
7501,0.0
7502,0.0108
7503,0.0113
7504,0.012
7505,0.0095
7506,0.0188
7507,0.0
7508,0.0
7509,0.0
7510,0.0
7511,0.0
7512,0.0
7513,0.0
7514,0.0
7515,0.0
7516,0.0
7517,0.0
7518,0.0
7519,0.0093
7520,0.0
7521,0.0
7522,0.0089
7523,0.0
7524,0.009
7525,0.0089
7526,0.009
7527,0.0
7528,0.0
7529,0.009
7530,0.0091
7531,0.0092
7532,0.0093
7533,0.0
7534,0.0095
7535,0.0096
7536,0.0096
7537,0.01
7538,0.0101
7539,0.0
7540,0.0101
7541,0.0
7542,0.0103
7543,0.0102
7544,0.0102
7545,0.0
7546,0.0
7547,0.0101
7548,0.0
7549,0.0095
7550,0.0
7551,0.0095
7552,0.0094
7553,0.0093
7554,0.0
7555,0.0092
7556,0.0
7557,0.0091
7558,0.0
7559,0.009
7560,0.0
7561,0.0
7562,0.009
7563,0.0092
7564,0.0
7565,0.0093
7566,0.0093
7567,0.0093
7568,0.0
7569,0.0
7570,0.0
7571,0.0
7572,0.0094
7573,0.0093
7574,0.0091
7575,0.0
7576,0.0
7577,0.0092
7578,0.0
7579,0.0
7580,0.0
7581,0.0
7582,0.0
7583,0.0
7584,0.0093
7585,0.0096
7586,0.0095
7587,0.0
7588,0.0
7589,0.0094
7590,0.0095
7591,0.0
7592,0.0096
7593,0.0097
7594,0.0101
7595,0.0108
7596,0.0114
7597,0.0101
7598,0.01
7599,0.0101
7600,0.0102
7601,0.0103
7602,0.0101
7603,0.0099
7604,0.0102
7605,0.0102
7606,0.01
7607,0.0101
7608,0.0099
7609,0.01
7610,0.0
7611,0.0099
7612,0.0097
7613,0.0
7614,0.0
7615,0.0099
7616,0.0101
7617,0.0
7618,0.0101
7619,0.0102
7620,0.0101
7621,0.0099
7622,0.0098
7623,0.0095
7624,0.0
7625,0.0
7626,0.0
7627,0.0094
7628,0.0
7629,0.0094
7630,0.0093
7631,0.0
7632,0.0
7633,0.0092
7634,0.0093
7635,0.0093
7636,0.0093
7637,0.0092
7638,0.0
7639,0.0093
7640,0.0091
7641,0.0093
7642,0.0
7643,0.0
7644,0.0
7645,0.0
7646,0.0
7647,0.0
7648,0.0
7649,0.0
7650,0.0
7651,0.0
7652,0.0
7653,0.0093
7654,0.0094
7655,0.0095
7656,0.0
7657,0.0
7658,0.0
7659,0.0
7660,0.0
7661,0.0096
7662,0.0093
7663,0.0092
7664,0.0
7665,0.0
7666,0.0
7667,0.0092
7668,0.0093
7669,0.0093
7670,0.0093
7671,0.0092
7672,0.0093
7673,0.0
7674,0.0092
7675,0.0
7676,0.0
7677,0.0091
7678,0.0092
7679,0.0
7680,0.0092
7681,0.0091
7682,0.0092
7683,0.0
7684,0.0
7685,0.0
7686,0.0
7687,0.0
7688,0.0
7689,0.0093
7690,0.0093
7691,0.0092
7692,0.0
7693,0.0093
7694,0.0093
7695,0.0
7696,0.0
7697,0.0093
7698,0.0
7699,0.0
7700,0.0
7701,0.0
7702,0.0
7703,0.0
7704,0.0
7705,0.0094
7706,0.0
7707,0.0
7708,0.0
7709,0.0
7710,0.0
7711,0.0095
7712,0.0
7713,0.0
7714,0.0
7715,0.0
7716,0.0096
7717,0.0096
7718,0.0
7719,0.0
7720,0.0
7721,0.0
7722,0.0095
7723,0.0
7724,0.0097
7725,0.0
7726,0.0098
7727,0.0097
7728,0.0098
7729,0.0
7730,0.0
7731,0.0098
7732,0.0
7733,0.0097
7734,0.0099
7735,0.0098
7736,0.0
7737,0.0
7738,0.0099
7739,0.0098
7740,0.0098
7741,0.0
7742,0.0
7743,0.0
7744,0.01
7745,0.0099
7746,0.01
7747,0.0097
7748,0.01
7749,0.01
7750,0.01
7751,0.0101
7752,0.0102
7753,0.0101
7754,0.0
7755,0.01
7756,0.0
7757,0.0099
7758,0.0
7759,0.0
7760,0.0
7761,0.0
7762,0.0
7763,0.0
7764,0.0101
7765,0.01
7766,0.0101
7767,0.0
7768,0.0
7769,0.0101
7770,0.01
7771,0.0099
7772,0.01
7773,0.0099
7774,0.0
7775,0.0
7776,0.0
7777,0.0098
7778,0.0097
7779,0.0096
7780,0.0098
7781,0.0
7782,0.0
7783,0.0
7784,0.0096
7785,0.0
7786,0.0097
7787,0.0096
7788,0.0096
7789,0.0
7790,0.0
7791,0.0095
7792,0.0096
7793,0.0095
7794,0.0
7795,0.0
7796,0.0
7797,0.0
7798,0.0097
7799,0.0096
7800,0.0
7801,0.0
7802,0.0097
7803,0.0
7804,0.0
7805,0.0
7806,0.0
7807,0.0097
7808,0.0
7809,0.0
7810,0.0
7811,0.0097
7812,0.0097
7813,0.0
7814,0.0
7815,0.0
7816,0.0
7817,0.0
7818,0.0
7819,0.0
7820,0.0
7821,0.0
7822,0.0
7823,0.0
7824,0.0096
7825,0.0097
7826,0.0096
7827,0.0097
7828,0.0097
7829,0.0097
7830,0.0096
7831,0.0097
7832,0.0096
7833,0.0096
7834,0.0097
7835,0.0097
7836,0.0096
7837,0.0
7838,0.0
7839,0.0
7840,0.0
7841,0.0
7842,0.0
7843,0.0
7844,0.0
7845,0.0
7846,0.0
7847,0.0
7848,0.0
7849,0.0
7850,0.0
7851,0.0
7852,0.0
7853,0.0
7854,0.0
7855,0.0
7856,0.0
7857,0.0
7858,0.0
7859,0.0
7860,0.0
7861,0.0
7862,0.0097
7863,0.0
7864,0.0097
7865,0.0
7866,0.0
7867,0.0094
7868,0.0095
7869,0.0
7870,0.0
7871,0.0
7872,0.0
7873,0.0
7874,0.0
7875,0.0095
7876,0.0
7877,0.0094
7878,0.0
7879,0.0
7880,0.0
7881,0.0
7882,0.0
7883,0.0
7884,0.0
7885,0.0
7886,0.0
7887,0.0
7888,0.0
7889,0.0
7890,0.0
7891,0.0
7892,0.0
7893,0.0
7894,0.0
7895,0.0
7896,0.0
7897,0.0
7898,0.0
7899,0.0
7900,0.0
7901,0.0
7902,0.0
7903,0.0
7904,0.0
7905,0.0
7906,0.0093
7907,0.0093
7908,0.0094
7909,0.0092
7910,0.0093
7911,0.0
7912,0.0
7913,0.0
7914,0.0
7915,0.0
7916,0.0
7917,0.0
7918,0.0
7919,0.0
7920,0.0
7921,0.0
7922,0.0
7923,0.0
7924,0.0
7925,0.0
7926,0.0
7927,0.0
7928,0.0
7929,0.0094
7930,0.0
7931,0.0094
7932,0.0094
7933,0.0094
7934,0.0093
7935,0.0
7936,0.0
7937,0.0093
7938,0.0
7939,0.0094
7940,0.0
7941,0.0093
7942,0.0
7943,0.0094
7944,0.0093
7945,0.0
7946,0.0
7947,0.0
7948,0.0
7949,0.0
7950,0.0
7951,0.0
7952,0.0
7953,0.0
7954,0.0
7955,0.0
7956,0.0
7957,0.0
7958,0.0
7959,0.0
7960,0.0
7961,0.0
7962,0.0
7963,0.0
7964,0.0
7965,0.0
7966,0.0
7967,0.0
7968,0.0
7969,0.0
7970,0.0
7971,0.0
7972,0.0
7973,0.0
7974,0.0
7975,0.0
7976,0.0
7977,0.0
7978,0.0
7979,0.0
7980,0.0
7981,0.0
7982,0.0094
7983,0.0095
7984,0.0096
7985,0.0096
7986,0.0097
7987,0.0
7988,0.0
7989,0.0
7990,0.0096
7991,0.0096
7992,0.0097
7993,0.0097
7994,0.0
7995,0.0097
7996,0.0
7997,0.0096
7998,0.0096
7999,0.0
8000,0.0097
8001,0.0097
8002,0.0
8003,0.0096
8004,0.0097
8005,0.0095
8006,0.0094
8007,0.0093
8008,0.0
8009,0.0
8010,0.0
8011,0.0092
8012,0.0093
8013,0.0
8014,0.0
8015,0.0
8016,0.0
8017,0.0
8018,0.0
8019,0.0
8020,0.0
8021,0.0092
8022,0.0092
8023,0.0093
8024,0.0
8025,0.0
8026,0.0
8027,0.0
8028,0.0
8029,0.0
8030,0.0
8031,0.0
8032,0.0
8033,0.0
8034,0.0
8035,0.0
8036,0.0
8037,0.0
8038,0.0092
8039,0.0093
8040,0.0093
8041,0.0
8042,0.0
8043,0.0
8044,0.0
8045,0.0
8046,0.0
8047,0.0
8048,0.0
8049,0.0092
8050,0.0
8051,0.0
8052,0.0
8053,0.0
8054,0.0
8055,0.0
8056,0.0
8057,0.0
8058,0.0
8059,0.0094
8060,0.0
8061,0.0
8062,0.0
8063,0.0
8064,0.0
8065,0.0
8066,0.0
8067,0.0
8068,0.0
8069,0.0
8070,0.0
8071,0.0095
8072,0.0094
8073,0.0
8074,0.0
8075,0.0096
8076,0.0
8077,0.0
8078,0.0
8079,0.0
8080,0.0
8081,0.0
8082,0.0
8083,0.0
8084,0.0
8085,0.0
8086,0.0094
8087,0.0
8088,0.0
8089,0.0
8090,0.0
8091,0.0
8092,0.0
8093,0.0
8094,0.0
8095,0.0094
8096,0.0095
8097,0.0
8098,0.0
8099,0.0
8100,0.0
8101,0.0
8102,0.0
8103,0.0
8104,0.0
8105,0.0
8106,0.0096
8107,0.0
8108,0.0
8109,0.0097
8110,0.0096
8111,0.0
8112,0.0
8113,0.0
8114,0.0
8115,0.0
8116,0.0
8117,0.0
8118,0.0095
8119,0.0096
8120,0.0095
8121,0.0095
8122,0.0096
8123,0.0095
8124,0.0096
8125,0.0096
8126,0.0
8127,0.0
8128,0.0
8129,0.0095
8130,0.0095
8131,0.0096
8132,0.0096
8133,0.0
8134,0.0
8135,0.0
8136,0.0
8137,0.0097
8138,0.0
8139,0.0099
8140,0.01
8141,0.0
8142,0.0
8143,0.01
8144,0.0
8145,0.0
8146,0.0101
8147,0.0
8148,0.0
8149,0.0102
8150,0.0101
8151,0.0
8152,0.0
8153,0.0
8154,0.0102
8155,0.0102
8156,0.0101
8157,0.0102
8158,0.0103
8159,0.0103
8160,0.0103
8161,0.0105
8162,0.0112
8163,0.0117
8164,0.0
8165,0.0
8166,0.0
8167,0.0118
8168,0.0113
8169,0.0109
8170,0.0106
8171,0.0105
8172,0.0108
8173,0.0108
8174,0.0
8175,0.0108
8176,0.0108
8177,0.0107
8178,0.0107
8179,0.0102
8180,0.0104
8181,0.0102
8182,0.0104
8183,0.0114
8184,0.0122
8185,0.0129
8186,0.0145
8187,0.0142
8188,0.0148
8189,0.0131
8190,0.0115
8191,0.0111
8192,0.0112
8193,0.0111
8194,0.0102
8195,0.0103
8196,0.0102
8197,0.0106
8198,0.0109
8199,0.0112
8200,0.0114
8201,0.0113
8202,0.0113
8203,0.0116
8204,0.0114
8205,0.0114
8206,0.0101
8207,0.0102
8208,0.0
8209,0.0101
8210,0.0
8211,0.0
8212,0.0
8213,0.0
8214,0.0
8215,0.0
8216,0.0
8217,0.0099
8218,0.01
8219,0.0
8220,0.0
8221,0.0098
8222,0.0098
8223,0.0098
8224,0.01
8225,0.0097
8226,0.0
8227,0.0101
8228,0.0102
8229,0.0102
8230,0.0
8231,0.0102
8232,0.0101
8233,0.0101
8234,0.0
8235,0.0105
8236,0.0101
8237,0.0097
8238,0.0
8239,0.0
8240,0.0
8241,0.0098
8242,0.0
8243,0.0
8244,0.0
8245,0.0
8246,0.0
8247,0.0096
8248,0.0096
8249,0.0
8250,0.0097
8251,0.0
8252,0.0097
8253,0.0097
8254,0.0097
8255,0.0
8256,0.0
8257,0.0
8258,0.0
8259,0.0
8260,0.0
8261,0.0097
8262,0.0096
8263,0.0096
8264,0.0097
8265,0.0
8266,0.0097
8267,0.0
8268,0.0
8269,0.0
8270,0.0096
8271,0.0
8272,0.0
8273,0.0
8274,0.0095
8275,0.0098
8276,0.0099
8277,0.0098
8278,0.0104
8279,0.011
8280,0.0111
8281,0.0112
8282,0.0112
8283,0.011
8284,0.0111
8285,0.0
8286,0.0
8287,0.0112
8288,0.0
8289,0.0113
8290,0.0112
8291,0.0114
8292,0.0115
8293,0.0115
8294,0.0116
8295,0.0108
8296,0.012
8297,0.0117
8298,0.0117
8299,0.012
8300,0.012
8301,0.0
8302,0.0
8303,0.0
8304,0.0
8305,0.0
8306,0.0121
8307,0.0123
8308,0.0123
8309,0.0122
8310,0.0122
8311,0.0116
8312,0.0118
8313,0.0122
8314,0.0121
8315,0.0124
8316,0.0121
8317,0.0121
8318,0.0121
8319,0.0115
8320,0.0117
8321,0.0116
8322,0.0116
8323,0.0118
8324,0.0119
8325,0.0117
8326,0.0118
8327,0.0118
8328,0.0119
8329,0.0118
8330,0.0117
8331,0.0128
8332,0.0129
8333,0.0128
8334,0.0128
8335,0.0126
8336,0.0098
8337,0.0097
8338,0.0099
8339,0.0098
8340,0.0099
8341,0.0099
8342,0.0097
8343,0.0097
8344,0.0098
8345,0.0099
8346,0.0099
8347,0.01
8348,0.0
8349,0.0098
8350,0.0098
8351,0.0099
8352,0.0098
8353,0.0099
8354,0.0
8355,0.0
8356,0.0096
8357,0.0097
8358,0.0097
8359,0.0
8360,0.0
8361,0.0095
8362,0.0096
8363,0.0096
8364,0.0
8365,0.0093
8366,0.0
8367,0.0
8368,0.0
8369,0.0
8370,0.0094
8371,0.0
8372,0.0
8373,0.0096
8374,0.0
8375,0.0
8376,0.0
8377,0.0
8378,0.0096
8379,0.0095
8380,0.0095
8381,0.0094
8382,0.0
8383,0.0
8384,0.0
8385,0.0
8386,0.0095
8387,0.0
8388,0.0
8389,0.0092
8390,0.0
8391,0.0
8392,0.0
8393,0.0
8394,0.0095
8395,0.0095
8396,0.0
8397,0.0
8398,0.0095
8399,0.0094
8400,0.0095
8401,0.0
8402,0.0
8403,0.0093
8404,0.0
8405,0.0096
8406,0.0
8407,0.0
8408,0.0
8409,0.0
8410,0.0
8411,0.0
8412,0.0
8413,0.0
8414,0.0
8415,0.0
8416,0.0
8417,0.0
8418,0.0
8419,0.0
8420,0.0
8421,0.0
8422,0.0
8423,0.0
8424,0.0
8425,0.0096
8426,0.0097
8427,0.0
8428,0.0
8429,0.0
8430,0.0098
8431,0.0
8432,0.0099
8433,0.0098
8434,0.0099
8435,0.0099
8436,0.0099
8437,0.0099
8438,0.0
8439,0.0
8440,0.0
8441,0.0098
8442,0.0099
8443,0.0098
8444,0.0
8445,0.0
8446,0.0
8447,0.0
8448,0.01
8449,0.01
8450,0.0
8451,0.0101
8452,0.01
8453,0.0101
8454,0.0101
8455,0.0
8456,0.01
8457,0.0101
8458,0.0
8459,0.0102
8460,0.0
8461,0.0
8462,0.0103
8463,0.0101
8464,0.0102
8465,0.0
8466,0.0103
8467,0.0104
8468,0.0104
8469,0.0105
8470,0.0104
8471,0.0104
8472,0.0105
8473,0.0
8474,0.0
8475,0.0103
8476,0.0102
8477,0.0103
8478,0.0
8479,0.0103
8480,0.0103
8481,0.0102
8482,0.0103
8483,0.0102
8484,0.0102
8485,0.0101
8486,0.0102
8487,0.0101
8488,0.0101
8489,0.0
8490,0.0101
8491,0.01
8492,0.0099
8493,0.01
8494,0.0097
8495,0.0
8496,0.0097
8497,0.0098
8498,0.01
8499,0.0099
8500,0.0099
8501,0.0
8502,0.0099
8503,0.0
8504,0.0098
8505,0.0
8506,0.0
8507,0.0
8508,0.0
8509,0.0096
8510,0.0096
8511,0.0097
8512,0.0096
8513,0.0097
8514,0.0096
8515,0.0
8516,0.0097
8517,0.0
8518,0.0
8519,0.0
8520,0.0095
8521,0.0094
8522,0.0
8523,0.0
8524,0.0095
8525,0.0094
8526,0.0094
8527,0.0095
8528,0.0
8529,0.0096
8530,0.0095
8531,0.0095
8532,0.0
8533,0.0096
8534,0.0096
8535,0.0096
8536,0.0
8537,0.0094
8538,0.0
8539,0.0095
8540,0.0096
8541,0.0097
8542,0.0098
8543,0.0099
8544,0.0
8545,0.0
8546,0.01
8547,0.0
8548,0.0098
8549,0.0097
8550,0.0095
8551,0.0
8552,0.0
8553,0.0
8554,0.0
8555,0.0
8556,0.0
8557,0.0096
8558,0.0096
8559,0.0096
8560,0.0096
8561,0.0096
8562,0.0096
8563,0.0095
8564,0.0096
8565,0.0
8566,0.0
8567,0.0096
8568,0.0
8569,0.0097
8570,0.0
8571,0.0
8572,0.0
8573,0.0
8574,0.0098
8575,0.0099
8576,0.0098
8577,0.0
8578,0.01
8579,0.01
8580,0.01
8581,0.01
8582,0.0
8583,0.0
8584,0.0101
8585,0.0
8586,0.0
8587,0.0098
8588,0.0102
8589,0.0102
8590,0.0103
8591,0.0107
8592,0.0108
8593,0.0114
8594,0.0115
8595,0.0113
8596,0.0116
8597,0.0115
8598,0.0116
8599,0.0114
8600,0.0118
8601,0.0116
8602,0.0116
8603,0.0119
8604,0.0117
8605,0.0116
8606,0.0114
8607,0.0113
8608,0.0109
8609,0.0102
8610,0.0102
8611,0.0101
8612,0.0
8613,0.0101
8614,0.0102
8615,0.0102
8616,0.0102
8617,0.0103
8618,0.0103
8619,0.0102
8620,0.0102
