0.2839,1
0.2953,2
0.2954,3
0.2955,3
0.2958,1
0.2959,1
0.2962,1
0.2963,1
0.2965,4
0.2967,2
0.2968,2
0.2969,2
0.297,4
0.2972,2
0.2973,2
0.2974,4
0.2975,5
0.2978,2
0.2979,2
0.298,2
0.2982,1
0.2983,2
0.2984,2
0.2987,1
0.2988,1
0.2989,1
0.299,2
0.2992,2
0.2993,2
0.2998,1
0.3001,2
0.3002,3
0.3003,1
0.3004,1
0.3005,2
0.3006,4
0.3007,2
0.3008,3
0.3009,2
0.301,2
0.3011,2
0.3012,3
0.3013,4
0.3015,1
0.302,2
0.3021,3
0.3022,6
0.3023,6
0.3024,5
0.3025,1
0.3026,3
0.3027,2
0.3028,3
0.3029,6
0.303,2
0.3031,3
0.3033,1
0.3034,2
0.3035,2
0.3036,1
0.3037,1
0.3038,3
0.3039,2
0.304,5
0.3041,4
0.3042,5
0.3043,7
0.3044,7
0.3045,6
0.3046,4
0.3047,7
0.3048,7
0.3049,6
0.305,7
0.3051,8
0.3052,5
0.3053,5
0.3054,2
0.3055,3
0.3056,4
0.3057,4
0.3058,3
0.3059,7
0.306,6
0.3061,4
0.3062,3
0.3063,6
0.3064,7
0.3065,5
0.3066,10
0.3068,3
0.3069,7
0.307,9
0.3071,15
0.3073,6
0.3074,6
0.3075,8
0.3076,11
0.3078,4
0.3079,1
0.308,5
0.3081,9
0.3083,3
0.3084,6
0.3085,4
0.3086,13
0.3088,5
0.3089,4
0.309,4
0.3091,9
0.3093,4
0.3094,7
0.3095,6
0.3096,8
0.3098,5
0.3099,7
0.31,3
0.3101,12
0.3103,1
0.3104,6
0.3105,6
0.3106,11
0.3108,6
0.3109,7
0.311,7
0.3111,11
0.3113,8
0.3114,11
0.3115,9
0.3116,14
0.3118,7
0.3119,7
0.312,3
0.3121,3
0.3122,4
0.3123,5
0.3124,2
0.3125,4
0.3126,5
0.3127,8
0.3128,8
0.3129,6
0.313,10
0.3131,9
0.3132,12
0.3133,12
0.3134,8
0.3135,12
0.3136,10
0.3137,20
0.3138,14
0.3139,8
0.314,11
0.3141,13
0.3142,12
0.3143,13
0.3144,13
0.3145,10
0.3146,8
0.3147,9
0.3148,8
0.3149,9
0.315,11
0.3151,8
0.3152,12
0.3153,14
0.3154,10
0.3155,11
0.3156,11
0.3157,6
0.3158,12
0.3159,9
0.316,7
0.3161,8
0.3162,10
0.3163,11
0.3164,14
0.3165,12
0.3166,7
0.3167,10
0.3168,13
0.3169,11
0.317,17
0.3171,20
0.3172,17
0.3173,19
0.3174,23
0.3175,28
0.3176,31
0.3177,15
0.3178,26
0.3179,21
0.318,22
0.3181,21
0.3182,13
0.3183,10
0.3184,21
0.3185,7
0.3186,18
0.3187,20
0.3189,11
0.319,9
0.3191,6
0.3192,16
0.3194,7
0.3195,7
0.3196,14
0.3197,19
0.3199,15
0.32,10
0.3201,11
0.3202,15
0.3204,14
0.3205,18
0.3206,15
0.3207,32
0.3209,13
0.321,16
0.3211,15
0.3212,23
0.3214,11
0.3215,13
0.3216,15
0.3217,33
0.3219,9
0.322,17
0.3221,17
0.3222,39
0.3224,17
0.3225,21
0.3226,9
0.3227,13
0.3229,14
0.323,14
0.3231,11
0.3232,29
0.3234,17
0.3235,11
0.3236,11
0.3237,19
0.3239,15
0.324,16
0.3241,13
0.3242,29
0.3244,12
0.3245,12
0.3246,16
0.3247,14
0.3248,11
0.3249,14
0.325,13
0.3251,8
0.3252,12
0.3253,12
0.3254,12
0.3255,12
0.3256,16
0.3257,11
0.3258,14
0.3259,11
0.326,10
0.3261,10
0.3262,12
0.3263,13
0.3264,15
0.3265,12
0.3266,14
0.3267,16
0.3268,9
0.3269,11
0.327,14
0.3271,13
0.3272,18
0.3273,17
0.3274,15
0.3275,10
0.3276,11
0.3277,13
0.3278,19
0.3279,24
0.328,19
0.3281,16
0.3282,12
0.3283,18
0.3284,23
0.3285,12
0.3286,11
0.3287,11
0.3288,11
0.3289,7
0.329,14
0.3291,8
0.3292,13
0.3293,12
0.3294,15
0.3295,8
0.3296,16
0.3297,13
0.3298,12
0.3299,19
0.33,16
0.3301,18
0.3302,27
0.3303,24
0.3304,15
0.3305,10
0.3306,11
0.3307,18
0.3308,14
0.3309,26
0.331,19
0.3311,28
0.3312,33
0.3313,33
0.3315,26
0.3316,21
0.3317,24
0.3318,61
0.332,22
0.3321,32
0.3322,27
0.3323,52
0.3325,28
0.3326,26
0.3327,24
0.3328,62
0.333,29
0.3331,34
0.3332,30
0.3333,56
0.3335,27
0.3336,35
0.3337,36
0.3338,72
0.334,33
0.3341,30
0.3342,30
0.3343,52
0.3345,28
0.3346,25
0.3347,24
0.3348,39
0.335,18
0.3351,22
0.3352,20
0.3353,47
0.3355,21
0.3356,24
0.3357,23
0.3358,48
0.336,20
0.3361,21
0.3362,28
0.3363,51
0.3365,26
0.3366,28
0.3367,26
0.3368,31
0.3369,31
0.337,27
0.3371,32
0.3372,34
0.3373,19
0.3374,24
0.3375,26
0.3376,25
0.3377,21
0.3378,21
0.3379,25
0.338,27
0.3381,22
0.3382,22
0.3383,18
0.3384,29
0.3385,25
0.3386,28
0.3387,18
0.3388,24
0.3389,24
0.339,31
0.3391,34
0.3392,31
0.3393,14
0.3394,21
0.3395,18
0.3396,25
0.3397,17
0.3398,21
0.3399,24
0.34,21
0.3401,22
0.3402,23
0.3403,27
0.3404,30
0.3405,24
0.3406,30
0.3407,27
0.3408,21
0.3409,23
0.341,24
0.3411,26
0.3412,28
0.3413,21
0.3414,22
0.3415,22
0.3416,20
0.3417,20
0.3418,31
0.3419,29
0.342,25
0.3421,27
0.3422,30
0.3423,29
0.3424,33
0.3425,27
0.3426,27
0.3427,44
0.3428,47
0.3429,44
0.343,25
0.3431,28
0.3432,27
0.3433,33
0.3434,38
0.3435,26
0.3436,32
0.3437,25
0.3438,37
0.3439,55
0.3441,25
0.3442,39
0.3443,30
0.3444,56
0.3446,33
0.3447,24
0.3448,20
0.3449,47
0.3451,23
0.3452,26
0.3453,31
0.3454,44
0.3456,27
0.3457,34
0.3458,25
0.3459,70
0.3461,25
0.3462,29
0.3463,18
0.3464,51
0.3466,28
0.3467,33
0.3468,27
0.3469,40
0.3471,27
0.3472,34
0.3473,29
0.3474,51
0.3476,27
0.3477,35
0.3478,42
0.3479,80
0.3481,33
0.3482,33
0.3483,30
0.3484,76
0.3486,37
0.3487,49
0.3488,33
0.3489,49
0.3491,37
0.3492,34
0.3493,45
0.3494,48
0.3495,47
0.3496,39
0.3497,37
0.3498,37
0.3499,48
0.35,35
0.3501,36
0.3502,28
0.3503,49
0.3504,44
0.3505,40
0.3506,36
0.3507,37
0.3508,36
0.3509,30
0.351,30
0.3511,37
0.3512,37
0.3513,29
0.3514,31
0.3515,45
0.3516,43
0.3517,46
0.3518,44
0.3519,31
0.352,30
0.3521,34
0.3522,36
0.3523,35
0.3524,38
0.3525,47
0.3526,38
0.3527,46
0.3528,47
0.3529,45
0.353,30
0.3531,40
0.3532,43
0.3533,34
0.3534,46
0.3535,33
0.3536,28
0.3537,33
0.3538,28
0.3539,38
0.354,28
0.3541,36
0.3542,25
0.3543,25
0.3544,32
0.3545,35
0.3546,31
0.3547,28
0.3548,27
0.3549,39
0.355,35
0.3551,47
0.3552,45
0.3553,46
0.3554,40
0.3555,30
0.3556,28
0.3557,43
0.3558,43
0.3559,51
0.356,41
0.3561,35
0.3562,42
0.3563,41
0.3564,30
0.3565,78
0.3567,32
0.3568,29
0.3569,38
0.357,73
0.3572,18
0.3573,38
0.3574,38
0.3575,80
0.3577,39
0.3578,36
0.3579,37
0.358,76
0.3582,36
0.3583,44
0.3584,31
0.3585,66
0.3587,33
0.3588,33
0.3589,29
0.359,69
0.3592,34
0.3593,20
0.3594,25
0.3595,72
0.3597,44
0.3598,40
0.3599,38
0.36,93
0.3602,45
0.3603,47
0.3604,37
0.3605,102
0.3607,54
0.3608,59
0.3609,50
0.361,104
0.3612,46
0.3613,54
0.3614,44
0.3615,101
0.3617,43
0.3618,36
0.3619,41
0.362,50
0.3621,58
0.3622,46
0.3623,43
0.3624,47
0.3625,39
0.3626,51
0.3627,47
0.3628,36
0.3629,45
0.363,35
0.3631,42
0.3632,45
0.3633,41
0.3634,42
0.3635,36
0.3636,46
0.3637,51
0.3638,39
0.3639,43
0.364,57
0.3641,50
0.3642,44
0.3643,41
0.3644,43
0.3645,43
0.3646,39
0.3647,50
0.3648,42
0.3649,42
0.365,42
0.3651,48
0.3652,52
0.3653,65
0.3654,45
0.3655,60
0.3656,52
0.3657,46
0.3658,42
0.3659,41
0.366,41
0.3661,47
0.3662,46
0.3663,65
0.3664,57
0.3665,61
0.3666,45
0.3667,49
0.3668,40
0.3669,40
0.367,54
0.3671,47
0.3672,47
0.3673,54
0.3674,37
0.3675,36
0.3676,45
0.3677,40
0.3678,49
0.3679,36
0.368,44
0.3681,39
0.3682,32
0.3683,29
0.3684,34
0.3685,40
0.3686,46
0.3687,37
0.3688,39
0.3689,53
0.369,46
0.3691,81
0.3693,41
0.3694,44
0.3695,36
0.3696,82
0.3698,44
0.3699,44
0.37,37
0.3701,76
0.3703,32
0.3704,29
0.3705,38
0.3706,76
0.3708,43
0.3709,51
0.371,45
0.3711,100
0.3713,39
0.3714,47
0.3715,46
0.3716,108
0.3718,62
0.3719,46
0.372,36
0.3721,77
0.3723,40
0.3724,28
0.3725,28
0.3726,76
0.3728,37
0.3729,30
0.373,34
0.3731,70
0.3733,30
0.3734,25
0.3735,31
0.3736,67
0.3738,24
0.3739,36
0.374,42
0.3741,84
0.3743,44
0.3744,47
0.3745,38
0.3746,39
0.3747,35
0.3748,34
0.3749,38
0.375,39
0.3751,39
0.3752,32
0.3753,37
0.3754,42
0.3755,49
0.3756,53
0.3757,56
0.3758,29
0.3759,28
0.376,36
0.3761,34
0.3762,55
0.3763,36
0.3764,43
0.3765,46
0.3766,55
0.3767,42
0.3768,40
0.3769,39
0.377,37
0.3771,48
0.3772,48
0.3773,43
0.3774,42
0.3775,37
0.3776,40
0.3777,36
0.3778,33
0.3779,37
0.378,42
0.3781,40
0.3782,48
0.3783,43
0.3784,37
0.3785,47
0.3786,49
0.3787,38
0.3788,43
0.3789,30
0.379,44
0.3791,43
0.3792,57
0.3793,40
0.3794,39
0.3795,31
0.3796,37
0.3797,43
0.3798,49
0.3799,40
0.38,52
0.3801,41
0.3802,48
0.3803,49
0.3804,46
0.3805,59
0.3806,46
0.3807,51
0.3808,34
0.3809,49
0.381,53
0.3811,47
0.3812,77
0.3814,46
0.3815,45
0.3816,45
0.3817,97
0.3819,35
0.382,42
0.3821,48
0.3822,85
0.3824,52
0.3825,41
0.3826,45
0.3827,82
0.3829,54
0.383,54
0.3831,52
0.3832,94
0.3834,54
0.3835,54
0.3836,63
0.3837,126
0.3839,57
0.384,69
0.3841,63
0.3842,134
0.3844,56
0.3845,66
0.3846,67
0.3847,104
0.3849,39
0.385,44
0.3851,42
0.3852,74
0.3854,43
0.3855,41
0.3856,39
0.3857,79
0.3859,44
0.386,44
0.3861,42
0.3862,98
0.3864,43
0.3865,56
0.3866,36
0.3867,95
0.3869,48
0.387,47
0.3871,34
0.3872,40
0.3873,40
0.3874,41
0.3875,30
0.3876,31
0.3877,35
0.3878,31
0.3879,44
0.388,35
0.3881,40
0.3882,34
0.3883,36
0.3884,47
0.3885,39
0.3886,30
0.3887,45
0.3888,50
0.3889,34
0.389,34
0.3891,37
0.3892,29
0.3893,31
0.3894,36
0.3895,32
0.3896,44
0.3897,55
0.3898,48
0.3899,41
0.39,32
0.3901,45
0.3902,44
0.3903,54
0.3904,49
0.3905,43
0.3906,40
0.3907,33
0.3908,39
0.3909,42
0.391,48
0.3911,38
0.3912,48
0.3913,44
0.3914,42
0.3915,45
0.3916,46
0.3917,53
0.3918,50
0.3919,37
0.392,38
0.3921,45
0.3922,44
0.3923,38
0.3924,43
0.3925,34
0.3926,35
0.3927,39
0.3928,40
0.3929,41
0.393,33
0.3931,42
0.3932,44
0.3933,37
0.3934,46
0.3935,50
0.3936,35
0.3937,39
0.3938,79
0.394,32
0.3941,44
0.3942,42
0.3943,77
0.3945,36
0.3946,45
0.3947,38
0.3948,74
0.395,34
0.3951,43
0.3952,44
0.3953,82
0.3955,41
0.3956,49
0.3957,35
0.3958,95
0.396,33
0.3961,32
0.3962,20
0.3963,61
0.3965,39
0.3966,42
0.3967,40
0.3968,64
0.397,46
0.3971,32
0.3972,41
0.3973,84
0.3975,38
0.3976,35
0.3977,51
0.3978,75
0.398,31
0.3981,41
0.3982,36
0.3983,74
0.3985,41
0.3986,37
0.3987,43
0.3988,76
0.399,49
0.3991,51
0.3992,38
0.3993,39
0.3994,40
0.3995,41
0.3996,44
0.3997,40
0.3998,31
0.3999,30
0.4,32
0.4001,39
0.4002,45
0.4003,30
0.4004,41
0.4005,35
0.4006,32
0.4007,33
0.4008,31
0.4009,52
0.401,34
0.4011,42
0.4012,40
0.4013,37
0.4014,39
0.4015,51
0.4016,36
0.4017,39
0.4018,45
0.4019,42
0.402,43
0.4021,41
0.4022,54
0.4023,37
0.4024,44
0.4025,34
0.4026,47
0.4027,46
0.4028,37
0.4029,50
0.403,42
0.4031,39
0.4032,35
0.4033,53
0.4034,47
0.4035,39
0.4036,44
0.4037,45
0.4038,48
0.4039,32
0.404,32
0.4041,39
0.4042,36
0.4043,28
0.4044,46
0.4045,28
0.4046,35
0.4047,34
0.4048,42
0.4049,32
0.405,40
0.4051,31
0.4052,31
0.4053,29
0.4054,31
0.4055,31
0.4056,22
0.4057,41
0.4058,35
0.4059,29
0.406,35
0.4061,26
0.4062,30
0.4063,31
0.4064,66
0.4066,31
0.4067,29
0.4068,40
0.4069,72
0.4071,36
0.4072,34
0.4073,48
0.4074,66
0.4076,37
0.4077,44
0.4078,41
0.4079,93
0.4081,37
0.4082,38
0.4083,37
0.4084,71
0.4086,31
0.4087,34
0.4088,50
0.4089,46
0.4091,25
0.4092,25
0.4093,30
0.4094,61
0.4096,37
0.4097,32
0.4098,29
0.4099,34
0.41,38
0.4101,39
0.4102,26
0.4103,37
0.4104,48
0.4105,48
0.4106,34
0.4107,28
0.4108,37
0.4109,34
0.411,21
0.4111,33
0.4112,42
0.4113,33
0.4114,32
0.4115,38
0.4116,46
0.4117,48
0.4118,27
0.4119,18
0.412,38
0.4121,37
0.4122,31
0.4123,26
0.4124,47
0.4125,33
0.4126,33
0.4127,37
0.4128,30
0.4129,28
0.413,31
0.4131,26
0.4132,32
0.4133,27
0.4134,33
0.4135,26
0.4136,36
0.4137,28
0.4138,34
0.4139,12
0.414,29
0.4141,36
0.4142,31
0.4143,25
0.4144,22
0.4145,27
0.4146,28
0.4147,25
0.4148,36
0.4149,32
0.415,29
0.4151,22
0.4152,41
0.4153,21
0.4154,21
0.4155,30
0.4156,33
0.4157,30
0.4158,27
0.4159,26
0.416,33
0.4161,29
0.4162,33
0.4163,27
0.4164,24
0.4165,30
0.4166,25
0.4167,24
0.4168,29
0.4169,33
0.417,23
0.4171,37
0.4172,29
0.4173,33
0.4174,40
0.4175,35
0.4176,26
0.4177,26
0.4178,24
0.4179,26
0.418,33
0.4181,27
0.4182,16
0.4183,38
0.4184,30
0.4185,27
0.4186,31
0.4187,24
0.4188,33
0.4189,37
0.419,24
0.4191,31
0.4192,30
0.4193,17
0.4194,28
0.4195,29
0.4196,31
0.4197,20
0.4198,22
0.4199,32
0.42,28
0.4201,27
0.4202,32
0.4203,22
0.4204,22
0.4205,21
0.4206,27
0.4207,23
0.4208,33
0.4209,27
0.421,21
0.4211,26
0.4212,34
0.4213,26
0.4214,22
0.4215,20
0.4216,32
0.4217,19
0.4218,19
0.4219,20
0.422,17
0.4221,13
0.4222,17
0.4223,21
0.4224,18
0.4225,22
0.4226,27
0.4227,26
0.4228,36
0.4229,24
0.423,20
0.4231,35
0.4232,22
0.4233,24
0.4234,27
0.4235,26
0.4236,31
0.4237,20
0.4238,33
0.4239,24
0.424,23
0.4241,37
0.4242,32
0.4243,27
0.4244,35
0.4245,41
0.4246,23
0.4247,22
0.4248,22
0.4249,26
0.425,24
0.4251,24
0.4252,27
0.4253,32
0.4254,25
0.4255,32
0.4256,25
0.4257,42
0.4258,30
0.4259,27
0.426,24
0.4261,28
0.4262,26
0.4263,30
0.4264,33
0.4265,26
0.4266,21
0.4267,26
0.4268,22
0.4269,26
0.427,28
0.4271,33
0.4272,29
0.4273,24
0.4274,26
0.4275,34
0.4276,26
0.4277,21
0.4278,27
0.4279,32
0.428,25
0.4281,21
0.4282,16
0.4283,20
0.4284,21
0.4285,17
0.4286,23
0.4287,23
0.4288,19
0.4289,23
0.429,20
0.4291,25
0.4292,20
0.4293,20
0.4294,23
0.4295,16
0.4296,30
0.4297,24
0.4298,15
0.4299,32
0.43,21
0.4301,18
0.4302,27
0.4303,24
0.4304,24
0.4305,25
0.4306,23
0.4307,14
0.4308,14
0.4309,19
0.431,24
0.4311,20
0.4312,24
0.4313,17
0.4314,18
0.4315,15
0.4316,19
0.4317,10
0.4318,15
0.4319,15
0.432,21
0.4321,21
0.4322,24
0.4323,23
0.4324,22
0.4325,26
0.4326,29
0.4327,23
0.4328,16
0.4329,22
0.433,22
0.4331,20
0.4332,15
0.4333,19
0.4334,11
0.4335,28
0.4336,18
0.4337,20
0.4338,25
0.4339,14
0.434,29
0.4341,24
0.4342,30
0.4343,24
0.4344,35
0.4345,20
0.4346,27
0.4347,25
0.4348,26
0.4349,29
0.435,24
0.4351,23
0.4352,18
0.4353,23
0.4354,34
0.4355,27
0.4356,30
0.4357,24
0.4358,24
0.4359,21
0.436,27
0.4361,15
0.4362,26
0.4363,19
0.4364,32
0.4365,15
0.4366,31
0.4367,23
0.4368,19
0.4369,22
0.437,19
0.4371,26
0.4372,22
0.4373,23
0.4374,24
0.4375,21
0.4376,24
0.4377,26
0.4378,23
0.4379,23
0.438,17
0.4381,23
0.4382,27
0.4383,27
0.4384,27
0.4385,27
0.4386,10
0.4387,26
0.4388,29
0.4389,19
0.439,21
0.4391,17
0.4392,16
0.4393,24
0.4394,27
0.4395,21
0.4396,18
0.4397,20
0.4398,20
0.4399,29
0.44,17
0.4401,19
0.4402,22
0.4403,20
0.4404,24
0.4405,29
0.4406,27
0.4407,25
0.4408,15
0.4409,27
0.441,12
0.4411,24
0.4412,13
0.4413,19
0.4414,19
0.4415,19
0.4416,16
0.4417,24
0.4418,13
0.4419,27
0.442,18
0.4421,20
0.4422,18
0.4423,18
0.4424,21
0.4425,14
0.4426,14
0.4427,21
0.4428,30
0.4429,18
0.443,20
0.4431,13
0.4432,21
0.4433,29
0.4434,17
0.4435,14
0.4436,15
0.4437,15
0.4438,12
0.4439,18
0.444,22
0.4441,22
0.4442,18
0.4443,16
0.4444,20
0.4445,11
0.4446,17
0.4447,15
0.4448,17
0.4449,12
0.445,9
0.4451,15
0.4452,21
0.4453,13
0.4454,13
0.4455,20
0.4456,18
0.4457,9
0.4458,15
0.4459,11
0.446,15
0.4461,19
0.4462,17
0.4463,18
0.4464,13
0.4465,19
0.4466,16
0.4467,18
0.4468,24
0.4469,15
0.447,19
0.4471,18
0.4472,16
0.4473,17
0.4474,17
0.4475,21
0.4476,9
0.4477,22
0.4478,16
0.4479,18
0.448,18
0.4481,20
0.4482,14
0.4483,22
0.4484,17
0.4485,10
0.4486,15
0.4487,14
0.4488,18
0.4489,21
0.449,21
0.4491,17
0.4492,17
0.4493,18
0.4494,21
0.4495,10
0.4496,20
0.4497,19
0.4498,17
0.4499,29
0.45,11
0.4501,6
0.4502,16
0.4503,18
0.4504,21
0.4505,23
0.4506,19
0.4507,21
0.4508,14
0.4509,16
0.451,18
0.4511,23
0.4512,12
0.4513,17
0.4514,21
0.4515,21
0.4516,21
0.4517,19
0.4518,18
0.4519,25
0.452,17
0.4521,17
0.4522,23
0.4523,20
0.4524,22
0.4525,20
0.4526,21
0.4527,20
0.4528,25
0.4529,12
0.453,21
0.4531,27
0.4532,25
0.4533,24
0.4534,16
0.4535,21
0.4536,25
0.4537,22
0.4538,14
0.4539,20
0.454,16
0.4541,20
0.4542,25
0.4543,17
0.4544,24
0.4545,22
0.4546,15
0.4547,22
0.4548,17
0.4549,22
0.455,21
0.4551,19
0.4552,24
0.4553,17
0.4554,14
0.4555,26
0.4556,13
0.4557,19
0.4558,16
0.4559,15
0.456,20
0.4561,18
0.4562,21
0.4563,22
0.4564,19
0.4565,18
0.4566,26
0.4567,24
0.4568,26
0.4569,17
0.457,25
0.4571,15
0.4572,16
0.4573,15
0.4574,23
0.4575,26
0.4576,10
0.4577,20
0.4578,22
0.4579,28
0.458,21
0.4581,16
0.4582,16
0.4583,23
0.4584,16
0.4585,16
0.4586,25
0.4587,14
0.4588,14
0.4589,24
0.459,13
0.4591,12
0.4592,15
0.4593,17
0.4594,18
0.4595,18
0.4596,16
0.4597,16
0.4598,14
0.4599,19
0.46,14
0.4601,17
0.4602,10
0.4603,20
0.4604,22
0.4605,18
0.4606,16
0.4607,18
0.4608,14
0.4609,15
0.461,18
0.4611,13
0.4612,21
0.4613,28
0.4614,18
0.4615,21
0.4616,21
0.4617,24
0.4618,23
0.4619,28
0.462,18
0.4621,18
0.4622,18
0.4623,27
0.4624,19
0.4625,22
0.4626,12
0.4627,24
0.4628,12
0.4629,15
0.463,21
0.4631,20
0.4632,15
0.4633,10
0.4634,21
0.4635,24
0.4636,22
0.4637,16
0.4638,23
0.4639,26
0.464,12
0.4641,16
0.4642,22
0.4643,23
0.4644,10
0.4645,11
0.4646,15
0.4647,19
0.4648,19
0.4649,20
0.465,17
0.4651,27
0.4652,18
0.4653,14
0.4654,21
0.4655,11
0.4656,19
0.4657,17
0.4658,21
0.4659,14
0.466,14
0.4661,19
0.4662,11
0.4663,13
0.4664,20
0.4665,20
0.4666,17
0.4667,15
0.4668,16
0.4669,19
0.467,23
0.4671,14
0.4672,16
0.4673,14
0.4674,24
0.4675,13
0.4676,6
0.4677,15
0.4678,13
0.4679,17
0.468,14
0.4681,19
0.4682,23
0.4683,13
0.4684,15
0.4685,15
0.4686,13
0.4687,10
0.4688,21
0.4689,24
0.469,14
0.4691,15
0.4692,15
0.4693,13
0.4694,19
0.4695,14
0.4696,15
0.4697,20
0.4698,12
0.4699,23
0.47,19
0.4701,16
0.4702,9
0.4703,17
0.4704,9
0.4705,9
0.4706,12
0.4707,7
0.4708,16
0.4709,17
0.471,9
0.4711,13
0.4712,18
0.4713,17
0.4714,19
0.4715,16
0.4716,10
0.4717,27
0.4718,13
0.4719,13
0.472,12
0.4721,11
0.4722,11
0.4723,13
0.4724,22
0.4725,6
0.4726,12
0.4727,15
0.4728,12
0.4729,11
0.473,15
0.4731,11
0.4732,15
0.4733,16
0.4734,17
0.4735,15
0.4736,15
0.4737,11
0.4738,18
0.4739,14
0.474,16
0.4741,12
0.4742,12
0.4743,15
0.4744,18
0.4745,12
0.4746,16
0.4747,20
0.4748,19
0.4749,14
0.475,10
0.4751,9
0.4752,17
0.4753,14
0.4754,15
0.4755,16
0.4756,20
0.4757,19
0.4758,11
0.4759,16
0.476,10
0.4761,15
0.4762,9
0.4763,19
0.4764,20
0.4765,18
0.4766,11
0.4767,12
0.4768,14
0.4769,10
0.477,15
0.4771,10
0.4772,14
0.4773,13
0.4774,11
0.4775,12
0.4776,10
0.4777,12
0.4778,19
0.4779,8
0.478,12
0.4781,8
0.4782,14
0.4783,7
0.4784,8
0.4785,13
0.4786,14
0.4787,13
0.4788,19
0.4789,15
0.479,12
0.4791,13
0.4792,17
0.4793,13
0.4794,8
0.4795,11
0.4796,19
0.4797,12
0.4798,15
0.4799,9
0.48,11
0.4801,7
0.4802,15
0.4803,17
0.4804,7
0.4805,11
0.4806,21
0.4807,10
0.4808,12
0.4809,11
0.481,7
0.4811,10
0.4812,12
0.4813,10
0.4814,15
0.4815,13
0.4816,10
0.4817,19
0.4818,11
0.4819,15
0.482,14
0.4821,15
0.4822,15
0.4823,13
0.4824,8
0.4825,11
0.4826,16
0.4827,12
0.4828,7
0.4829,16
0.483,8
0.4831,14
0.4832,16
0.4833,12
0.4834,14
0.4835,15
0.4836,12
0.4837,13
0.4838,13
0.4839,16
0.484,17
0.4841,10
0.4842,16
0.4843,11
0.4844,12
0.4845,8
0.4846,13
0.4847,11
0.4848,20
0.4849,6
0.485,12
0.4851,14
0.4852,12
0.4853,19
0.4854,17
0.4855,10
0.4856,19
0.4857,9
0.4858,8
0.4859,12
0.486,10
0.4861,6
0.4862,19
0.4863,10
0.4864,7
0.4865,6
0.4866,13
0.4867,10
0.4868,13
0.4869,8
0.487,9
0.4871,7
0.4872,13
0.4873,5
0.4874,16
0.4875,17
0.4876,9
0.4877,14
0.4878,6
0.4879,13
0.488,12
0.4881,8
0.4882,14
0.4883,14
0.4884,11
0.4885,11
0.4886,17
0.4887,9
0.4888,14
0.4889,12
0.489,12
0.4891,6
0.4892,10
0.4893,10
0.4894,10
0.4895,10
0.4896,13
0.4897,13
0.4898,10
0.4899,10
0.49,16
0.4901,10
0.4902,14
0.4903,8
0.4904,18
0.4905,8
0.4906,12
0.4907,17
0.4908,14
0.4909,8
0.491,11
0.4911,8
0.4912,16
0.4913,12
0.4914,13
0.4915,10
0.4916,6
0.4917,14
0.4918,11
0.4919,12
0.492,11
0.4921,10
0.4922,8
0.4923,10
0.4924,11
0.4925,17
0.4926,10
0.4927,11
0.4928,11
0.4929,9
0.493,11
0.4931,15
0.4932,6
0.4933,8
0.4934,19
0.4935,7
0.4936,12
0.4937,8
0.4938,11
0.4939,11
0.494,12
0.4941,7
0.4942,13
0.4943,6
0.4944,7
0.4945,6
0.4946,9
0.4947,8
0.4948,16
0.4949,7
0.495,8
0.4951,14
0.4952,15
0.4953,6
0.4954,11
0.4955,5
0.4956,15
0.4957,10
0.4958,6
0.4959,14
0.496,11
0.4961,6
0.4962,11
0.4963,6
0.4964,8
0.4965,9
0.4966,10
0.4967,10
0.4968,10
0.4969,9
0.497,12
0.4971,13
0.4972,6
0.4973,12
0.4974,10
0.4975,12
0.4976,5
0.4977,9
0.4978,12
0.4979,7
0.498,10
0.4981,11
0.4982,17
0.4983,5
0.4984,12
0.4985,8
0.4986,12
0.4987,13
0.4988,11
0.4989,4
0.499,10
0.4991,8
0.4992,7
0.4993,11
0.4994,11
0.4995,9
0.4996,5
0.4997,7
0.4998,10
0.4999,3
0.5,21
0.5001,9
0.5002,12
0.5003,9
0.5004,19
0.5006,7
0.5007,6
0.5008,6
0.5009,11
0.501,6
0.5011,9
0.5012,4
0.5013,8
0.5014,16
0.5016,7
0.5017,6
0.5018,3
0.5019,10
0.502,7
0.5021,6
0.5022,13
0.5023,8
0.5024,16
0.5026,10
0.5027,5
0.5028,9
0.5029,8
0.503,7
0.5031,6
0.5032,7
0.5033,8
0.5034,23
0.5036,5
0.5037,5
0.5038,9
0.5039,10
0.504,6
0.5041,4
0.5042,6
0.5043,7
0.5044,15
0.5046,8
0.5047,11
0.5048,8
0.5049,6
0.505,7
0.5051,11
0.5052,10
0.5053,11
0.5054,19
0.5056,9
0.5057,6
0.5058,6
0.5059,5
0.506,8
0.5061,9
0.5062,7
0.5063,15
0.5064,9
0.5066,1
0.5067,4
0.5068,4
0.5069,7
0.507,5
0.5071,4
0.5072,9
0.5073,8
0.5074,14
0.5076,7
0.5077,7
0.5078,6
0.5079,3
0.508,7
0.5081,2
0.5082,9
0.5083,9
0.5084,13
0.5086,8
0.5087,5
0.5088,8
0.5089,7
0.509,6
0.5091,7
0.5092,6
0.5093,4
0.5094,19
0.5096,9
0.5097,7
0.5098,5
0.5099,9
0.51,19
0.5101,13
0.5102,4
0.5103,7
0.5104,14
0.5106,3
0.5107,6
0.5108,6
0.5109,13
0.511,6
0.5111,11
0.5112,7
0.5113,12
0.5114,8
0.5115,4
0.5116,7
0.5117,6
0.5118,7
0.5119,10
0.512,9
0.5121,6
0.5122,8
0.5123,10
0.5124,7
0.5125,11
0.5127,8
0.5128,7
0.5129,7
0.513,8
0.5131,2
0.5132,5
0.5133,5
0.5134,3
0.5135,6
0.5137,3
0.5138,9
0.5139,8
0.514,4
0.5141,6
0.5142,6
0.5143,7
0.5144,8
0.5145,16
0.5147,4
0.5148,4
0.5149,6
0.515,2
0.5151,8
0.5152,6
0.5153,4
0.5154,6
0.5155,16
0.5157,7
0.5158,2
0.5159,9
0.516,3
0.5162,4
0.5163,2
0.5164,4
0.5165,5
0.5167,9
0.5168,4
0.5169,8
0.517,5
0.5171,4
0.5172,7
0.5173,1
0.5174,4
0.5175,7
0.5177,4
0.5178,5
0.5179,4
0.518,7
0.5181,2
0.5182,4
0.5183,3
0.5184,4
0.5185,8
0.5187,4
0.5188,11
0.5189,2
0.519,7
0.5192,6
0.5193,5
0.5194,4
0.5195,11
0.5197,6
0.5198,6
0.5199,5
0.52,8
0.5201,3
0.5202,1
0.5203,7
0.5204,3
0.5205,8
0.5207,8
0.5208,7
0.5209,3
0.521,4
0.5211,6
0.5212,11
0.5213,2
0.5214,7
0.5215,18
0.5217,4
0.5218,7
0.5219,7
0.522,2
0.5221,5
0.5222,10
0.5223,5
0.5224,5
0.5225,16
0.5227,8
0.5228,3
0.5229,4
0.523,8
0.5231,3
0.5232,2
0.5233,4
0.5234,3
0.5235,11
0.5237,3
0.5238,4
0.5239,5
0.524,4
0.5241,5
0.5242,8
0.5243,8
0.5244,3
0.5245,8
0.5246,6
0.5247,10
0.5248,9
0.5249,5
0.525,8
0.5251,6
0.5252,9
0.5253,3
0.5254,7
0.5255,3
0.5256,15
0.5258,6
0.5259,6
0.526,5
0.5261,3
0.5262,6
0.5263,5
0.5264,6
0.5265,6
0.5266,7
0.5268,6
0.5269,3
0.527,3
0.5271,7
0.5272,3
0.5273,4
0.5274,6
0.5275,5
0.5276,11
0.5278,7
0.5279,9
0.528,3
0.5281,4
0.5282,6
0.5283,8
0.5284,12
0.5285,4
0.5286,9
0.5288,5
0.5289,6
0.529,6
0.5291,8
0.5292,4
0.5293,8
0.5294,7
0.5295,3
0.5296,11
0.5298,5
0.5299,3
0.53,4
0.5301,3
0.5302,2
0.5303,2
0.5304,5
0.5305,4
0.5306,8
0.5308,4
0.5309,6
0.531,5
0.5311,6
0.5312,8
0.5313,8
0.5314,5
0.5315,3
0.5316,11
0.5318,8
0.5319,5
0.532,4
0.5321,2
0.5322,6
0.5323,7
0.5324,8
0.5325,5
0.5326,9
0.5328,3
0.5329,4
0.533,3
0.5331,2
0.5332,2
0.5333,6
0.5334,5
0.5335,3
0.5336,8
0.5338,5
0.5339,3
0.534,4
0.5341,2
0.5342,4
0.5343,8
0.5344,1
0.5345,2
0.5346,11
0.5348,8
0.5349,2
0.535,7
0.5351,3
0.5352,7
0.5353,5
0.5354,9
0.5355,5
0.5356,10
0.5358,8
0.5359,4
0.536,5
0.5361,5
0.5362,4
0.5363,8
0.5364,5
0.5365,5
0.5366,3
0.5367,5
0.5368,2
0.5369,2
0.537,1
0.5371,9
0.5372,8
0.5373,9
0.5374,2
0.5375,6
0.5376,3
0.5377,16
0.5379,7
0.538,7
0.5381,2
0.5382,8
0.5383,5
0.5384,6
0.5385,9
0.5386,3
0.5387,13
0.5389,7
0.539,5
0.5391,9
0.5392,7
0.5393,11
0.5394,6
0.5395,5
0.5396,3
0.5397,13
0.5399,5
0.54,4
0.5401,8
0.5402,4
0.5403,4
0.5404,2
0.5405,5
0.5406,9
0.5407,10
0.5409,4
0.541,6
0.5411,7
0.5412,5
0.5413,4
0.5414,9
0.5415,5
0.5416,2
0.5417,10
0.5419,5
0.542,4
0.5421,5
0.5422,3
0.5423,12
0.5424,6
0.5425,7
0.5426,2
0.5427,9
0.5429,6
0.543,4
0.5431,2
0.5432,4
0.5433,2
0.5434,1
0.5435,2
0.5436,4
0.5437,15
0.5439,4
0.544,3
0.5441,9
0.5442,5
0.5443,2
0.5444,9
0.5445,6
0.5446,6
0.5447,5
0.5449,6
0.545,7
0.5451,5
0.5452,1
0.5453,3
0.5454,3
0.5455,6
0.5456,4
0.5457,10
0.5459,4
0.546,3
0.5461,7
0.5462,2
0.5463,5
0.5464,3
0.5465,10
0.5466,2
0.5467,6
0.5469,2
0.547,2
0.5471,6
0.5472,7
0.5473,3
0.5474,4
0.5475,4
0.5476,4
0.5477,4
0.5479,4
0.548,3
0.5481,2
0.5482,3
0.5483,5
0.5484,1
0.5485,4
0.5486,2
0.5487,4
0.5488,3
0.5489,4
0.549,2
0.5491,1
0.5492,1
0.5493,2
0.5494,3
0.5495,4
0.5496,6
0.5497,4
0.5498,2
0.5499,2
0.55,3
0.5501,3
0.5502,6
0.5503,9
0.5504,2
0.5505,6
0.5506,5
0.5507,3
0.5508,9
0.551,2
0.5511,4
0.5512,4
0.5513,5
0.5514,4
0.5516,3
0.5517,3
0.5518,6
0.552,5
0.5521,3
0.5522,1
0.5523,2
0.5524,7
0.5525,3
0.5526,7
0.5527,5
0.5528,10
0.553,3
0.5531,4
0.5532,2
0.5533,9
0.5534,5
0.5535,3
0.5536,3
0.5537,5
0.5538,19
0.554,2
0.5542,4
0.5543,7
0.5544,9
0.5545,4
0.5547,2
0.5548,13
0.555,2
0.5551,4
0.5552,6
0.5553,5
0.5554,6
0.5555,5
0.5556,5
0.5557,2
0.5558,11
0.556,2
0.5561,6
0.5562,3
0.5563,5
0.5564,6
0.5565,5
0.5566,1
0.5567,3
0.5568,13
0.557,5
0.5571,3
0.5572,3
0.5573,4
0.5574,1
0.5575,1
0.5576,6
0.5577,1
0.5578,7
0.558,4
0.5581,6
0.5582,1
0.5583,2
0.5584,2
0.5585,6
0.5586,4
0.5587,2
0.5588,13
0.559,4
0.5591,2
0.5592,5
0.5593,2
0.5594,8
0.5595,2
0.5596,4
0.5597,4
0.5598,5
0.56,5
0.5601,3
0.5602,7
0.5603,2
0.5604,3
0.5605,2
0.5606,6
0.5607,5
0.5608,5
0.561,5
0.5611,1
0.5612,5
0.5613,6
0.5614,6
0.5615,7
0.5616,5
0.5617,4
0.5618,3
0.5619,1
0.562,3
0.5621,3
0.5622,7
0.5623,8
0.5624,7
0.5625,4
0.5626,2
0.5627,2
0.5628,6
0.5629,4
0.5631,2
0.5632,1
0.5633,3
0.5634,1
0.5635,2
0.5636,5
0.5637,5
0.5638,4
0.5639,6
0.5641,6
0.5642,2
0.5643,3
0.5644,1
0.5645,3
0.5646,5
0.5647,5
0.5648,9
0.5649,3
0.5651,4
0.5652,3
0.5653,4
0.5654,4
0.5655,2
0.5656,4
0.5657,4
0.5658,3
0.5659,10
0.5661,5
0.5662,9
0.5663,9
0.5664,7
0.5665,5
0.5667,1
0.5668,4
0.5669,5
0.5671,2
0.5672,2
0.5673,5
0.5674,6
0.5675,3
0.5676,2
0.5677,4
0.5678,1
0.5679,3
0.5681,4
0.5682,5
0.5683,1
0.5684,3
0.5685,2
0.5686,7
0.5687,5
0.5688,2
0.5689,4
0.5691,8
0.5692,2
0.5693,1
0.5694,4
0.5695,3
0.5697,1
0.5698,5
0.5699,3
0.5701,5
0.5702,3
0.5703,6
0.5704,6
0.5705,4
0.5706,3
0.5707,6
0.5708,1
0.5709,11
0.5711,7
0.5712,2
0.5713,4
0.5714,1
0.5715,4
0.5716,4
0.5717,4
0.5718,1
0.5719,8
0.5721,4
0.5722,4
0.5723,6
0.5724,4
0.5725,1
0.5726,3
0.5727,1
0.5728,3
0.5729,6
0.5732,2
0.5733,3
0.5735,10
0.5736,5
0.5737,4
0.5738,3
0.574,2
0.5741,4
0.5742,4
0.5743,4
0.5744,3
0.5745,6
0.5746,5
0.5747,4
0.575,5
0.5752,3
0.5753,4
0.5754,4
0.5755,1
0.5756,2
0.5757,2
0.5758,5
0.5759,3
0.576,10
0.5762,2
0.5763,3
0.5764,3
0.5765,1
0.5766,5
0.5767,1
0.5768,3
0.5769,1
0.577,5
0.5772,2
0.5773,2
0.5774,1
0.5775,1
0.5776,8
0.5777,2
0.5778,2
0.5779,4
0.578,7
0.5782,1
0.5783,2
0.5784,4
0.5785,1
0.5786,5
0.5787,1
0.5788,1
0.5789,1
0.579,10
0.5792,7
0.5793,1
0.5794,3
0.5795,4
0.5796,1
0.5797,8
0.5798,7
0.5799,1
0.58,6
0.5802,5
0.5803,5
0.5804,5
0.5805,2
0.5806,3
0.5807,4
0.5808,2
0.5809,2
0.581,6
0.5812,2
0.5813,4
0.5814,7
0.5815,1
0.5816,3
0.5817,5
0.5818,3
0.5819,4
0.582,13
0.5822,7
0.5823,2
0.5824,2
0.5825,1
0.5826,4
0.5827,2
0.5828,4
0.5829,3
0.583,6
0.5832,2
0.5833,3
0.5834,3
0.5835,2
0.5836,3
0.5837,1
0.5838,1
0.5839,3
0.584,9
0.5842,3
0.5843,3
0.5844,7
0.5845,3
0.5846,3
0.5847,3
0.5848,3
0.5849,3
0.585,9
0.5852,2
0.5853,2
0.5854,4
0.5856,7
0.5857,4
0.5858,2
0.5859,3
0.586,7
0.5862,5
0.5863,3
0.5864,2
0.5865,2
0.5866,2
0.5867,3
0.5868,1
0.587,1
0.5871,2
0.5872,5
0.5873,6
0.5874,4
0.5875,5
0.5876,1
0.5877,3
0.5878,1
0.5879,5
0.588,3
0.5881,2
0.5883,4
0.5884,2
0.5885,2
0.5886,2
0.5887,2
0.5888,4
0.5889,1
0.589,4
0.5891,5
0.5894,1
0.5895,2
0.5896,4
0.5897,4
0.5898,2
0.5899,4
0.5901,3
0.5903,7
0.5904,2
0.5905,3
0.5907,1
0.5908,2
0.5909,3
0.591,5
0.5911,4
0.5915,3
0.5916,2
0.5917,2
0.5918,1
0.5919,1
0.592,3
0.5921,5
0.5923,4
0.5924,2
0.5925,1
0.5926,5
0.5927,2
0.5928,2
0.5929,2
0.593,3
0.5931,5
0.5933,2
0.5934,3
0.5935,3
0.5936,1
0.5937,1
0.5938,6
0.594,4
0.5941,3
0.5943,3
0.5944,5
0.5945,5
0.5946,5
0.5948,1
0.5949,2
0.595,2
0.5951,10
0.5953,2
0.5954,3
0.5955,2
0.5957,3
0.5958,4
0.5959,5
0.596,3
0.5961,10
0.5964,2
0.5965,4
0.5966,4
0.5967,1
0.5968,3
0.5969,2
0.597,5
0.5971,8
0.5973,2
0.5974,6
0.5975,7
0.5977,6
0.5978,3
0.5979,1
0.598,2
0.5981,5
0.5983,3
0.5984,6
0.5985,5
0.5986,1
0.5987,3
0.5988,4
0.5989,6
0.599,3
0.5991,4
0.5992,3
0.5993,5
0.5994,6
0.5995,5
0.5996,2
0.5997,8
0.5998,7
0.5999,2
0.6,40
0.6001,4
0.6002,2
0.6004,3
0.6005,3
0.6006,3
0.6007,5
0.6008,2
0.6009,2
0.601,1
0.6011,1
0.6012,7
0.6014,1
0.6016,6
0.6017,3
0.6019,7
0.602,1
0.6022,3
0.6024,2
0.6025,1
0.6026,3
0.6027,2
0.6028,3
0.6029,2
0.603,3
0.6031,2
0.6032,2
0.6034,1
0.6035,3
0.6037,3
0.6038,3
0.6039,2
0.6041,1
0.6042,7
0.6044,3
0.6045,2
0.6046,3
0.6047,1
0.6048,1
0.605,1
0.6051,1
0.6052,1
0.6054,1
0.6057,1
0.6058,2
0.6059,4
0.6061,4
0.6062,2
0.6064,2
0.6065,2
0.6066,4
0.6068,1
0.6069,4
0.607,2
0.6071,1
0.6072,5
0.6074,1
0.6075,3
0.6076,2
0.6077,2
0.6078,5
0.6079,2
0.608,1
0.6081,2
0.6082,4
0.6084,3
0.6085,4
0.6086,2
0.6087,2
0.6088,1
0.6089,3
0.609,2
0.6091,4
0.6092,6
0.6095,4
0.6096,3
0.6097,3
0.6098,3
0.6099,1
0.61,1
0.6102,3
0.6104,2
0.6105,3
0.6106,1
0.6107,5
0.6108,4
0.6109,3
0.6111,3
0.6112,2
0.6113,2
0.6114,1
0.6115,3
0.6116,6
0.6117,1
0.6118,1
0.6121,2
0.6122,1
0.6123,2
0.6124,2
0.6125,3
0.6126,3
0.6127,2
0.6129,2
0.613,1
0.6131,1
0.6132,3
0.6136,3
0.6137,2
0.6139,4
0.6141,3
0.6143,3
0.6145,1
0.6146,1
0.6147,2
0.6148,3
0.6149,2
0.615,1
0.6151,3
0.6152,2
0.6153,5
0.6155,1
0.6157,3
0.6158,2
0.616,1
0.6161,3
0.6162,2
0.6163,2
0.6165,3
0.6167,5
0.6168,4
0.617,4
0.6172,2
0.6173,4
0.6175,2
0.6177,1
0.6179,3
0.618,2
0.6181,2
0.6182,3
0.6183,1
0.6185,2
0.6186,1
0.6187,3
0.6188,2
0.6189,2
0.619,2
0.6191,2
0.6192,3
0.6193,1
0.6195,1
0.6198,2
0.6199,1
0.62,1
0.6201,1
0.6202,1
0.6203,1
0.6205,1
0.6206,2
0.6208,1
0.6209,1
0.621,1
0.6211,1
0.6212,3
0.6213,7
0.6215,1
0.6216,4
0.6218,2
0.6219,1
0.622,3
0.6221,1
0.6222,1
0.6223,1
0.6226,2
0.6227,1
0.6229,1
0.623,1
0.6233,1
0.6235,2
0.6236,2
0.6237,1
0.624,1
0.6242,1
0.6243,1
0.6244,3
0.6245,4
0.6246,1
0.6248,1
0.6249,1
0.625,2
0.6251,2
0.6252,1
0.6253,3
0.6254,4
0.6256,4
0.6257,1
0.6258,2
0.6259,1
0.626,1
0.6263,3
0.6264,1
0.6266,1
0.6267,1
0.6269,4
0.627,3
0.6271,1
0.6273,2
0.6274,4
0.6277,3
0.6278,1
0.6279,1
0.628,2
0.6281,1
0.6282,3
0.6283,2
0.6284,3
0.6286,2
0.6289,2
0.629,1
0.6291,2
0.6294,3
0.6296,1
0.6297,1
0.6299,1
0.63,3
0.6301,2
0.6302,2
0.6303,1
0.6304,5
0.6307,3
0.6309,1
0.631,1
0.6311,2
0.6312,1
0.6313,2
0.6314,1
0.6317,2
0.6321,1
0.6322,5
0.6323,2
0.6324,2
0.6328,1
0.6329,1
0.633,1
0.6331,1
0.6332,3
0.6333,3
0.6334,1
0.6338,1
0.634,2
0.6341,1
0.6342,1
0.6343,2
0.6344,4
0.6346,2
0.6347,3
0.6348,1
0.6349,5
0.635,1
0.6351,1
0.6353,1
0.6354,2
0.6356,1
0.6357,1
0.6358,1
0.6359,2
0.636,3
0.6363,3
0.6364,4
0.6366,3
0.6367,1
0.6368,1
0.6369,1
0.637,1
0.6371,2
0.6373,2
0.6374,1
0.6375,3
0.6378,1
0.6379,1
0.638,1
0.6381,1
0.6382,2
0.6383,2
0.6384,2
0.6385,3
0.6388,2
0.639,1
0.6391,2
0.6393,1
0.6395,4
0.6397,1
0.6398,1
0.6399,1
0.64,2
0.6401,3
0.6402,1
0.6404,2
0.6405,3
0.6407,3
0.6408,2
0.641,1
0.6411,2
0.6412,1
0.6413,2
0.6414,1
0.6415,1
0.6418,1
0.6421,1
0.6422,1
0.6423,2
0.6425,1
0.643,3
0.6431,2
0.6432,1
0.6433,1
0.6434,1
0.6437,1
0.6439,3
0.644,2
0.6443,3
0.6444,3
0.6445,2
0.645,1
0.6451,2
0.6453,1
0.6454,4
0.6455,4
0.6459,1
0.646,1
0.6464,2
0.6465,2
0.6469,1
0.6472,1
0.6473,1
0.6474,2
0.6475,3
0.6478,2
0.648,2
0.6481,2
0.6482,1
0.6483,3
0.6485,2
0.6488,1
0.6489,1
0.6491,2
0.6493,3
0.6494,1
0.6497,3
0.6498,1
0.6501,2
0.6503,1
0.6504,1
0.6505,1
0.6506,2
0.6508,1
0.651,1
0.6511,1
0.6512,2
0.6513,1
0.6516,2
0.6518,1
0.6519,1
0.652,2
0.6521,3
0.6522,1
0.6523,3
0.6524,2
0.6526,1
0.6528,1
0.6529,1
0.653,1
0.6532,4
0.6533,3
0.6534,1
0.6536,1
0.6539,2
0.654,1
0.6542,2
0.6543,2
0.6546,2
0.6548,2
0.6549,1
0.6552,4
0.6553,1
0.6554,1
0.6555,3
0.6556,1
0.6561,2
0.6562,1
0.6563,1
0.6564,5
0.6568,1
0.6569,1
0.657,2
0.6571,2
0.6572,3
0.6573,2
0.6574,1
0.6575,4
0.6576,1
0.658,2
0.6582,3
0.6583,3
0.6584,7
0.6585,1
0.6589,1
0.659,2
0.6591,5
0.6592,2
0.6593,4
0.6594,5
0.6595,1
0.6596,4
0.6598,1
0.66,3
0.6602,1
0.6603,2
0.6605,3
0.6606,1
0.6608,1
0.661,1
0.6611,1
0.6612,1
0.6614,3
0.6615,3
0.6616,1
0.6618,2
0.662,2
0.6621,5
0.6622,1
0.6623,1
0.6624,2
0.6625,2
0.6626,4
0.6627,2
0.6629,2
0.663,1
0.6631,1
0.6632,3
0.6633,4
0.6634,1
0.6635,3
0.6639,2
0.664,1
0.6641,1
0.6643,3
0.6645,3
0.6647,3
0.6649,3
0.665,1
0.6651,1
0.6653,1
0.6654,2
0.6655,3
0.6657,6
0.6659,2
0.666,1
0.6662,2
0.6664,1
0.6665,1
0.6666,3
0.6667,2
0.6669,2
0.667,2
0.6673,2
0.6675,1
0.6677,2
0.6681,2
0.6682,1
0.6683,1
0.6685,2
0.6687,1
0.669,1
0.6691,1
0.6692,3
0.6693,1
0.6694,2
0.6696,2
0.6697,3
0.6699,1
0.67,1
0.6703,2
0.6704,3
0.6705,1
0.6706,1
0.6707,2
0.671,1
0.6711,3
0.6713,1
0.6715,1
0.6716,2
0.6717,2
0.6719,1
0.672,1
0.6723,3
0.6724,1
0.6725,1
0.6726,1
0.6727,2
0.6729,1
0.673,2
0.6731,2
0.6733,1
0.6734,1
0.6738,2
0.6739,2
0.674,1
0.6744,3
0.6745,1
0.6746,1
0.6748,1
0.6749,2
0.675,1
0.6753,1
0.6755,1
0.6756,1
0.6757,1
0.6758,1
0.676,1
0.6762,2
0.6763,1
0.6764,2
0.6765,2
0.6766,1
0.6768,2
0.677,1
0.6771,2
0.6772,1
0.6774,1
0.6775,2
0.6776,1
0.6778,2
0.678,1
0.6782,1
0.6783,1
0.6784,1
0.6786,2
0.6788,3
0.679,1
0.6792,3
0.6794,3
0.6795,3
0.6798,2
0.6802,4
0.6803,1
0.6804,1
0.6805,2
0.6806,1
0.6808,2
0.681,1
0.6811,1
0.6812,1
0.6815,1
0.6816,1
0.6818,1
0.6821,1
0.6822,3
0.6823,3
0.6826,4
0.6827,1
0.6828,1
0.683,3
0.6831,1
0.6833,2
0.6835,2
0.6836,2
0.6838,5
0.6841,1
0.6842,1
0.6843,2
0.6846,1
0.6847,1
0.685,3
0.6851,1
0.6853,1
0.6855,1
0.6856,1
0.6858,3
0.6861,3
0.6862,1
0.6863,2
0.6864,2
0.6865,2
0.6866,1
0.6869,1
0.6872,2
0.6873,1
0.6874,4
0.6875,4
0.6876,1
0.6878,1
0.6879,2
0.6881,2
0.6885,1
0.6887,1
0.6888,1
0.6889,1
0.6891,2
0.6892,2
0.6895,1
0.6896,2
0.6897,2
0.6899,1
0.6903,2
0.6905,1
0.6906,1
0.6907,1
0.6908,1
0.6909,1
0.6911,1
0.6913,2
0.6915,1
0.6916,1
0.6919,1
0.6921,1
0.6924,1
0.6925,1
0.6927,2
0.6929,1
0.6932,1
0.6933,1
0.6935,1
0.6936,1
0.6937,1
0.6938,2
0.6939,1
0.6941,2
0.6943,1
0.6947,1
0.6948,1
0.6949,2
0.6951,1
0.6952,2
0.6955,3
0.6957,1
0.6959,3
0.6962,1
0.6963,2
0.6965,2
0.6966,1
0.6967,1
0.6969,1
0.6972,1
0.6973,1
0.6974,1
0.6975,1
0.6977,2
0.6978,1
0.6979,1
0.6982,1
0.6985,3
0.6986,2
0.6987,1
0.699,2
0.6991,1
0.6993,1
0.6997,1
0.7,3
0.7004,1
0.7006,1
0.7008,1
0.7009,3
0.7013,1
0.7014,1
0.7016,2
0.7017,2
0.702,3
0.7022,1
0.7023,2
0.7028,1
0.7032,2
0.7033,1
0.7034,1
0.7036,1
0.7038,1
0.7039,1
0.7043,1
0.7044,1
0.7054,2
0.7059,1
0.706,2
0.7064,2
0.7066,3
0.7073,2
0.7076,2
0.7077,1
0.7079,1
0.708,1
0.7082,1
0.7084,1
0.7088,1
0.7089,1
0.7093,1
0.7099,1
0.71,1
0.7102,1
0.7103,1
0.7107,1
0.7109,1
0.7112,1
0.7114,2
0.7115,1
0.7116,1
0.7124,2
0.7126,1
0.7127,2
0.7128,1
0.713,1
0.7131,4
0.7134,2
0.7139,1
0.714,2
0.7141,2
0.7151,1
0.7153,1
0.7154,1
0.7155,1
0.7156,1
0.7167,1
0.7171,1
0.7174,1
0.7177,1
0.7183,1
0.7187,1
0.719,1
0.7194,1
0.7196,1
0.7197,1
0.7198,2
0.7204,1
0.7206,1
0.7208,1
0.7211,1
0.7216,2
0.7218,3
0.7219,1
0.7221,1
0.7223,1
0.7224,1
0.7226,1
0.7228,1
0.7234,3
0.7236,2
0.7239,1
0.7241,1
0.7242,1
0.7246,1
0.7247,2
0.7256,3
0.7258,1
0.726,1
0.7261,3
0.7264,1
0.727,1
0.7271,1
0.7272,3
0.7274,1
0.7276,1
0.7277,1
0.728,1
0.7282,1
0.7284,1
0.7286,1
0.7287,1
0.7289,2
0.729,1
0.7292,3
0.7294,1
0.7296,2
0.7301,1
0.7302,1
0.7304,1
0.7306,1
0.7308,1
0.7309,1
0.7311,1
0.7312,4
0.7315,2
0.7316,1
0.7318,3
0.7319,1
0.732,1
0.7322,1
0.7325,1
0.7326,2
0.7328,2
0.733,2
0.7332,3
0.7337,2
0.7339,1
0.734,2
0.7342,2
0.7344,4
0.7349,2
0.7351,1
0.7352,2
0.7354,1
0.7357,2
0.7358,2
0.7359,2
0.7361,1
0.7367,2
0.7368,2
0.7369,1
0.7373,3
0.7374,1
0.7376,2
0.7381,1
0.7382,1
0.7389,1
0.7391,1
0.7393,2
0.7397,1
0.7403,2
0.7405,2
0.741,1
0.7412,3
0.7413,1
0.7416,1
0.7419,1
0.742,1
0.7421,1
0.7422,1
0.7423,2
0.7425,1
0.7426,2
0.7428,1
0.7429,1
0.7431,1
0.7435,1
0.7436,1
0.7439,2
0.744,1
0.7441,1
0.7446,1
0.7451,1
0.7453,1
0.7455,1
0.7461,1
0.7463,1
0.7473,1
0.7475,2
0.7481,1
0.7483,1
0.7485,1
0.7487,2
0.749,1
0.7491,1
0.7497,1
0.7499,3
0.75,33
0.752,1
0.7534,1
0.7536,2
0.7537,1
0.7544,1
0.7564,1
0.7567,1
0.7568,1
0.7571,1
0.7579,1
0.7584,1
0.7591,1
0.7611,1
0.7612,1
0.762,2
0.7623,1
0.7631,1
0.7632,1
0.7639,1
0.7643,1
0.7644,1
0.7645,1
0.7654,1
0.7658,1
0.7671,1
0.7677,1
0.7679,1
0.7697,1
0.7704,1
0.771,1
0.7712,1
0.7715,1
0.772,1
0.7725,2
0.7729,1
0.7732,1
0.774,1
0.7741,1
0.7743,1
0.7744,2
0.7745,1
0.7748,1
0.7749,1
0.775,1
0.7751,3
0.7753,1
0.7754,2
0.7756,1
0.7758,1
0.7763,2
0.7765,1
0.7769,1
0.7771,1
0.7774,1
0.778,1
0.7781,1
0.7783,1
0.7784,1
0.7792,1
0.7794,2
0.7801,1
0.7803,1
0.7812,1
0.782,1
0.7825,1
0.783,1
0.7835,1
0.7838,1
0.7839,1
0.7846,1
0.7848,2
0.7854,1
0.7858,1
0.7861,1
0.7871,1
0.7879,1
0.7882,1
0.7885,1
0.789,2
0.7897,1
0.79,1
0.7905,1
0.7911,1
0.7916,1
0.792,1
0.7924,1
0.7926,1
0.7927,1
0.7929,1
0.7931,1
0.7939,1
0.7941,1
0.7947,1
0.795,1
0.7954,1
0.7955,1
0.7962,1
0.7964,1
0.7981,2
0.7982,1
0.7984,1
0.7986,1
0.7987,2
0.7989,2
0.7992,1
0.8,29
0.8003,1
0.8005,1
0.8011,2
0.8023,1
0.8034,1
0.8038,1
0.8046,1
0.8048,1
0.8057,1
0.8067,1
0.8075,1
0.8085,1
0.81,1
0.811,1
0.8112,1
0.8116,1
0.8121,1
0.8133,1
0.8149,2
0.8151,1
0.8153,1
0.8154,2
0.8159,1
0.8171,1
0.8174,1
0.8177,1
0.8184,1
0.8185,1
0.8187,1
0.8189,1
0.8192,1
0.82,13
0.8208,1
0.8212,1
0.8227,1
0.8233,1
0.8244,2
0.825,1
0.8252,1
0.8265,1
0.8269,1
0.8272,2
0.8292,1
0.8293,1
0.8294,1
0.8307,2
0.8308,1
0.8322,1
0.8332,1
0.8334,1
0.8345,1
0.8354,1
0.8376,1
0.8383,1
0.8389,1
0.8396,1
0.8397,1
0.84,16
0.8407,1
0.8411,1
0.8427,1
0.8428,1
0.844,1
0.8444,1
0.8449,1
0.8451,1
0.847,1
0.8475,1
0.8494,1
0.8496,1
0.852,1
0.8531,1
0.8532,1
0.8533,1
0.8541,1
0.8542,1
0.8547,1
0.8563,1
0.8588,1
0.8589,1
0.8624,1
0.8633,1
0.8635,1
0.8637,1
0.8656,1
0.8664,1
0.8675,1
0.8686,1
0.871,1
0.8729,1
0.873,1
0.874,1
0.8758,1
0.8761,1
0.8762,1
0.8779,2
0.8786,1
0.8897,1
0.8924,1
0.8932,1
0.8964,1
0.8977,1
0.9038,1
0.9042,1
0.9057,1
0.9078,1
0.9097,1
0.9105,1
0.9108,1
0.9119,1
0.9141,1
0.9146,1
0.9152,1
0.9158,1
0.9163,1
0.9182,1
0.9212,1
0.9219,1
0.9267,1
0.9281,1
0.9285,1
0.9296,1
0.9301,1
0.9306,3
0.9375,1
0.9409,1
0.9411,1
0.9422,1
0.9425,1
0.9464,1
0.9523,1
0.9543,1
0.9554,1
0.9578,1
0.9593,1
0.9604,1
0.9627,1
0.963,1
0.9664,1
0.9679,1
0.9695,1
0.9715,1
0.9724,2
0.9756,1
0.9772,1
0.9794,1
0.9803,1
0.981,1
0.9818,1
0.982,1
0.9842,1
0.9846,1
0.9856,1
0.986,1
0.9877,1
0.9892,1
0.99,17
0.9911,1
0.9944,1
0.9945,1
0.9964,1
1.0,14
1.0023,2
1.0108,1
1.0114,1
1.0129,1
1.0134,1
1.0136,1
1.0153,1
1.0156,1
1.016,1
1.0161,1
1.017,1
1.0179,1
1.0278,1
1.0279,1
1.029,1
1.0311,1
1.0317,1
1.0362,1
1.0371,1
1.0391,1
1.0487,1
1.0488,1
1.0542,1
1.0585,1
1.0607,1
1.0629,1
1.063,1
1.0687,1
1.0738,1
1.0786,1
1.0834,1
1.0835,2
1.0881,1
1.0945,1
1.0959,1
1.0961,1
1.0962,1
1.0963,1
1.097,1
1.0971,1
1.0973,1
1.0989,1
1.1032,1
1.1055,2
1.1106,1
1.1123,1
1.1238,1
1.1256,1
1.1284,1
1.1285,2
1.1299,1
1.1332,1
1.1425,1
1.1439,1
1.148,2
1.1661,1
1.199,1
1.2044,1
1.206,1
1.2181,1
1.22,1
1.2226,1
1.2245,1
1.2298,1
1.2459,1
1.2496,1
1.2524,1
1.2587,1
1.2724,1
1.2737,1
1.2997,1
1.306,1
1.3116,1
1.3293,1
1.3479,1
1.3654,1
1.3804,1
1.3912,1
1.4033,1
1.4101,1
1.4309,1
1.4427,1
1.4537,1
1.4895,1
1.5,5
1.529,1
1.5297,1
1.5463,1
1.64,3
1.68,64
2.0,4
3.0,1
16.8,5
