0.0686,1
0.0687,4
0.0688,5
0.0689,2
0.069,2
0.0691,1
0.0692,3
0.0693,4
0.0694,4
0.0695,6
0.0696,4
0.0697,4
0.0698,6
0.0699,8
0.07,17
0.0701,19
0.0702,27
0.0703,36
0.0704,83
0.0706,27
0.0707,37
0.0708,33
0.0709,72
0.0711,42
0.0712,62
0.0713,67
0.0714,155
0.0716,75
0.0717,81
0.0718,63
0.0719,77
0.072,97
0.0721,103
0.0722,96
0.0723,92
0.0724,93
0.0725,100
0.0726,90
0.0727,76
0.0728,68
0.0729,59
0.073,58
0.0731,75
0.0732,103
0.0733,92
0.0734,87
0.0735,105
0.0736,105
0.0737,95
0.0738,209
0.074,128
0.0741,124
0.0742,133
0.0743,240
0.0745,135
0.0746,128
0.0747,143
0.0748,157
0.0749,140
0.075,135
0.0751,113
0.0752,111
0.0753,122
0.0754,116
0.0755,116
0.0756,108
0.0757,96
0.0758,87
0.0759,77
0.076,84
0.0761,93
0.0762,109
0.0763,111
0.0764,107
0.0765,96
0.0766,108
0.0767,234
0.0769,122
0.077,115
0.0771,120
0.0772,229
0.0774,117
0.0775,107
0.0776,107
0.0777,218
0.0779,107
0.078,101
0.0781,102
0.0782,92
0.0783,87
0.0784,90
0.0785,95
0.0786,98
0.0787,92
0.0788,89
0.0789,89
0.079,93
0.0791,94
0.0792,108
0.0793,97
0.0794,87
0.0795,84
0.0796,199
0.0798,103
0.0799,104
0.08,118
0.0801,212
0.0803,123
0.0804,119
0.0805,130
0.0806,248
0.0808,113
0.0809,119
0.081,123
0.0811,122
0.0812,118
0.0813,123
0.0814,115
0.0815,121
0.0816,128
0.0817,123
0.0818,126
0.0819,108
0.082,110
0.0821,115
0.0822,101
0.0823,121
0.0824,139
0.0825,117
0.0826,119
0.0827,113
0.0828,128
0.0829,122
0.083,251
0.0832,111
0.0833,111
0.0834,115
0.0835,239
0.0837,105
0.0838,84
0.0839,97
0.084,195
0.0842,88
0.0843,87
0.0844,79
0.0845,69
0.0846,76
0.0847,83
0.0848,89
0.0849,96
0.085,106
0.0851,110
0.0852,103
0.0853,114
0.0854,92
0.0855,115
0.0856,104
0.0857,119
0.0858,114
0.0859,233
0.0861,86
0.0862,110
0.0863,120
0.0864,243
0.0866,106
0.0867,124
0.0868,111
0.0869,194
0.0871,118
0.0872,92
0.0873,110
0.0874,114
0.0875,107
0.0876,111
0.0877,105
0.0878,116
0.0879,95
0.088,103
0.0881,93
0.0882,103
0.0883,89
0.0884,100
0.0885,95
0.0886,104
0.0887,79
0.0888,83
0.0889,99
0.089,91
0.0891,93
0.0892,85
0.0893,211
0.0895,89
0.0896,93
0.0897,94
0.0898,205
0.09,96
0.0901,111
0.0902,112
0.0903,221
0.0905,112
0.0906,100
0.0907,96
0.0908,105
0.0909,96
0.091,103
0.0911,86
0.0912,92
0.0913,96
0.0914,93
0.0915,97
0.0916,101
0.0917,81
0.0918,95
0.0919,103
0.092,73
0.0921,76
0.0922,157
0.0924,80
0.0925,84
0.0926,96
0.0927,189
0.0929,99
0.093,95
0.0931,103
0.0932,165
0.0934,93
0.0935,101
0.0936,99
0.0937,77
0.0938,70
0.0939,79
0.094,61
0.0941,73
0.0942,55
0.0943,59
0.0944,52
0.0945,68
0.0946,67
0.0947,69
0.0948,63
0.0949,75
0.095,87
0.0951,80
0.0952,70
0.0953,69
0.0954,73
0.0955,82
0.0956,144
0.0958,72
0.0959,67
0.096,66
0.0961,137
0.0963,66
0.0964,80
0.0965,91
0.0966,185
0.0968,83
0.0969,85
0.097,61
0.0971,67
0.0972,68
0.0973,82
0.0974,76
0.0975,91
0.0976,80
0.0977,65
0.0978,77
0.0979,65
0.098,66
0.0981,77
0.0982,71
0.0983,67
0.0984,83
0.0985,146
0.0987,59
0.0988,71
0.0989,84
0.099,170
0.0992,66
0.0993,86
0.0994,71
0.0995,167
0.0997,74
0.0998,65
0.0999,70
0.1,119
0.1001,84
0.1002,77
0.1003,68
0.1004,81
0.1005,79
0.1006,80
0.1007,76
0.1008,78
0.1009,71
0.101,70
0.1011,78
0.1012,85
0.1013,88
0.1014,69
0.1015,81
0.1016,77
0.1017,71
0.1018,73
0.1019,122
0.1021,57
0.1022,59
0.1023,67
0.1024,54
0.1025,62
0.1026,52
0.1027,58
0.1028,60
0.1029,67
0.103,42
0.1031,57
0.1032,42
0.1033,40
0.1034,48
0.1035,44
0.1036,36
0.1037,53
0.1038,44
0.1039,50
0.104,64
0.1041,42
0.1042,60
0.1043,37
0.1044,62
0.1045,49
0.1046,71
0.1047,40
0.1048,65
0.1049,34
0.105,76
0.1051,37
0.1052,63
0.1053,49
0.1054,51
0.1055,40
0.1056,53
0.1057,56
0.1058,49
0.1059,46
0.106,55
0.1061,60
0.1062,46
0.1063,53
0.1064,46
0.1065,45
0.1066,48
0.1067,49
0.1068,34
0.1069,35
0.107,49
0.1071,44
0.1072,37
0.1073,38
0.1074,54
0.1075,36
0.1076,33
0.1077,48
0.1078,29
0.1079,54
0.108,40
0.1081,73
0.1082,22
0.1083,39
0.1084,59
0.1085,51
0.1086,42
0.1087,42
0.1088,51
0.1089,45
0.109,43
0.1091,44
0.1092,57
0.1093,44
0.1094,52
0.1095,47
0.1096,38
0.1097,49
0.1098,35
0.1099,40
0.11,52
0.1101,38
0.1102,65
0.1103,28
0.1104,43
0.1105,40
0.1106,33
0.1107,36
0.1108,41
0.1109,48
0.111,43
0.1111,46
0.1112,41
0.1113,50
0.1114,37
0.1115,26
0.1116,20
0.1117,33
0.1118,48
0.1119,28
0.112,60
0.1121,30
0.1122,26
0.1123,31
0.1124,17
0.1125,11
0.1126,26
0.1127,35
0.1128,25
0.1129,29
0.113,30
0.1131,25
0.1132,24
0.1133,22
0.1134,21
0.1135,30
0.1136,23
0.1137,25
0.1138,22
0.1139,23
0.114,23
0.1141,27
0.1142,18
0.1143,15
0.1144,18
0.1145,23
0.1146,24
0.1147,24
0.1148,18
0.1149,18
0.115,28
0.1151,18
0.1152,24
0.1153,17
0.1154,25
0.1155,31
0.1156,24
0.1157,20
0.1158,22
0.1159,11
0.116,23
0.1161,12
0.1162,20
0.1163,22
0.1164,14
0.1165,25
0.1166,21
0.1167,22
0.1168,17
0.1169,12
0.117,17
0.1171,15
0.1172,24
0.1173,14
0.1174,24
0.1175,22
0.1176,24
0.1177,20
0.1178,27
0.1179,27
0.118,18
0.1181,27
0.1182,24
0.1183,17
0.1184,19
0.1185,26
0.1186,15
0.1187,19
0.1188,17
0.1189,15
0.119,16
0.1191,22
0.1192,17
0.1193,10
0.1194,19
0.1195,16
0.1196,18
0.1197,22
0.1198,17
0.1199,20
0.12,38
0.1201,18
0.1202,23
0.1203,14
0.1204,16
0.1205,17
0.1206,24
0.1207,17
0.1208,19
0.1209,18
0.121,15
0.1211,16
0.1212,8
0.1213,19
0.1214,23
0.1215,10
0.1216,13
0.1217,10
0.1218,11
0.1219,18
0.122,13
0.1221,14
0.1222,14
0.1223,8
0.1224,14
0.1225,13
0.1226,11
0.1227,13
0.1228,5
0.1229,11
0.123,12
0.1231,12
0.1232,14
0.1233,10
0.1234,19
0.1235,16
0.1236,14
0.1237,19
0.1238,14
0.1239,10
0.124,15
0.1241,17
0.1242,13
0.1243,12
0.1244,10
0.1245,19
0.1246,9
0.1247,14
0.1248,16
0.1249,9
0.125,12
0.1251,8
0.1252,12
0.1253,9
0.1254,10
0.1255,12
0.1256,11
0.1257,11
0.1258,13
0.1259,9
0.126,15
0.1261,12
0.1262,14
0.1263,14
0.1264,10
0.1265,10
0.1266,5
0.1267,6
0.1268,16
0.1269,9
0.127,8
0.1271,15
0.1272,13
0.1273,7
0.1274,12
0.1275,10
0.1276,13
0.1277,8
0.1278,9
0.1279,9
0.128,21
0.1281,7
0.1282,11
0.1283,18
0.1285,10
0.1286,4
0.1287,22
0.1288,20
0.129,8
0.1291,16
0.1292,12
0.1293,24
0.1295,6
0.1296,9
0.1297,7
0.1298,24
0.13,9
0.1301,16
0.1302,12
0.1303,13
0.1305,21
0.1306,5
0.1307,18
0.1308,15
0.131,8
0.1311,8
0.1312,10
0.1313,11
0.1314,9
0.1315,10
0.1316,10
0.1317,7
0.1318,11
0.1319,9
0.132,4
0.1321,8
0.1322,9
0.1323,13
0.1324,11
0.1325,8
0.1326,13
0.1327,13
0.1328,7
0.1329,6
0.133,10
0.1331,7
0.1332,7
0.1333,8
0.1334,14
0.1335,6
0.1336,5
0.1337,12
0.1338,4
0.1339,8
0.134,13
0.1341,4
0.1342,10
0.1343,12
0.1344,11
0.1345,7
0.1346,11
0.1348,13
0.1349,8
0.135,8
0.1351,19
0.1353,20
0.1354,5
0.1355,14
0.1356,17
0.1358,10
0.1359,8
0.136,12
0.1361,15
0.1363,4
0.1364,7
0.1365,8
0.1366,10
0.1368,10
0.1369,3
0.137,6
0.1371,11
0.1372,10
0.1373,4
0.1374,4
0.1375,6
0.1376,12
0.1377,5
0.1378,9
0.1379,4
0.138,5
0.1381,10
0.1382,9
0.1383,3
0.1384,6
0.1385,10
0.1386,3
0.1387,14
0.1388,3
0.1389,3
0.139,3
0.1391,6
0.1392,5
0.1393,6
0.1394,7
0.1395,8
0.1396,3
0.1397,8
0.1398,10
0.1399,8
0.14,22
0.1401,10
0.1402,5
0.1403,4
0.1404,9
0.1405,4
0.1406,7
0.1407,7
0.1408,4
0.1409,8
0.1411,14
0.1412,6
0.1413,15
0.1414,13
0.1416,8
0.1417,4
0.1418,9
0.1419,12
0.1421,8
0.1422,12
0.1423,7
0.1424,11
0.1426,8
0.1427,8
0.1428,11
0.1429,11
0.1431,6
0.1432,2
0.1433,5
0.1434,7
0.1435,6
0.1436,4
0.1437,2
0.1438,5
0.1439,5
0.144,13
0.1441,1
0.1442,3
0.1443,5
0.1444,5
0.1445,6
0.1446,3
0.1447,9
0.1448,1
0.145,7
0.1451,8
0.1452,8
0.1453,1
0.1454,4
0.1455,5
0.1456,6
0.1457,1
0.1458,7
0.1459,2
0.146,5
0.1461,5
0.1462,3
0.1463,7
0.1464,6
0.1465,6
0.1466,4
0.1467,5
0.1468,5
0.1469,3
0.147,27
0.1471,6
0.1472,6
0.1474,5
0.1475,7
0.1476,6
0.1477,3
0.1479,2
0.148,4
0.1481,6
0.1482,8
0.1485,3
0.1486,3
0.1487,7
0.1489,4
0.149,11
0.1491,1
0.1492,5
0.1494,6
0.1496,4
0.1497,6
0.1498,3
0.1499,1
0.15,7
0.1502,6
0.1503,6
0.1504,4
0.1505,6
0.1506,7
0.1507,6
0.1508,2
0.1509,7
0.151,3
0.1511,2
0.1512,6
0.1513,6
0.1514,4
0.1515,5
0.1516,3
0.1517,1
0.1518,2
0.1519,7
0.152,1
0.1521,5
0.1522,4
0.1523,2
0.1524,3
0.1525,4
0.1526,4
0.1527,6
0.1528,2
0.1529,2
0.153,1
0.1531,6
0.1532,2
0.1533,3
0.1534,6
0.1535,13
0.1537,2
0.1538,5
0.1539,5
0.154,8
0.1542,2
0.1543,2
0.1544,9
0.1545,5
0.1547,4
0.1548,2
0.1549,1
0.155,4
0.1552,4
0.1553,3
0.1554,1
0.1555,8
0.1557,3
0.1558,1
0.1559,2
0.156,3
0.1561,7
0.1562,1
0.1563,6
0.1564,2
0.1565,5
0.1566,2
0.1567,7
0.1568,1
0.1569,4
0.1571,4
0.1572,3
0.1573,2
0.1575,4
0.1576,5
0.1577,1
0.1578,3
0.1579,2
0.158,3
0.1582,7
0.1583,3
0.1584,1
0.1585,1
0.1586,1
0.1587,1
0.1588,3
0.1589,5
0.1591,3
0.1593,2
0.1595,2
0.1596,1
0.1597,2
0.1598,4
0.16,3
0.1601,1
0.1602,1
0.1603,3
0.1606,1
0.1607,3
0.1608,6
0.1611,1
0.1612,1
0.1613,3
0.1615,3
0.1616,1
0.1617,1
0.1618,1
0.162,1
0.1621,1
0.1622,5
0.1623,2
0.1624,2
0.1625,2
0.1626,2
0.1627,1
0.1628,1
0.1629,1
0.163,3
0.1631,2
0.1632,2
0.1633,1
0.1634,3
0.1635,3
0.1636,2
0.1637,1
0.1638,1
0.164,5
0.1642,2
0.1643,2
0.1644,1
0.1645,2
0.1646,3
0.1647,1
0.1648,2
0.165,5
0.1651,2
0.1652,1
0.1654,3
0.1655,2
0.1656,6
0.1658,2
0.166,6
0.1663,1
0.1664,1
0.1665,1
0.1666,3
0.1668,1
0.1669,1
0.167,1
0.1671,1
0.1673,2
0.1674,2
0.1675,1
0.1676,2
0.1678,4
0.168,1
0.1681,9
0.1684,3
0.1687,2
0.1688,2
0.169,2
0.1691,4
0.1693,1
0.1694,2
0.1695,1
0.1696,2
0.1697,2
0.1698,7
0.1699,2
0.17,2
0.1701,6
0.1702,2
0.1703,1
0.1705,1
0.1706,2
0.1707,5
0.1709,1
0.1712,3
0.1714,5
0.1716,4
0.1717,7
0.1718,1
0.1719,3
0.1721,3
0.1722,3
0.1723,1
0.1724,3
0.1726,2
0.1727,5
0.1728,1
0.1729,4
0.1732,1
0.1733,3
0.1734,3
0.1736,1
0.1737,2
0.1738,6
0.1739,3
0.1741,3
0.1742,2
0.1743,1
0.1744,8
0.1747,4
0.1748,2
0.175,4
0.1751,3
0.1754,1
0.1756,4
0.1757,1
0.1758,3
0.1759,6
0.176,1
0.1761,3
0.1762,3
0.1763,4
0.1765,1
0.1769,1
0.177,4
0.1771,2
0.1772,3
0.1773,3
0.1774,2
0.1775,2
0.1777,4
0.1778,2
0.1779,2
0.178,3
0.1781,1
0.1782,3
0.1784,6
0.1785,1
0.1787,2
0.1789,1
0.179,4
0.1791,2
0.1792,2
0.1794,3
0.1795,4
0.1796,5
0.1797,4
0.1799,1
0.18,4
0.1802,6
0.1805,1
0.1806,2
0.1807,4
0.181,2
0.1812,1
0.1815,4
0.1817,1
0.1818,1
0.1819,1
0.182,2
0.1823,2
0.1824,6
0.1825,1
0.1826,1
0.1827,2
0.1829,5
0.183,5
0.1832,2
0.1834,2
0.1837,3
0.1839,4
0.184,1
0.1841,1
0.1842,2
0.1843,1
0.1844,3
0.1845,3
0.1848,1
0.1849,2
0.185,4
0.1852,1
0.1853,2
0.1855,1
0.1857,2
0.1859,2
0.186,8
0.1862,4
0.1863,1
0.1865,7
0.1867,2
0.1869,4
0.187,4
0.1872,1
0.1873,1
0.1874,1
0.1875,2
0.1876,2
0.1877,2
0.1878,4
0.1879,2
0.1881,1
0.1882,1
0.1883,1
0.1884,2
0.1885,2
0.1889,5
0.1891,5
0.1892,2
0.1894,3
0.1895,1
0.1896,2
0.1897,3
0.1898,5
0.1899,1
0.1901,3
0.1904,2
0.1905,2
0.1906,3
0.1907,1
0.1908,1
0.191,1
0.1911,2
0.1915,2
0.1917,3
0.1918,8
0.1921,4
0.1923,4
0.1926,1
0.193,2
0.1931,1
0.1932,2
0.1933,3
0.1936,3
0.1938,2
0.1939,4
0.1941,2
0.1942,2
0.1944,2
0.1945,2
0.1946,1
0.1949,3
0.195,2
0.1952,3
0.1954,4
0.1956,2
0.1958,3
0.1959,1
0.196,1
0.1961,2
0.1962,2
0.1964,2
0.1965,2
0.1967,2
0.1969,1
0.197,1
0.1971,2
0.1973,1
0.1974,2
0.1976,1
0.198,4
0.1981,4
0.1983,2
0.1985,3
0.1986,10
0.1988,4
0.1991,4
0.1993,1
0.1994,1
0.1995,1
0.1997,1
0.1998,3
0.2,10
0.2001,2
0.2002,1
0.2003,3
0.2004,2
0.2005,1
0.2006,1
0.2007,1
0.2008,1
0.2009,1
0.201,3
0.2013,1
0.2015,2
0.2016,2
0.2018,2
0.2019,3
0.2021,1
0.2022,3
0.2023,2
0.2024,1
0.2025,1
0.2027,1
0.2028,1
0.2029,1
0.203,1
0.2032,3
0.2034,4
0.2037,2
0.2039,5
0.2041,1
0.2043,1
0.2044,1
0.2046,1
0.2047,1
0.2049,1
0.205,3
0.2051,2
0.2056,2
0.206,2
0.2063,1
0.2064,3
0.2067,1
0.2069,4
0.207,2
0.2071,2
0.2072,1
0.2073,1
0.2074,1
0.2075,1
0.2076,2
0.2077,1
0.2079,1
0.208,1
0.2081,2
0.2082,2
0.2086,4
0.2087,1
0.2089,2
0.209,16
0.2091,1
0.2092,2
0.2093,1
0.2094,1
0.2096,1
0.2097,2
0.2099,1
0.2101,4
0.2103,2
0.2104,1
0.2108,1
0.2113,2
0.2116,1
0.2118,2
0.212,1
0.2121,1
0.2122,5
0.2128,3
0.2129,3
0.213,1
0.2136,2
0.2137,1
0.2139,1
0.214,1
0.2142,2
0.2143,3
0.2144,1
0.2145,4
0.2148,1
0.2149,1
0.2154,3
0.2155,2
0.2156,2
0.216,1
0.2161,1
0.2163,1
0.2166,1
0.2167,1
0.2169,1
0.2173,3
0.2176,2
0.2177,2
0.2179,1
0.2182,1
0.2183,1
0.2185,1
0.2186,1
0.2187,2
0.219,1
0.2197,1
0.2198,1
0.2201,1
0.2202,1
0.2203,2
0.2204,1
0.2206,1
0.2207,1
0.2208,1
0.2213,2
0.2219,1
0.2223,2
0.2225,2
0.2229,2
0.223,1
0.2233,1
0.2234,1
0.2236,2
0.2239,2
0.224,1
0.2241,3
0.2243,2
0.2245,1
0.2247,1
0.2249,1
0.225,3
0.2253,1
0.2255,2
0.2256,2
0.2257,1
0.2262,1
0.2263,1
0.2266,1
0.2267,1
0.227,2
0.2274,2
0.2275,1
0.2276,3
0.2277,1
0.2279,1
0.2283,2
0.2294,1
0.2295,1
0.2297,2
0.2298,1
0.2301,1
0.2306,1
0.2309,1
0.2317,2
0.2319,1
0.232,2
0.2324,1
0.2326,2
0.233,1
0.2332,1
0.2334,1
0.2336,1
0.2338,1
0.2343,2
0.2346,1
0.2349,1
0.235,2
0.2351,1
0.2355,1
0.2356,1
0.2357,3
0.236,1
0.2364,4
0.2365,1
0.2384,1
0.2385,1
0.2387,2
0.239,1
0.2391,2
0.2395,1
0.2396,1
0.2397,1
0.2398,1
0.2399,1
0.24,1
0.2402,1
0.2405,1
0.241,2
0.2414,1
0.2415,1
0.242,1
0.2424,1
0.2429,1
0.243,1
0.2434,1
0.2437,3
0.2439,1
0.2441,1
0.2442,1
0.2445,1
0.2456,1
0.2461,1
0.2467,1
0.2468,2
0.2475,1
0.2479,1
0.248,2
0.2481,1
0.2484,1
0.2493,1
0.2494,1
0.2498,1
0.25,60
0.2505,1
0.2507,1
0.2513,1
0.2514,1
0.2522,4
0.253,1
0.2531,1
0.2535,1
0.2537,1
0.2547,2
0.2551,1
0.2554,1
0.2565,1
0.2569,1
0.2571,1
0.2572,2
0.2574,1
0.2576,1
0.2577,2
0.258,1
0.2582,3
0.2591,1
0.2599,1
0.2601,2
0.2602,1
0.2612,2
0.2615,1
0.2617,1
0.262,3
0.2621,2
0.2628,3
0.2644,2
0.2667,2
0.267,1
0.2675,1
0.268,1
0.2682,1
0.2687,2
0.2692,1
0.2693,1
0.27,1
0.2703,1
0.2717,1
0.2718,1
0.2721,2
0.2723,1
0.2728,1
0.2733,1
0.2736,1
0.2737,1
0.274,1
0.2742,1
0.2766,1
0.2769,1
0.2771,1
0.2772,1
0.2776,1
0.2785,1
0.2789,1
0.279,1
0.2793,1
0.2794,1
0.28,1
0.2803,2
0.2836,2
0.2849,1
0.2852,3
0.2853,1
0.2857,2
0.2858,1
0.2864,1
0.287,2
0.2872,1
0.2891,2
0.2901,1
0.2904,1
0.2905,1
0.2909,1
0.2917,1
0.2921,1
0.2926,1
0.2927,2
0.2929,2
0.2934,1
0.2938,1
0.294,1
0.2947,1
0.2949,1
0.295,1
0.2958,1
0.296,1
0.2967,1
0.2994,1
0.2998,1
0.2999,1
0.3,13
0.3001,1
0.3004,1
0.3012,1
0.3016,1
0.3018,1
0.3021,2
0.3029,1
0.3034,1
0.3035,1
0.3038,2
0.3039,1
0.3049,1
0.3057,1
0.3068,1
0.3078,1
0.3079,1
0.3084,1
0.3085,1
0.3086,1
0.3091,1
0.3096,1
0.3101,1
0.3103,1
0.3106,2
0.3114,1
0.3129,1
0.3133,1
0.3136,1
0.3146,1
0.315,1
0.3173,1
0.3175,1
0.3184,3
0.3189,2
0.3192,1
0.3197,1
0.3219,1
0.3237,1
0.3249,2
0.3257,2
0.3261,1
0.3282,1
0.3298,1
0.3299,1
0.3302,2
0.331,1
0.3315,1
0.3318,1
0.332,2
0.3328,1
0.3353,1
0.3373,3
0.3382,1
0.339,1
0.3394,2
0.3396,1
0.3403,1
0.3409,1
0.3423,1
0.3426,3
0.3427,1
0.3432,2
0.3439,1
0.3448,1
0.3479,1
0.3486,1
0.3499,1
0.3504,1
0.3567,1
0.3573,1
0.3574,1
0.3578,1
0.359,2
0.3595,1
0.3602,2
0.3603,2
0.361,1
0.3633,2
0.3639,1
0.3647,3
0.3652,1
0.3672,1
0.3676,1
0.3687,1
0.3691,1
0.3695,1
0.3729,1
0.3773,1
0.3776,1
0.3789,1
0.38,1
0.381,1
0.3812,1
0.3815,1
0.3817,2
0.3822,1
0.3829,1
0.3839,1
0.386,1
0.3883,1
0.3888,1
0.3965,1
0.3973,1
0.3975,1
0.4,14
0.4014,1
0.4063,1
0.4064,1
0.4069,1
0.4083,1
0.4092,1
0.41,2
0.4115,2
0.4116,2
0.4118,1
0.4131,1
0.4132,1
0.4189,9
0.419,8
0.42,2
0.44,16
0.441,23
0.464,4
0.4641,10
0.5,98
0.51,11
0.551,17
0.6,2
0.75,1
0.8,1
0.882,5
0.9,1
1.1025,4
1.323,4
1.764,5
1.856,3
1.9845,1
2.205,21
2.5,1
2.646,1
4.64,16
