0.2875,2
0.2878,1
0.2884,1
0.2888,2
0.2891,3
0.2893,2
0.2894,4
0.2898,2
0.2901,1
0.2904,2
0.2905,3
0.2906,1
0.2907,2
0.2908,3
0.2913,1
0.2916,3
0.2918,1
0.292,3
0.2922,2
0.2924,5
0.2926,5
0.2927,2
0.2928,1
0.293,2
0.2931,3
0.2933,1
0.2934,2
0.2935,3
0.294,7
0.2942,4
0.2943,2
0.2944,4
0.2945,6
0.2947,1
0.2949,8
0.295,3
0.2953,14
0.2955,6
0.2957,13
0.2959,7
0.296,13
0.2962,6
0.2963,10
0.2964,5
0.2965,11
0.2967,11
0.2968,1
0.2969,6
0.297,14
0.2972,4
0.2973,4
0.2974,4
0.2975,11
0.2977,1
0.2978,6
0.2979,15
0.298,8
0.2982,14
0.2983,9
0.2984,2
0.2985,14
0.2987,10
0.2988,12
0.299,11
0.2992,3
0.2993,6
0.2994,6
0.2995,12
0.2996,9
0.2997,12
0.2998,7
0.3,10
0.3001,3
0.3002,5
0.3003,5
0.3004,6
0.3005,6
0.3006,2
0.3007,19
0.3008,6
0.3009,11
0.301,9
0.3011,10
0.3012,9
0.3013,6
0.3014,8
0.3015,4
0.3016,5
0.3017,10
0.3018,9
0.302,7
0.3021,5
0.3022,7
0.3023,8
0.3024,8
0.3026,8
0.3027,10
0.3028,7
0.3029,9
0.303,13
0.3032,3
0.3033,18
0.3034,4
0.3035,2
0.3036,2
0.3037,10
0.3038,3
0.3039,4
0.304,9
0.3042,3
0.3043,3
0.3044,9
0.3045,8
0.3046,4
0.3047,4
0.3048,3
0.3049,22
0.305,14
0.3051,5
0.3052,5
0.3053,9
0.3054,12
0.3055,10
0.3056,7
0.3058,7
0.3059,6
0.306,5
0.3061,7
0.3062,5
0.3063,2
0.3064,13
0.3065,13
0.3066,23
0.3068,10
0.3069,13
0.307,7
0.3071,23
0.3073,11
0.3075,11
0.3076,43
0.3078,11
0.3079,10
0.308,20
0.3081,29
0.3083,4
0.3084,20
0.3085,9
0.3086,21
0.3088,10
0.3089,4
0.309,21
0.3091,15
0.3093,15
0.3094,9
0.3095,16
0.3096,15
0.3098,21
0.3099,14
0.31,23
0.3101,16
0.3103,22
0.3104,14
0.3105,7
0.3106,34
0.3108,23
0.3109,7
0.311,16
0.3111,26
0.3113,16
0.3114,20
0.3115,11
0.3116,32
0.3118,22
0.3119,9
0.312,6
0.3121,27
0.3122,11
0.3123,3
0.3124,16
0.3125,24
0.3127,13
0.3128,8
0.3129,20
0.313,13
0.3131,10
0.3132,4
0.3133,33
0.3134,4
0.3135,16
0.3136,6
0.3137,33
0.3138,7
0.3139,8
0.314,22
0.3141,6
0.3142,20
0.3143,10
0.3144,14
0.3145,10
0.3146,21
0.3147,3
0.3148,11
0.3149,18
0.315,11
0.3151,17
0.3152,11
0.3153,6
0.3154,11
0.3155,9
0.3156,10
0.3157,17
0.3158,6
0.3159,10
0.316,9
0.3161,9
0.3162,27
0.3163,10
0.3164,11
0.3165,11
0.3166,13
0.3167,11
0.3168,11
0.3169,20
0.317,21
0.3171,8
0.3172,3
0.3173,12
0.3174,16
0.3175,17
0.3176,4
0.3177,7
0.3178,22
0.3179,6
0.318,8
0.3181,19
0.3182,15
0.3183,12
0.3184,6
0.3185,12
0.3186,10
0.3187,28
0.3189,14
0.319,7
0.3191,16
0.3192,25
0.3194,12
0.3195,16
0.3196,5
0.3197,32
0.3199,25
0.32,9
0.3201,9
0.3202,33
0.3204,22
0.3206,26
0.3207,35
0.3209,8
0.321,38
0.3211,5
0.3212,31
0.3214,19
0.3215,14
0.3216,9
0.3217,20
0.3219,30
0.322,11
0.3221,16
0.3222,17
0.3224,29
0.3225,7
0.3226,15
0.3227,45
0.3229,3
0.323,12
0.3231,10
0.3232,39
0.3234,6
0.3235,12
0.3236,17
0.3237,26
0.3239,16
0.324,22
0.3241,9
0.3242,32
0.3244,17
0.3245,16
0.3246,15
0.3247,16
0.3248,7
0.3249,10
0.325,19
0.3251,17
0.3252,7
0.3253,17
0.3254,8
0.3255,25
0.3256,12
0.3257,9
0.3258,19
0.3259,16
0.326,8
0.3261,23
0.3262,5
0.3263,16
0.3264,14
0.3265,25
0.3266,9
0.3267,11
0.3268,26
0.3269,7
0.327,14
0.3271,14
0.3272,4
0.3273,19
0.3274,4
0.3275,37
0.3276,7
0.3277,3
0.3278,17
0.3279,7
0.328,23
0.3281,6
0.3282,8
0.3283,18
0.3284,22
0.3285,36
0.3286,9
0.3287,3
0.3288,12
0.3289,28
0.329,38
0.3291,5
0.3292,6
0.3293,5
0.3294,8
0.3295,53
0.3296,15
0.3297,8
0.3298,13
0.3299,7
0.33,41
0.3301,9
0.3302,12
0.3303,16
0.3304,10
0.3305,33
0.3306,21
0.3307,3
0.3308,10
0.3309,9
0.331,28
0.3311,20
0.3312,8
0.3313,21
0.3315,23
0.3316,10
0.3317,16
0.3318,27
0.332,10
0.3321,8
0.3322,15
0.3323,30
0.3325,22
0.3326,9
0.3327,9
0.3328,9
0.333,13
0.3331,18
0.3332,23
0.3333,18
0.3335,2
0.3336,9
0.3337,6
0.3338,40
0.334,15
0.3341,6
0.3342,5
0.3343,16
0.3345,5
0.3346,16
0.3347,9
0.3348,37
0.335,7
0.3351,10
0.3352,7
0.3353,15
0.3355,17
0.3356,10
0.3357,26
0.3358,19
0.336,9
0.3361,13
0.3362,9
0.3363,15
0.3365,22
0.3366,18
0.3367,15
0.3368,5
0.3369,19
0.337,4
0.3371,16
0.3372,5
0.3373,20
0.3374,14
0.3375,23
0.3376,4
0.3377,17
0.3378,17
0.3379,7
0.338,8
0.3381,24
0.3382,4
0.3383,23
0.3384,13
0.3385,12
0.3386,6
0.3387,10
0.3388,15
0.3389,14
0.339,20
0.3391,3
0.3392,12
0.3393,12
0.3394,10
0.3395,10
0.3396,10
0.3397,15
0.3398,6
0.3399,36
0.34,6
0.3401,15
0.3402,15
0.3403,18
0.3404,14
0.3405,6
0.3406,15
0.3407,20
0.3408,24
0.3409,20
0.341,7
0.3411,6
0.3412,14
0.3413,19
0.3414,6
0.3415,20
0.3416,13
0.3417,31
0.3418,9
0.3419,12
0.342,3
0.3421,16
0.3422,11
0.3423,2
0.3424,17
0.3425,15
0.3426,4
0.3427,11
0.3428,20
0.3429,5
0.343,21
0.3431,15
0.3432,15
0.3433,25
0.3434,6
0.3435,12
0.3436,17
0.3437,13
0.3438,12
0.3439,37
0.3441,15
0.3442,1
0.3443,19
0.3444,36
0.3446,12
0.3447,10
0.3448,3
0.3449,48
0.3451,13
0.3452,7
0.3453,12
0.3454,35
0.3457,18
0.3458,36
0.3459,26
0.3461,10
0.3462,16
0.3463,20
0.3464,14
0.3466,11
0.3467,7
0.3468,60
0.3469,11
0.3471,7
0.3472,15
0.3473,36
0.3474,15
0.3476,5
0.3477,15
0.3478,51
0.3479,16
0.3481,23
0.3482,11
0.3483,24
0.3484,25
0.3486,13
0.3487,28
0.3488,30
0.3489,28
0.3491,21
0.3492,8
0.3493,24
0.3494,22
0.3495,4
0.3496,5
0.3497,47
0.3498,20
0.3499,11
0.35,19
0.3501,20
0.3502,13
0.3503,32
0.3504,4
0.3505,18
0.3506,8
0.3507,27
0.3508,18
0.3509,19
0.351,10
0.3511,32
0.3512,15
0.3513,11
0.3514,24
0.3515,13
0.3516,8
0.3517,40
0.3518,9
0.3519,5
0.352,12
0.3521,24
0.3522,18
0.3523,13
0.3524,29
0.3525,8
0.3526,12
0.3527,9
0.3528,20
0.3529,7
0.353,5
0.3531,30
0.3532,11
0.3533,22
0.3534,12
0.3535,22
0.3536,6
0.3537,10
0.3538,39
0.3539,4
0.354,13
0.3541,29
0.3542,12
0.3543,8
0.3544,9
0.3545,14
0.3546,24
0.3547,11
0.3548,12
0.3549,20
0.355,11
0.3551,5
0.3552,31
0.3553,19
0.3554,15
0.3555,13
0.3556,2
0.3557,7
0.3558,13
0.3559,10
0.356,21
0.3561,10
0.3562,18
0.3563,40
0.3564,8
0.3565,17
0.3567,23
0.3568,10
0.3569,10
0.357,48
0.3572,13
0.3573,1
0.3574,37
0.3575,42
0.3577,6
0.3578,26
0.3579,5
0.358,57
0.3582,6
0.3583,20
0.3584,17
0.3585,48
0.3587,28
0.3588,5
0.3589,19
0.359,39
0.3592,19
0.3593,12
0.3594,14
0.3595,37
0.3597,37
0.3598,7
0.3599,48
0.36,150
0.3602,9
0.3603,8
0.3604,9
0.3605,15
0.3607,17
0.3608,32
0.3609,36
0.361,29
0.3612,4
0.3613,14
0.3614,7
0.3615,34
0.3617,27
0.3619,12
0.362,2
0.3621,19
0.3622,14
0.3623,14
0.3624,17
0.3625,13
0.3626,19
0.3627,30
0.3628,8
0.3629,8
0.363,15
0.3631,2
0.3632,7
0.3633,25
0.3634,17
0.3635,26
0.3636,20
0.3637,19
0.3638,7
0.3639,1
0.364,10
0.3641,10
0.3642,16
0.3643,12
0.3644,7
0.3645,41
0.3646,20
0.3647,61
0.3648,11
0.3649,9
0.365,6
0.3651,8
0.3652,9
0.3653,6
0.3654,5
0.3655,12
0.3656,15
0.3657,10
0.3658,51
0.3659,61
0.366,2
0.3661,10
0.3662,2
0.3663,7
0.3664,3
0.3665,8
0.3666,2
0.3667,10
0.3668,15
0.3669,8
0.367,31
0.3671,77
0.3672,6
0.3673,9
0.3674,9
0.3675,5
0.3676,5
0.3677,16
0.3678,11
0.3679,9
0.368,9
0.3681,13
0.3682,8
0.3683,12
0.3684,50
0.3685,36
0.3686,2
0.3687,8
0.3688,8
0.3689,4
0.369,12
0.3691,24
0.3693,14
0.3694,17
0.3695,19
0.3696,36
0.3698,43
0.3699,25
0.37,25
0.3701,14
0.3703,7
0.3704,10
0.3705,10
0.3706,11
0.3708,14
0.3709,18
0.371,31
0.3711,63
0.3713,17
0.3714,25
0.3715,23
0.3716,13
0.3718,21
0.3719,14
0.372,3
0.3721,27
0.3723,23
0.3724,25
0.3725,19
0.3726,28
0.3728,21
0.3729,10
0.373,26
0.3731,25
0.3733,22
0.3734,19
0.3735,3
0.3736,31
0.3738,30
0.3739,19
0.374,15
0.3741,17
0.3743,30
0.3744,7
0.3745,13
0.3746,10
0.3747,6
0.3748,22
0.3749,11
0.375,34
0.3751,18
0.3752,17
0.3753,21
0.3754,19
0.3755,5
0.3756,6
0.3757,8
0.3758,8
0.3759,33
0.376,3
0.3761,38
0.3762,11
0.3763,7
0.3764,39
0.3765,18
0.3766,5
0.3767,25
0.3768,12
0.3769,24
0.377,7
0.3771,7
0.3772,23
0.3773,11
0.3774,11
0.3775,25
0.3776,14
0.3777,23
0.3778,23
0.3779,4
0.378,14
0.3781,3
0.3782,18
0.3783,12
0.3784,6
0.3785,20
0.3786,24
0.3787,7
0.3788,19
0.3789,6
0.379,26
0.3791,10
0.3792,6
0.3793,35
0.3794,12
0.3795,9
0.3796,6
0.3797,47
0.3799,9
0.38,44
0.3801,24
0.3802,2
0.3803,9
0.3804,14
0.3805,17
0.3806,4
0.3807,15
0.3808,27
0.3809,18
0.381,5
0.3811,21
0.3812,41
0.3814,5
0.3815,31
0.3816,13
0.3817,11
0.3819,10
0.382,22
0.3821,16
0.3822,13
0.3824,18
0.3825,20
0.3826,16
0.3827,19
0.3829,3
0.383,36
0.3831,10
0.3832,30
0.3834,14
0.3835,22
0.3836,14
0.3837,21
0.3839,9
0.384,22
0.3841,8
0.3842,19
0.3844,4
0.3845,22
0.3846,19
0.3847,6
0.3849,8
0.385,24
0.3851,18
0.3852,23
0.3854,5
0.3855,6
0.3856,24
0.3857,15
0.3859,9
0.386,19
0.3861,29
0.3862,8
0.3864,4
0.3865,20
0.3866,17
0.3867,31
0.3869,13
0.3871,16
0.3872,4
0.3873,23
0.3874,8
0.3875,5
0.3876,4
0.3877,31
0.3878,10
0.3879,20
0.388,16
0.3881,8
0.3882,4
0.3883,14
0.3884,15
0.3885,22
0.3886,2
0.3887,18
0.3888,7
0.3889,8
0.389,26
0.3891,16
0.3892,10
0.3893,14
0.3894,12
0.3895,6
0.3896,11
0.3897,18
0.3898,9
0.3899,13
0.39,10
0.3901,9
0.3902,11
0.3903,37
0.3904,6
0.3905,5
0.3906,11
0.3907,19
0.3908,12
0.3909,8
0.391,36
0.3911,9
0.3912,7
0.3913,17
0.3914,27
0.3915,14
0.3916,17
0.3917,32
0.3918,3
0.3919,2
0.392,17
0.3921,13
0.3922,16
0.3923,15
0.3924,19
0.3925,15
0.3926,6
0.3927,23
0.3928,3
0.3929,12
0.393,12
0.3931,24
0.3932,3
0.3933,13
0.3934,11
0.3935,18
0.3936,3
0.3937,19
0.3938,33
0.394,3
0.3941,11
0.3942,14
0.3943,15
0.3945,30
0.3946,30
0.3947,2
0.3948,19
0.395,9
0.3951,7
0.3952,22
0.3953,48
0.3955,12
0.3956,9
0.3957,6
0.3958,13
0.396,25
0.3961,17
0.3962,17
0.3963,48
0.3965,1
0.3966,12
0.3967,9
0.3968,16
0.397,10
0.3971,21
0.3972,38
0.3973,14
0.3975,5
0.3976,6
0.3977,5
0.3978,9
0.398,27
0.3981,20
0.3982,9
0.3983,7
0.3985,4
0.3986,11
0.3987,12
0.3988,30
0.399,22
0.3991,18
0.3993,11
0.3994,3
0.3995,9
0.3996,5
0.3997,20
0.3998,4
0.3999,20
0.4,99
0.4001,10
0.4002,3
0.4003,8
0.4004,11
0.4005,5
0.4006,4
0.4007,21
0.4008,6
0.4009,20
0.401,18
0.4011,11
0.4012,18
0.4013,3
0.4014,7
0.4015,14
0.4016,8
0.4017,8
0.4018,2
0.4019,17
0.402,5
0.4021,8
0.4022,20
0.4023,3
0.4024,2
0.4025,16
0.4026,2
0.4027,4
0.4028,22
0.4029,9
0.403,15
0.4031,2
0.4032,14
0.4033,7
0.4034,8
0.4035,12
0.4036,17
0.4038,4
0.4039,11
0.404,13
0.4041,5
0.4042,9
0.4043,6
0.4044,24
0.4045,5
0.4046,3
0.4047,13
0.4048,17
0.4049,13
0.405,7
0.4051,20
0.4052,1
0.4053,10
0.4054,12
0.4055,3
0.4056,17
0.4057,5
0.4058,14
0.4059,3
0.406,23
0.4061,8
0.4062,4
0.4063,17
0.4064,18
0.4066,9
0.4067,4
0.4068,12
0.4069,24
0.4071,7
0.4072,17
0.4073,3
0.4074,37
0.4076,11
0.4077,13
0.4078,7
0.4079,17
0.4081,4
0.4083,20
0.4084,16
0.4086,3
0.4087,3
0.4088,26
0.4089,36
0.4091,1
0.4092,8
0.4093,1
0.4094,21
0.4096,18
0.4097,2
0.4098,6
0.4099,9
0.41,4
0.4101,6
0.4102,32
0.4103,14
0.4104,4
0.4105,6
0.4106,13
0.4107,4
0.4108,6
0.4109,22
0.411,12
0.4112,5
0.4113,4
0.4114,19
0.4115,2
0.4116,21
0.4117,16
0.4118,15
0.4119,5
0.412,14
0.4121,4
0.4122,24
0.4123,23
0.4124,13
0.4125,14
0.4126,7
0.4127,1
0.4128,8
0.4129,8
0.413,25
0.4131,14
0.4132,5
0.4133,4
0.4134,3
0.4135,9
0.4136,17
0.4137,3
0.4138,10
0.4139,26
0.414,7
0.4141,2
0.4142,17
0.4143,2
0.4144,7
0.4145,12
0.4146,22
0.4147,7
0.4148,15
0.4149,7
0.415,4
0.4151,15
0.4152,3
0.4153,20
0.4154,1
0.4155,14
0.4156,4
0.4157,6
0.4158,7
0.4159,8
0.416,13
0.4161,13
0.4162,23
0.4163,6
0.4164,1
0.4165,7
0.4166,14
0.4167,11
0.4168,5
0.4169,5
0.417,13
0.4171,8
0.4172,23
0.4173,17
0.4175,4
0.4176,12
0.4177,11
0.4178,10
0.4179,10
0.418,4
0.4181,7
0.4182,13
0.4183,21
0.4184,4
0.4185,5
0.4186,4
0.4187,20
0.4188,8
0.4189,13
0.419,9
0.4191,11
0.4192,1
0.4193,20
0.4194,15
0.4195,2
0.4196,7
0.4197,10
0.4198,3
0.4199,7
0.42,28
0.4201,10
0.4202,10
0.4203,3
0.4204,6
0.4205,24
0.4206,13
0.4207,1
0.4208,11
0.4209,6
0.421,4
0.4211,18
0.4212,2
0.4213,3
0.4214,4
0.4215,2
0.4216,12
0.4217,13
0.4218,10
0.4219,3
0.422,3
0.4221,8
0.4222,17
0.4223,6
0.4224,16
0.4225,3
0.4226,24
0.4228,4
0.4229,10
0.423,19
0.4231,14
0.4232,10
0.4233,10
0.4234,4
0.4235,13
0.4236,1
0.4237,7
0.4238,2
0.4239,11
0.424,13
0.4241,14
0.4242,5
0.4243,16
0.4244,11
0.4245,34
0.4246,8
0.4247,3
0.4249,23
0.425,20
0.4251,6
0.4252,5
0.4253,6
0.4254,7
0.4255,11
0.4256,15
0.4257,15
0.4258,8
0.4259,12
0.426,1
0.4261,8
0.4262,1
0.4263,8
0.4264,24
0.4266,14
0.4267,11
0.4268,20
0.4269,9
0.427,3
0.4271,5
0.4272,15
0.4273,7
0.4274,8
0.4276,6
0.4278,16
0.4279,22
0.428,2
0.4281,9
0.4282,3
0.4283,12
0.4284,16
0.4285,5
0.4286,9
0.4287,10
0.4288,9
0.4289,21
0.429,3
0.4291,8
0.4292,17
0.4293,3
0.4294,10
0.4295,8
0.4296,31
0.4297,5
0.4298,12
0.4299,11
0.43,4
0.4301,9
0.4302,7
0.4303,3
0.4304,2
0.4305,13
0.4306,16
0.4307,2
0.4308,9
0.4309,9
0.431,3
0.4311,2
0.4312,1
0.4313,12
0.4314,12
0.4315,6
0.4316,10
0.4317,21
0.4318,3
0.4319,13
0.432,25
0.4321,3
0.4323,19
0.4324,6
0.4326,4
0.4327,7
0.4328,9
0.4329,19
0.433,1
0.4331,5
0.4332,11
0.4333,23
0.4334,15
0.4335,9
0.4336,10
0.4337,4
0.4338,1
0.4339,9
0.434,4
0.4341,1
0.4342,13
0.4343,2
0.4344,8
0.4345,8
0.4346,6
0.4347,12
0.4348,10
0.4349,4
0.435,7
0.4351,6
0.4352,16
0.4353,21
0.4354,12
0.4355,5
0.4356,5
0.4357,3
0.4358,3
0.4359,9
0.436,4
0.4361,13
0.4362,9
0.4364,7
0.4365,8
0.4366,4
0.4367,1
0.4368,16
0.4369,26
0.437,29
0.4372,4
0.4373,3
0.4374,1
0.4375,11
0.4376,11
0.4377,9
0.4378,8
0.438,2
0.4381,13
0.4382,2
0.4383,10
0.4384,11
0.4385,6
0.4386,3
0.4387,14
0.4388,14
0.4389,25
0.439,2
0.4392,17
0.4395,7
0.4397,10
0.4399,16
0.44,6
0.4401,12
0.4402,4
0.4403,7
0.4404,12
0.4405,8
0.4406,22
0.4407,17
0.4408,14
0.4409,23
0.4411,3
0.4412,6
0.4413,1
0.4414,5
0.4415,1
0.4416,4
0.4417,8
0.4418,8
0.4419,1
0.442,14
0.4422,10
0.4423,3
0.4424,13
0.4425,17
0.4426,16
0.4427,13
0.4428,7
0.4429,8
0.443,15
0.4431,14
0.4432,3
0.4433,9
0.4434,8
0.4435,2
0.4436,1
0.4437,3
0.4438,3
0.4439,7
0.444,8
0.4442,7
0.4443,4
0.4444,10
0.4445,12
0.4446,13
0.4447,11
0.4448,4
0.4449,10
0.445,15
0.4451,3
0.4452,18
0.4453,13
0.4454,25
0.4455,12
0.4456,1
0.4458,5
0.4459,2
0.4461,2
0.4462,10
0.4463,13
0.4464,2
0.4465,12
0.4466,5
0.4467,6
0.4468,8
0.4469,3
0.447,5
0.4471,2
0.4472,7
0.4473,1
0.4474,7
0.4475,14
0.4476,8
0.4477,14
0.4478,3
0.4479,10
0.448,29
0.4481,29
0.4482,3
0.4483,5
0.4485,11
0.4486,3
0.4487,6
0.4488,4
0.4489,2
0.449,1
0.4491,4
0.4492,4
0.4493,11
0.4495,2
0.4496,11
0.4497,1
0.4499,7
0.45,14
0.4501,2
0.4502,2
0.4503,12
0.4504,4
0.4505,9
0.4506,10
0.4507,17
0.4508,12
0.4509,38
0.451,12
0.4511,3
0.4513,1
0.4515,2
0.4518,3
0.4519,5
0.452,20
0.4521,1
0.4522,11
0.4523,2
0.4524,16
0.4526,8
0.4527,10
0.4528,3
0.453,16
0.4531,11
0.4532,5
0.4533,10
0.4534,2
0.4535,3
0.4536,13
0.4537,15
0.4538,13
0.4539,3
0.454,21
0.4541,14
0.4542,16
0.4544,8
0.4545,2
0.4546,2
0.4547,3
0.4548,1
0.455,9
0.4552,15
0.4553,2
0.4555,1
0.4556,3
0.4557,1
0.4558,10
0.4559,2
0.456,6
0.4561,4
0.4562,13
0.4563,8
0.4564,3
0.4565,6
0.4566,11
0.4567,12
0.4568,8
0.4569,17
0.457,6
0.4571,17
0.4572,10
0.4573,5
0.4574,12
0.4575,11
0.4576,9
0.4577,13
0.4578,3
0.4579,1
0.458,1
0.4583,7
0.4584,2
0.4585,6
0.4587,1
0.4588,10
0.459,10
0.4591,7
0.4592,6
0.4594,12
0.4595,9
0.4596,6
0.4597,26
0.4599,14
0.46,3
0.4601,3
0.4602,9
0.4603,8
0.4605,4
0.4606,2
0.4607,5
0.4609,8
0.461,12
0.4611,6
0.4612,8
0.4613,6
0.4614,9
0.4615,5
0.4616,14
0.4617,29
0.4618,12
0.4619,2
0.462,25
0.4622,6
0.4623,5
0.4624,1
0.4625,7
0.4626,2
0.4627,7
0.4628,8
0.4629,4
0.463,1
0.4631,9
0.4633,11
0.4634,2
0.4635,2
0.4636,7
0.4637,3
0.4638,1
0.4639,5
0.464,16
0.4641,3
0.4642,3
0.4643,6
0.4644,15
0.4645,3
0.4646,15
0.4647,1
0.4648,2
0.4649,7
0.465,9
0.4651,3
0.4652,3
0.4653,9
0.4655,3
0.4656,1
0.4657,16
0.4659,5
0.466,3
0.4661,3
0.4662,2
0.4663,7
0.4664,21
0.4665,18
0.4667,8
0.4668,2
0.4669,7
0.467,4
0.4671,1
0.4672,3
0.4673,2
0.4674,6
0.4675,1
0.4676,2
0.4677,11
0.4678,1
0.4679,5
0.468,8
0.4681,7
0.4682,1
0.4684,7
0.4685,7
0.4686,2
0.4687,9
0.4688,5
0.4689,21
0.469,7
0.4692,1
0.4693,3
0.4694,4
0.4695,1
0.4696,1
0.4697,8
0.4699,8
0.47,1
0.4701,3
0.4702,1
0.4703,3
0.4704,1
0.4705,7
0.4706,1
0.4707,1
0.4708,8
0.4709,2
0.471,5
0.4713,20
0.4714,11
0.4715,13
0.4716,12
0.4717,7
0.4718,13
0.4719,9
0.472,3
0.4722,12
0.4723,2
0.4724,1
0.4727,10
0.473,8
0.4732,9
0.4733,4
0.4734,2
0.4735,7
0.4736,1
0.4737,4
0.4738,1
0.4739,4
0.474,10
0.4742,4
0.4743,7
0.4745,8
0.4746,1
0.4747,7
0.4749,2
0.475,4
0.4751,6
0.4752,7
0.4754,2
0.4755,3
0.4756,11
0.4757,5
0.4758,2
0.4759,5
0.476,1
0.4761,2
0.4762,20
0.4763,5
0.4766,8
0.4767,12
0.4768,4
0.4769,4
0.477,9
0.4772,2
0.4773,21
0.4774,4
0.4775,1
0.4776,3
0.4778,5
0.4779,14
0.478,3
0.4781,14
0.4783,5
0.4784,2
0.4785,16
0.4787,4
0.4789,2
0.479,3
0.4791,2
0.4792,2
0.4793,9
0.4794,9
0.4797,9
0.4798,2
0.4799,1
0.48,14
0.4802,4
0.4803,6
0.4804,8
0.4805,8
0.4806,2
0.4807,4
0.481,3
0.4811,10
0.4812,1
0.4813,6
0.4814,6
0.4816,6
0.4817,4
0.4818,8
0.4819,4
0.482,10
0.4821,11
0.4823,11
0.4824,2
0.4825,5
0.4826,5
0.4827,6
0.4828,4
0.483,2
0.4831,9
0.4832,1
0.4834,4
0.4835,5
0.4836,7
0.4838,1
0.4839,21
0.4841,10
0.4842,7
0.4843,7
0.4844,5
0.4845,3
0.4846,5
0.4847,6
0.4848,6
0.4849,2
0.485,13
0.4854,13
0.4856,3
0.4857,3
0.4858,7
0.4859,1
0.486,1
0.4861,2
0.4862,12
0.4863,2
0.4864,8
0.4866,17
0.487,9
0.4871,2
0.4872,4
0.4874,6
0.4875,2
0.4877,3
0.4878,14
0.4879,6
0.488,4
0.4881,1
0.4882,9
0.4883,9
0.4884,1
0.4885,6
0.4886,3
0.4887,2
0.4889,6
0.489,1
0.4891,9
0.4893,2
0.4894,2
0.4895,6
0.4896,10
0.4897,11
0.49,10
0.4903,6
0.4904,12
0.4905,7
0.4906,11
0.4907,4
0.4909,5
0.491,4
0.4911,3
0.4913,2
0.4914,2
0.4915,15
0.4916,1
0.4918,11
0.4919,3
0.492,3
0.4921,3
0.4922,7
0.4923,3
0.4924,8
0.4925,8
0.4926,4
0.4927,9
0.4928,4
0.4929,5
0.4932,11
0.4933,3
0.4934,13
0.4935,3
0.4936,2
0.4937,9
0.4938,10
0.494,2
0.4941,11
0.4942,4
0.4944,19
0.4947,11
0.4948,7
0.4951,2
0.4952,5
0.4953,15
0.4954,10
0.4955,1
0.4957,20
0.4958,7
0.496,2
0.4961,5
0.4962,5
0.4963,10
0.4964,6
0.4965,7
0.4967,12
0.4968,11
0.4969,3
0.4971,1
0.4972,7
0.4974,7
0.4975,13
0.4976,6
0.4977,2
0.4978,5
0.4979,11
0.498,2
0.4982,15
0.4985,10
0.4986,11
0.4987,4
0.4988,6
0.499,6
0.4991,3
0.4992,1
0.4993,12
0.4994,1
0.4996,4
0.4997,3
0.4998,19
0.4999,6
0.5,542
0.5001,1
0.5002,3
0.5004,7
0.5007,3
0.5008,2
0.5009,2
0.501,9
0.5013,3
0.5014,7
0.5016,8
0.5017,3
0.502,4
0.5021,2
0.5022,2
0.5026,3
0.5027,10
0.5029,1
0.5033,2
0.5034,19
0.5037,7
0.5038,8
0.504,7
0.5041,4
0.5043,1
0.5046,4
0.5047,4
0.5048,2
0.505,1
0.5051,2
0.5052,2
0.5053,4
0.5054,3
0.5057,3
0.5059,6
0.506,3
0.5062,1
0.5063,1
0.5066,5
0.5067,4
0.5073,6
0.5074,5
0.5076,7
0.5077,7
0.5078,1
0.5079,4
0.508,2
0.5081,7
0.5084,2
0.5086,5
0.5087,4
0.5089,3
0.509,19
0.5092,1
0.5093,5
0.5094,5
0.5096,1
0.5097,2
0.51,2
0.5101,3
0.5102,1
0.5104,20
0.5106,6
0.5109,4
0.511,1
0.5111,2
0.5112,3
0.5115,1
0.5116,1
0.5118,1
0.5119,2
0.512,9
0.5121,7
0.5125,11
0.5128,2
0.5129,1
0.513,3
0.5133,4
0.5134,7
0.5135,4
0.5137,3
0.5138,1
0.5141,9
0.5144,1
0.5147,1
0.5149,11
0.515,5
0.5154,3
0.5157,3
0.5159,2
0.516,2
0.5162,5
0.5163,2
0.5165,9
0.5169,1
0.5172,2
0.5174,1
0.5175,8
0.5177,3
0.5179,6
0.518,4
0.5181,9
0.5182,4
0.5184,1
0.5185,2
0.5187,1
0.5191,1
0.5192,3
0.5194,2
0.5195,4
0.5197,11
0.5198,2
0.5199,2
0.5203,10
0.5207,2
0.521,1
0.5211,6
0.5213,1
0.5215,7
0.5217,3
0.5218,1
0.5219,2
0.5223,3
0.5224,4
0.5225,4
0.5229,3
0.523,8
0.5231,1
0.5232,5
0.5234,5
0.5235,14
0.5239,6
0.5242,2
0.5243,2
0.5244,2
0.5245,2
0.5246,7
0.5247,9
0.5248,1
0.5249,1
0.5251,5
0.5252,8
0.5253,2
0.5254,4
0.5256,2
0.5258,4
0.526,5
0.5264,3
0.5265,6
0.5269,1
0.527,11
0.5271,3
0.5272,3
0.5273,3
0.5274,4
0.5275,7
0.5276,1
0.5278,6
0.5279,3
0.528,3
0.5282,3
0.5283,2
0.5285,3
0.5289,1
0.529,5
0.5291,1
0.5294,3
0.5295,1
0.5296,11
0.5298,5
0.5299,2
0.53,3
0.5301,3
0.5302,2
0.5305,2
0.5306,9
0.5308,1
0.531,5
0.5311,4
0.5314,1
0.5315,1
0.5318,3
0.5319,7
0.532,2
0.5321,1
0.5323,4
0.5324,2
0.5325,4
0.5326,6
0.533,6
0.5333,5
0.5335,1
0.5336,5
0.5338,3
0.5339,7
0.534,3
0.5341,2
0.5342,2
0.5343,5
0.5344,1
0.5345,6
0.5348,3
0.5349,5
0.535,6
0.5351,5
0.5352,2
0.5353,1
0.5356,6
0.5358,3
0.5361,4
0.5363,3
0.5364,5
0.5367,2
0.5369,1
0.537,1
0.5371,4
0.5372,4
0.5373,1
0.5377,6
0.5379,3
0.538,1
0.5382,6
0.5383,3
0.5384,2
0.5387,1
0.5389,3
0.5391,1
0.5392,12
0.5393,1
0.5394,2
0.5395,2
0.5396,5
0.5397,7
0.54,9
0.5403,2
0.5405,5
0.5406,5
0.5407,7
0.5409,2
0.541,7
0.5411,1
0.5414,4
0.5415,1
0.5419,3
0.542,8
0.5421,2
0.5422,2
0.5423,3
0.5424,2
0.5425,1
0.5426,3
0.5427,2
0.543,7
0.5431,2
0.5433,2
0.5435,1
0.5439,11
0.5441,3
0.5442,1
0.5444,3
0.5445,4
0.5446,8
0.5449,1
0.545,1
0.5453,6
0.5455,2
0.5459,2
0.546,1
0.5463,1
0.5464,2
0.5467,6
0.5471,5
0.5472,3
0.5473,1
0.5474,2
0.5475,1
0.5477,2
0.5479,1
0.548,2
0.5481,1
0.5482,1
0.5483,2
0.5484,5
0.5487,18
0.5488,2
0.5489,4
0.549,2
0.5491,1
0.5494,2
0.5495,1
0.5496,6
0.5498,1
0.5501,3
0.5503,3
0.5504,4
0.5507,3
0.5508,5
0.551,7
0.5512,3
0.5513,3
0.5515,4
0.5516,1
0.5518,5
0.5521,3
0.5523,8
0.5524,3
0.5525,1
0.5528,3
0.5533,1
0.5534,1
0.5536,5
0.5537,1
0.5545,3
0.5547,4
0.5548,8
0.5551,5
0.5553,3
0.5554,1
0.5556,1
0.5557,6
0.556,3
0.5562,1
0.5563,1
0.5564,2
0.5565,2
0.5566,5
0.5567,1
0.5568,5
0.557,2
0.5571,5
0.5572,4
0.5574,3
0.5575,8
0.5577,2
0.5578,2
0.558,2
0.5582,1
0.5584,2
0.5585,1
0.5586,4
0.5588,1
0.5591,1
0.5592,1
0.5593,4
0.5594,6
0.5595,1
0.5596,5
0.5597,4
0.5601,2
0.5604,1
0.5605,9
0.5607,2
0.5608,2
0.561,4
0.5613,2
0.5615,1
0.5618,3
0.5621,1
0.5622,2
0.5623,6
0.5624,9
0.5629,1
0.5631,3
0.5633,1
0.5635,1
0.5636,1
0.5637,3
0.5638,2
0.5639,2
0.5642,2
0.5643,2
0.5644,5
0.5646,1
0.5648,3
0.5649,9
0.5651,5
0.5652,4
0.5653,3
0.5657,1
0.5658,5
0.5661,3
0.5662,3
0.5665,1
0.5671,1
0.5672,1
0.5674,2
0.5676,4
0.5678,3
0.5679,6
0.5682,3
0.5683,7
0.5684,3
0.5686,1
0.5687,6
0.5689,2
0.5691,1
0.5694,1
0.5695,1
0.5696,1
0.5697,2
0.5698,1
0.5699,2
0.5701,2
0.5702,1
0.5703,4
0.5705,9
0.5708,6
0.5709,1
0.5712,3
0.5714,6
0.5715,2
0.5716,7
0.5717,3
0.5724,2
0.5727,2
0.5728,1
0.5729,1
0.5732,4
0.5734,2
0.5735,1
0.5736,4
0.5737,1
0.5738,3
0.5741,3
0.5742,3
0.5744,1
0.5745,5
0.5747,4
0.5748,2
0.5749,5
0.575,8
0.5752,2
0.5753,1
0.5754,1
0.5757,1
0.576,7
0.5765,2
0.5766,6
0.5768,1
0.577,3
0.5772,1
0.5774,1
0.5775,5
0.5778,7
0.578,6
0.5782,6
0.5783,7
0.5784,2
0.5785,3
0.5786,1
0.5787,2
0.5788,3
0.5789,7
0.579,1
0.5793,3
0.5797,1
0.5799,1
0.58,1
0.5803,1
0.5806,4
0.5807,8
0.5808,1
0.581,1
0.5812,3
0.5813,4
0.5815,1
0.5816,3
0.5817,11
0.582,5
0.5824,1
0.5826,2
0.5827,6
0.5829,1
0.583,1
0.5832,4
0.5839,3
0.584,2
0.5842,2
0.5844,1
0.5848,2
0.5849,2
0.585,1
0.5853,1
0.5855,3
0.5857,2
0.5858,2
0.5859,4
0.586,5
0.5863,2
0.5864,5
0.5866,4
0.5867,1
0.5868,5
0.5869,7
0.5871,2
0.5872,4
0.5873,1
0.5874,4
0.5875,3
0.5876,2
0.5879,2
0.588,3
0.5881,3
0.5883,2
0.5885,1
0.5889,9
0.5894,6
0.5897,1
0.5898,1
0.59,2
0.5903,2
0.5906,3
0.5908,2
0.5911,3
0.5913,1
0.5916,1
0.5919,2
0.5921,6
0.5923,5
0.5924,2
0.5925,3
0.5926,1
0.5927,2
0.5928,1
0.5929,1
0.5931,1
0.5933,1
0.5934,2
0.5935,1
0.5936,3
0.5943,3
0.5948,3
0.595,2
0.5951,2
0.5953,6
0.5955,1
0.5957,1
0.5959,6
0.596,2
0.5961,1
0.5964,3
0.5965,1
0.5968,1
0.5969,1
0.597,2
0.5971,3
0.5973,1
0.5974,5
0.5976,5
0.5978,2
0.5979,3
0.598,1
0.5985,3
0.5989,2
0.599,4
0.5995,3
0.5997,1
0.5999,1
0.6,10
0.6001,6
0.6002,2
0.6006,5
0.6007,3
0.6009,4
0.6012,1
0.6014,1
0.6015,2
0.6016,6
0.6019,9
0.602,1
0.6021,5
0.6027,5
0.6028,5
0.6032,2
0.6034,9
0.6035,1
0.6036,7
0.6038,1
0.6039,4
0.6042,1
0.6045,2
0.6046,3
0.6047,2
0.6048,5
0.6049,1
0.605,1
0.6051,7
0.6054,1
0.6055,2
0.6057,2
0.6059,3
0.6061,1
0.6062,4
0.6064,2
0.6066,1
0.6067,1
0.6069,4
0.6074,3
0.6076,5
0.6077,2
0.6078,2
0.608,3
0.6084,1
0.6086,2
0.6091,2
0.6092,3
0.6094,1
0.6096,2
0.6098,2
0.61,2
0.6102,4
0.6104,2
0.6105,4
0.6106,3
0.6107,2
0.6108,1
0.611,2
0.6112,3
0.6114,4
0.6119,1
0.612,7
0.6126,6
0.6127,2
0.6135,2
0.6136,2
0.6138,1
0.614,4
0.6141,3
0.6142,2
0.6143,2
0.6146,4
0.6151,2
0.6153,1
0.6156,2
0.6157,6
0.6158,2
0.6159,4
0.6163,2
0.6165,1
0.6166,2
0.6167,2
0.6171,1
0.6172,1
0.6173,8
0.6175,10
0.6179,4
0.6182,3
0.6183,3
0.6185,1
0.6187,1
0.6188,1
0.6193,1
0.62,1
0.6203,1
0.6205,1
0.6206,3
0.6207,2
0.6208,2
0.6209,2
0.621,6
0.6211,3
0.6213,2
0.6219,1
0.6221,1
0.6222,1
0.6223,5
0.6226,4
0.6227,5
0.6229,1
0.6231,1
0.6233,1
0.6239,3
0.6243,3
0.6246,1
0.6248,1
0.6251,2
0.6256,1
0.6259,2
0.6261,1
0.6264,2
0.6267,3
0.6268,2
0.6269,2
0.627,2
0.6272,2
0.6274,2
0.6278,2
0.628,1
0.6282,2
0.6284,2
0.6286,4
0.6291,3
0.6294,4
0.6297,2
0.6302,5
0.6304,1
0.6306,1
0.6307,1
0.6311,1
0.6313,1
0.6314,2
0.6317,4
0.6319,2
0.632,2
0.6322,2
0.6323,1
0.6324,1
0.6328,5
0.6331,1
0.6332,3
0.6336,1
0.634,1
0.6344,4
0.6349,4
0.6352,1
0.6353,1
0.6354,2
0.6356,1
0.6358,2
0.636,4
0.6364,4
0.6365,1
0.6366,1
0.6368,1
0.6369,1
0.637,2
0.6374,3
0.6375,3
0.6377,3
0.6378,3
0.6382,1
0.6385,1
0.6387,5
0.6393,1
0.6398,1
0.6399,4
0.6403,1
0.6404,1
0.6405,2
0.6414,4
0.6415,1
0.6418,2
0.6424,1
0.6427,1
0.6428,1
0.643,4
0.6432,5
0.6437,2
0.6438,1
0.644,1
0.6443,2
0.6444,3
0.6445,4
0.645,4
0.6451,2
0.6453,7
0.6455,1
0.6458,1
0.6459,3
0.646,5
0.6461,2
0.6475,1
0.648,1
0.6484,1
0.6485,5
0.6488,2
0.6489,1
0.649,3
0.6492,1
0.6494,4
0.6503,4
0.6511,3
0.6512,5
0.6516,4
0.6519,5
0.652,3
0.6521,1
0.6529,1
0.653,1
0.6533,1
0.6538,2
0.6539,1
0.6543,1
0.6546,2
0.6548,3
0.655,1
0.6551,2
0.6553,4
0.6554,2
0.6556,2
0.6558,1
0.6564,4
0.6565,1
0.657,2
0.6571,1
0.6573,5
0.6574,2
0.6576,1
0.6581,3
0.6585,3
0.6586,2
0.6589,2
0.659,1
0.6592,1
0.6593,1
0.6596,3
0.6598,2
0.6601,4
0.6602,2
0.6604,2
0.6609,1
0.661,4
0.6614,2
0.6615,1
0.6617,1
0.6623,7
0.6625,5
0.6626,3
0.6631,1
0.6633,1
0.6636,1
0.6639,1
0.6643,2
0.6644,1
0.6646,1
0.6647,4
0.6649,2
0.6652,1
0.6657,4
0.6662,5
0.6663,2
0.6667,1
0.6677,4
0.6684,3
0.6686,1
0.6689,4
0.6691,1
0.6693,1
0.6695,2
0.6697,6
0.6699,1
0.6705,7
0.6706,1
0.6707,1
0.6711,1
0.6715,2
0.6723,6
0.6724,2
0.6725,1
0.6726,2
0.6727,1
0.6732,2
0.6733,3
0.6734,1
0.6736,4
0.6741,1
0.6744,2
0.6746,6
0.6747,5
0.675,1
0.6752,1
0.6757,3
0.6758,1
0.6763,3
0.6767,2
0.6772,1
0.6774,1
0.6776,1
0.6785,1
0.6787,2
0.6788,1
0.6791,4
0.6792,4
0.6803,1
0.6805,3
0.6807,1
0.6808,2
0.6812,8
0.6818,3
0.682,1
0.6825,2
0.6827,1
0.6834,3
0.6836,2
0.6837,4
0.6841,1
0.6846,5
0.6848,1
0.685,9
0.6851,1
0.6854,3
0.6861,7
0.6866,2
0.6873,1
0.6879,3
0.6881,2
0.6882,2
0.6884,1
0.6887,1
0.6889,1
0.6891,3
0.6898,2
0.6899,1
0.6901,1
0.6902,3
0.6906,6
0.6908,2
0.6909,4
0.6919,1
0.6925,1
0.6929,2
0.6934,5
0.6939,1
0.6946,3
0.6947,1
0.6951,1
0.6952,1
0.6953,1
0.6961,1
0.6963,1
0.6967,2
0.6968,1
0.6969,2
0.6973,3
0.6976,2
0.6989,2
0.6991,2
0.6997,1
0.6999,1
0.7,8
0.7004,5
0.7008,1
0.7009,4
0.7012,2
0.7014,1
0.702,8
0.7022,1
0.7024,1
0.7025,6
0.7026,1
0.7029,1
0.7032,1
0.7038,2
0.7042,1
0.7046,2
0.705,1
0.7052,4
0.7063,1
0.7065,2
0.707,1
0.7072,2
0.7073,2
0.7074,1
0.7076,1
0.7077,2
0.7079,1
0.708,3
0.7084,1
0.709,1
0.7094,1
0.7095,2
0.7097,5
0.7099,2
0.7102,6
0.7104,1
0.7106,2
0.7108,2
0.7109,1
0.7113,1
0.712,1
0.7122,1
0.7126,1
0.7127,3
0.7133,4
0.7136,6
0.7138,1
0.714,1
0.7143,1
0.7151,2
0.7154,4
0.7155,2
0.7158,2
0.7159,6
0.7163,2
0.7167,1
0.7175,2
0.7181,3
0.7183,3
0.7184,2
0.7189,1
0.719,1
0.7194,1
0.7196,1
0.7199,2
0.72,3
0.7201,2
0.7211,1
0.7214,2
0.7217,2
0.7221,2
0.7225,1
0.7226,2
0.7231,3
0.7233,2
0.7236,3
0.7237,4
0.7242,2
0.7243,1
0.7245,1
0.7252,1
0.7257,2
0.7261,3
0.7268,1
0.7269,1
0.7271,5
0.7275,1
0.7277,1
0.728,8
0.7292,1
0.7295,1
0.7299,2
0.73,2
0.7305,2
0.7308,1
0.7309,2
0.7311,1
0.7327,5
0.7334,2
0.7345,1
0.7346,2
0.7348,1
0.7351,1
0.7352,3
0.7357,1
0.7361,5
0.7369,4
0.7372,3
0.7373,6
0.7379,3
0.738,1
0.7382,3
0.7387,1
0.7391,3
0.7393,2
0.7396,1
0.7405,2
0.7407,1
0.7412,1
0.7418,2
0.7421,3
0.7423,1
0.7431,1
0.7433,3
0.7437,2
0.7449,3
0.7453,1
0.7458,2
0.7459,1
0.746,1
0.7463,1
0.747,1
0.7473,2
0.7478,1
0.7479,2
0.7482,1
0.7483,3
0.7485,3
0.7486,1
0.7487,1
0.7497,1
0.75,3
0.7501,1
0.7509,1
0.7511,5
0.7512,2
0.7518,1
0.7524,1
0.7528,1
0.7529,2
0.7533,1
0.7534,4
0.7536,1
0.7537,1
0.754,1
0.7544,1
0.7551,1
0.7557,1
0.7558,1
0.7561,1
0.7566,1
0.757,1
0.7573,2
0.7574,1
0.7582,5
0.7587,2
0.7588,1
0.7593,2
0.7594,1
0.76,2
0.7602,1
0.7612,3
0.7615,2
0.7617,1
0.7624,1
0.7627,2
0.7628,1
0.7633,1
0.7634,1
0.7635,2
0.7637,1
0.7641,2
0.7645,3
0.7647,2
0.7649,1
0.7653,1
0.7659,1
0.7671,1
0.7673,1
0.7674,4
0.7675,3
0.7677,1
0.7678,1
0.7682,1
0.7683,1
0.7691,1
0.7693,1
0.7704,4
0.7705,1
0.7709,1
0.7719,1
0.7734,1
0.7735,2
0.7739,1
0.7754,1
0.7755,1
0.776,1
0.7762,1
0.7766,1
0.7771,1
0.7772,1
0.7773,1
0.7774,1
0.778,1
0.779,1
0.7795,1
0.7802,2
0.7805,3
0.7808,1
0.781,2
0.7813,1
0.7814,2
0.7816,1
0.782,1
0.7824,1
0.7825,1
0.7832,2
0.7834,1
0.7835,2
0.7842,4
0.7846,2
0.7848,3
0.7858,1
0.7862,1
0.7867,1
0.7868,1
0.7874,1
0.7883,1
0.7885,1
0.7886,2
0.789,5
0.7904,2
0.7917,2
0.792,2
0.7924,3
0.7937,1
0.7941,1
0.7951,1
0.7952,1
0.7954,2
0.7965,1
0.7967,1
0.797,1
0.7977,1
0.7981,2
0.7983,2
0.7987,2
0.7999,1
0.8,6
0.8002,1
0.8003,2
0.8008,4
0.8013,4
0.8018,2
0.8027,1
0.8028,1
0.803,1
0.8038,1
0.8047,3
0.8051,1
0.8055,3
0.8062,1
0.8063,1
0.8076,1
0.8083,1
0.8085,1
0.8086,1
0.8095,2
0.8098,1
0.8106,1
0.8108,3
0.8114,2
0.8116,3
0.8117,2
0.8127,2
0.8134,1
0.8148,4
0.8167,1
0.8169,1
0.8178,6
0.8179,1
0.8183,1
0.8193,1
0.8197,1
0.8198,1
0.8213,1
0.8216,2
0.8217,1
0.8228,2
0.8232,1
0.8237,2
0.824,3
0.8253,1
0.8257,1
0.8274,1
0.8278,1
0.8281,1
0.8283,3
0.8284,3
0.8289,1
0.8291,1
0.8294,1
0.83,2
0.8305,1
0.8309,1
0.8317,1
0.8319,1
0.832,1
0.8322,5
0.8326,1
0.8337,1
0.8343,2
0.8349,1
0.8352,1
0.8354,1
0.8358,1
0.837,5
0.8387,1
0.8388,1
0.839,1
0.8393,1
0.8394,1
0.84,1
0.841,4
0.8415,1
0.8423,1
0.8428,1
0.8429,4
0.8437,2
0.8441,3
0.8443,2
0.845,2
0.8454,1
0.8462,3
0.8463,1
0.8469,1
0.8474,1
0.8475,2
0.8482,1
0.8488,2
0.8503,1
0.851,3
0.8516,2
0.8517,1
0.8529,1
0.8532,1
0.854,1
0.8546,1
0.8547,3
0.8553,1
0.8565,1
0.8566,1
0.857,3
0.8577,3
0.858,2
0.8588,2
0.8593,1
0.8594,1
0.8607,3
0.8608,1
0.8609,2
0.8615,3
0.8625,1
0.8627,1
0.8632,1
0.8633,3
0.8641,1
0.8664,1
0.8673,2
0.8681,1
0.8685,4
0.8693,1
0.8695,6
0.8719,1
0.8721,2
0.8729,1
0.8742,1
0.8746,1
0.8747,4
0.8757,1
0.8758,1
0.8763,1
0.8772,6
0.8791,2
0.8794,1
0.8795,1
0.8802,1
0.8818,3
0.8819,1
0.8826,2
0.8842,2
0.8852,1
0.886,1
0.8865,1
0.8875,1
0.8881,2
0.8882,3
0.8889,1
0.8892,1
0.8906,1
0.8919,1
0.892,1
0.8931,2
0.8956,1
0.8957,2
0.898,1
0.8993,2
0.9017,3
0.902,1
0.9022,1
0.9023,1
0.9028,2
0.9031,1
0.9035,1
0.9036,2
0.9039,1
0.9046,1
0.9047,2
0.9058,1
0.9063,1
0.9087,3
0.9097,3
0.9122,1
0.913,1
0.9131,1
0.9143,1
0.9148,1
0.916,2
0.9182,1
0.9183,1
0.9186,1
0.9187,1
0.9192,1
0.9206,2
0.921,1
0.9213,1
0.922,1
0.9222,1
0.9225,1
0.9241,1
0.9245,1
0.9263,3
0.9279,1
0.9285,2
0.9306,1
0.9308,3
0.9315,1
0.9318,1
0.9339,2
0.9342,2
0.9357,1
0.9359,1
0.9361,1
0.9369,1
0.9399,1
0.94,4
0.9422,1
0.9426,2
0.9428,1
0.9431,1
0.9442,1
0.9453,1
0.946,1
0.9472,2
0.9478,1
0.9479,1
0.9504,1
0.9522,2
0.9534,7
0.9539,2
0.9547,1
0.9554,1
0.9566,1
0.9581,1
0.959,1
0.9594,2
0.961,1
0.9625,1
0.9629,3
0.964,1
0.9646,2
0.9652,3
0.9678,1
0.9694,2
0.9697,1
0.9707,1
0.9715,1
0.9719,2
0.9732,1
0.9733,1
0.9746,1
0.9761,4
0.9771,1
0.978,1
0.9796,2
0.9809,2
0.9813,1
0.9841,2
0.9844,2
0.9851,1
0.9863,1
0.9899,1
0.9909,1
0.9911,1
0.9931,1
0.9951,1
0.9973,1
0.9994,4
1.0,30
1.0008,1
1.0019,2
1.0023,1
1.004,1
1.0055,1
1.0067,1
1.0103,1
1.0113,3
1.0123,1
1.0125,1
1.0126,1
1.0149,2
1.0161,2
1.0168,2
1.0184,1
1.019,2
1.0205,1
1.0234,1
1.0275,3
1.0277,1
1.0281,1
1.0304,1
1.0358,2
1.0384,1
1.0392,1
1.0426,1
1.0445,1
1.0459,1
1.049,2
1.0528,1
1.0556,1
1.0558,5
1.0562,1
1.0572,1
1.0582,1
1.0602,2
1.0611,1
1.0613,3
1.062,2
1.0634,1
1.0639,3
1.0672,3
1.0693,1
1.0728,1
1.0772,2
1.0798,1
1.08,1
1.0826,1
1.083,1
1.0833,1
1.0881,2
1.0883,2
1.0885,1
1.0906,2
1.0922,2
1.0931,1
1.0948,1
1.0959,1
1.0968,2
1.0971,1
1.0983,2
1.1,37
1.1002,1
1.1094,1
1.1121,1
1.1157,1
1.1169,1
1.1189,3
1.1224,2
1.1225,1
1.1235,1
1.1367,1
1.137,1
1.1384,1
1.1406,1
1.1426,1
1.1508,1
1.1659,1
1.1667,7
1.1685,1
1.1701,1
1.171,3
1.1746,1
1.1803,1
1.1823,1
1.1827,1
1.1837,1
1.1849,1
1.1898,1
1.1912,1
1.1916,1
1.1932,2
1.1972,2
1.2024,1
1.2064,1
1.2154,1
1.2215,1
1.2226,1
1.2252,1
1.2256,1
1.226,1
1.2278,1
1.2315,1
1.2351,1
1.2367,3
1.2406,1
1.2427,1
1.2456,1
1.2495,1
1.2568,2
1.2588,1
1.2624,4
1.2659,2
1.2687,1
1.2692,1
1.2858,2
1.2871,1
1.2884,1
1.2897,1
1.2967,1
1.3136,1
1.316,2
1.322,1
1.3221,3
1.3223,1
1.324,2
1.3259,1
1.3278,1
1.3279,1
1.3314,1
1.34,1
1.3431,2
1.3435,2
1.3462,1
1.3509,3
1.3658,1
1.3671,1
1.3686,1
1.3722,1
1.374,3
1.3821,1
1.3959,2
1.4093,2
1.4233,2
1.4327,1
1.4354,3
1.4373,1
1.4457,1
1.4483,2
1.4495,1
1.4507,1
1.4531,1
1.5,11
1.5152,1
1.519,2
1.5431,1
1.5437,1
1.5461,1
1.5763,1
1.5813,1
1.5847,1
1.5899,1
1.5918,2
1.5954,1
1.5979,1
1.6,15
1.7,15
1.76,21
1.7625,1
1.8546,1
1.856,7
1.8561,28
1.9131,2
2.0,12
2.1603,3
2.2214,1
2.2311,2
2.2799,4
2.3285,2
3.0,1
3.526,3
5.0,9
5.0625,1
5.289,5
7.052,2
