0.0785,1
0.0786,1
0.0787,2
0.0788,2
0.0792,2
0.0793,2
0.0794,5
0.0795,4
0.0796,3
0.0798,1
0.0799,3
0.08,2
0.0801,8
0.0803,5
0.0804,6
0.0805,2
0.0806,12
0.0808,5
0.0809,7
0.081,6
0.0811,9
0.0812,8
0.0813,10
0.0814,12
0.0815,9
0.0816,9
0.0817,5
0.0818,9
0.0819,8
0.082,11
0.0821,11
0.0822,18
0.0823,12
0.0824,20
0.0825,14
0.0826,11
0.0827,11
0.0828,14
0.0829,14
0.083,27
0.0832,9
0.0833,11
0.0834,17
0.0835,17
0.0837,10
0.0838,11
0.0839,13
0.084,32
0.0842,12
0.0843,15
0.0844,12
0.0845,9
0.0846,22
0.0847,22
0.0848,16
0.0849,17
0.085,9
0.0851,15
0.0852,9
0.0853,17
0.0854,18
0.0855,17
0.0856,15
0.0857,14
0.0858,21
0.0859,33
0.0861,13
0.0862,19
0.0863,19
0.0864,23
0.0866,11
0.0867,13
0.0868,16
0.0869,26
0.0871,13
0.0872,19
0.0873,18
0.0874,18
0.0875,14
0.0876,18
0.0877,28
0.0878,19
0.0879,15
0.088,22
0.0881,23
0.0882,29
0.0883,23
0.0884,22
0.0885,24
0.0886,24
0.0887,31
0.0888,34
0.0889,29
0.089,31
0.0891,39
0.0892,35
0.0893,81
0.0895,42
0.0896,35
0.0897,45
0.0898,75
0.09,33
0.0901,25
0.0902,42
0.0903,84
0.0905,60
0.0906,54
0.0907,55
0.0908,42
0.0909,44
0.091,42
0.0911,48
0.0912,50
0.0913,69
0.0914,64
0.0915,50
0.0916,55
0.0917,51
0.0918,47
0.0919,42
0.092,51
0.0921,57
0.0922,127
0.0924,58
0.0925,56
0.0926,62
0.0927,110
0.0929,62
0.093,63
0.0931,66
0.0932,128
0.0934,75
0.0935,83
0.0936,80
0.0937,68
0.0938,45
0.0939,63
0.094,76
0.0941,80
0.0942,69
0.0943,78
0.0944,85
0.0945,73
0.0946,80
0.0947,74
0.0948,62
0.0949,54
0.095,64
0.0951,54
0.0952,53
0.0953,56
0.0954,68
0.0955,71
0.0956,171
0.0958,72
0.0959,72
0.096,63
0.0961,146
0.0963,56
0.0964,52
0.0965,53
0.0966,139
0.0968,58
0.0969,60
0.097,71
0.0971,53
0.0972,70
0.0973,62
0.0974,78
0.0975,83
0.0976,87
0.0977,88
0.0978,85
0.0979,99
0.098,87
0.0981,73
0.0982,94
0.0983,90
0.0984,96
0.0985,172
0.0987,85
0.0988,88
0.0989,95
0.099,160
0.0992,88
0.0993,87
0.0994,97
0.0995,194
0.0997,90
0.0998,109
0.0999,115
0.1,99
0.1001,112
0.1002,75
0.1003,93
0.1004,105
0.1005,70
0.1006,100
0.1007,81
0.1008,91
0.1009,71
0.101,77
0.1011,71
0.1012,88
0.1013,72
0.1014,83
0.1015,81
0.1016,70
0.1017,62
0.1018,62
0.1019,164
0.1021,75
0.1022,77
0.1023,77
0.1024,87
0.1025,89
0.1026,74
0.1027,98
0.1028,91
0.1029,88
0.103,97
0.1031,83
0.1032,91
0.1033,100
0.1034,72
0.1035,72
0.1036,77
0.1037,85
0.1038,77
0.1039,84
0.104,70
0.1041,68
0.1042,71
0.1043,76
0.1044,95
0.1045,85
0.1046,81
0.1047,97
0.1048,74
0.1049,80
0.105,72
0.1051,76
0.1052,84
0.1053,86
0.1054,74
0.1055,82
0.1056,79
0.1057,75
0.1058,74
0.1059,70
0.106,78
0.1061,79
0.1062,67
0.1063,60
0.1064,78
0.1065,67
0.1066,63
0.1067,79
0.1068,74
0.1069,74
0.107,77
0.1071,80
0.1072,72
0.1073,81
0.1074,71
0.1075,75
0.1076,62
0.1077,89
0.1078,72
0.1079,78
0.108,69
0.1081,77
0.1082,88
0.1083,79
0.1084,66
0.1085,71
0.1086,81
0.1087,62
0.1088,72
0.1089,69
0.109,67
0.1091,69
0.1092,67
0.1093,70
0.1094,73
0.1095,70
0.1096,88
0.1097,59
0.1098,53
0.1099,70
0.11,71
0.1101,58
0.1102,75
0.1103,71
0.1104,71
0.1105,70
0.1106,83
0.1107,76
0.1108,80
0.1109,64
0.111,77
0.1111,87
0.1112,84
0.1113,67
0.1114,54
0.1115,53
0.1116,67
0.1117,60
0.1118,71
0.1119,64
0.112,59
0.1121,74
0.1122,63
0.1123,74
0.1124,77
0.1125,71
0.1126,80
0.1127,76
0.1128,87
0.1129,91
0.113,82
0.1131,76
0.1132,72
0.1133,70
0.1134,68
0.1135,76
0.1136,93
0.1137,82
0.1138,77
0.1139,91
0.114,89
0.1141,98
0.1142,99
0.1143,77
0.1144,103
0.1145,107
0.1146,96
0.1147,75
0.1148,84
0.1149,74
0.115,73
0.1151,71
0.1152,73
0.1153,74
0.1154,64
0.1155,79
0.1156,73
0.1157,88
0.1158,77
0.1159,74
0.116,94
0.1161,80
0.1162,76
0.1163,81
0.1164,75
0.1165,78
0.1166,77
0.1167,68
0.1168,65
0.1169,72
0.117,65
0.1171,75
0.1172,80
0.1173,71
0.1174,80
0.1175,82
0.1176,74
0.1177,77
0.1178,83
0.1179,94
0.118,84
0.1181,87
0.1182,68
0.1183,77
0.1184,63
0.1185,59
0.1186,54
0.1187,67
0.1188,61
0.1189,51
0.119,47
0.1191,66
0.1192,57
0.1193,67
0.1194,67
0.1195,56
0.1196,68
0.1197,64
0.1198,73
0.1199,63
0.12,75
0.1201,65
0.1202,66
0.1203,61
0.1204,77
0.1205,68
0.1206,79
0.1207,79
0.1208,68
0.1209,67
0.121,80
0.1211,66
0.1212,52
0.1213,83
0.1214,58
0.1215,72
0.1216,57
0.1217,46
0.1218,62
0.1219,61
0.122,64
0.1221,57
0.1222,59
0.1223,71
0.1224,55
0.1225,58
0.1226,52
0.1227,66
0.1228,45
0.1229,56
0.123,60
0.1231,55
0.1232,58
0.1233,63
0.1234,50
0.1235,52
0.1236,78
0.1237,73
0.1238,54
0.1239,56
0.124,78
0.1241,52
0.1242,67
0.1243,62
0.1244,56
0.1245,51
0.1246,70
0.1247,68
0.1248,69
0.1249,61
0.125,71
0.1251,52
0.1252,74
0.1253,63
0.1254,56
0.1255,57
0.1256,54
0.1257,57
0.1258,64
0.1259,52
0.126,43
0.1261,40
0.1262,37
0.1263,48
0.1264,46
0.1265,57
0.1266,57
0.1267,49
0.1268,55
0.1269,52
0.127,47
0.1271,51
0.1272,63
0.1273,57
0.1274,64
0.1275,56
0.1276,75
0.1277,59
0.1278,57
0.1279,70
0.128,49
0.1281,72
0.1282,62
0.1283,104
0.1285,55
0.1286,47
0.1287,57
0.1288,104
0.129,39
0.1291,52
0.1292,45
0.1293,89
0.1295,42
0.1296,70
0.1297,50
0.1298,121
0.13,49
0.1301,40
0.1302,42
0.1303,107
0.1305,51
0.1306,63
0.1307,49
0.1308,95
0.131,44
0.1311,39
0.1312,44
0.1313,55
0.1314,46
0.1315,40
0.1316,37
0.1317,58
0.1318,38
0.1319,43
0.132,57
0.1321,69
0.1322,62
0.1323,70
0.1324,62
0.1325,68
0.1326,58
0.1327,64
0.1328,58
0.1329,46
0.133,50
0.1331,44
0.1332,44
0.1333,45
0.1334,58
0.1335,57
0.1336,63
0.1337,58
0.1338,46
0.1339,51
0.134,49
0.1341,61
0.1342,50
0.1343,50
0.1344,51
0.1345,39
0.1346,96
0.1348,46
0.1349,50
0.135,44
0.1351,105
0.1353,42
0.1354,53
0.1355,40
0.1356,103
0.1358,55
0.1359,31
0.136,96
0.1361,93
0.1363,49
0.1364,41
0.1365,39
0.1366,88
0.1368,39
0.1369,55
0.137,35
0.1371,58
0.1372,40
0.1373,38
0.1374,36
0.1375,51
0.1376,44
0.1377,45
0.1378,45
0.1379,41
0.138,45
0.1381,45
0.1382,44
0.1383,40
0.1384,35
0.1385,46
0.1386,34
0.1387,32
0.1388,34
0.1389,33
0.139,28
0.1391,28
0.1392,38
0.1393,35
0.1394,40
0.1395,54
0.1396,36
0.1397,38
0.1398,45
0.1399,27
0.14,39
0.1401,20
0.1402,39
0.1403,29
0.1404,30
0.1405,34
0.1406,30
0.1407,35
0.1408,28
0.1409,81
0.1411,37
0.1412,36
0.1413,27
0.1414,69
0.1416,27
0.1417,38
0.1418,35
0.1419,47
0.1421,31
0.1422,37
0.1423,30
0.1424,59
0.1426,27
0.1427,35
0.1428,26
0.1429,86
0.1431,37
0.1432,36
0.1433,25
0.1434,38
0.1435,41
0.1436,29
0.1437,38
0.1438,38
0.1439,34
0.144,37
0.1441,35
0.1442,19
0.1443,36
0.1444,33
0.1445,34
0.1446,37
0.1447,25
0.1448,39
0.1449,37
0.145,36
0.1451,30
0.1452,19
0.1453,32
0.1454,29
0.1455,29
0.1456,36
0.1457,32
0.1458,34
0.1459,27
0.146,44
0.1461,38
0.1462,40
0.1463,30
0.1464,34
0.1465,34
0.1466,27
0.1467,32
0.1468,26
0.1469,25
0.147,15
0.1471,33
0.1472,55
0.1474,27
0.1475,17
0.1476,32
0.1477,44
0.1479,30
0.148,24
0.1481,37
0.1482,48
0.1484,23
0.1485,24
0.1486,21
0.1487,59
0.1489,27
0.149,28
0.1491,18
0.1492,55
0.1494,25
0.1495,36
0.1496,26
0.1497,28
0.1498,27
0.1499,37
0.15,27
0.1501,36
0.1502,24
0.1503,18
0.1504,30
0.1505,29
0.1506,32
0.1507,23
0.1508,25
0.1509,34
0.151,21
0.1511,28
0.1512,23
0.1513,18
0.1514,28
0.1515,17
0.1516,32
0.1517,25
0.1518,25
0.1519,36
0.152,31
0.1521,26
0.1522,24
0.1523,22
0.1524,25
0.1525,29
0.1526,18
0.1527,24
0.1528,22
0.1529,25
0.153,22
0.1531,25
0.1532,25
0.1533,31
0.1534,25
0.1535,40
0.1537,17
0.1538,14
0.1539,18
0.154,53
0.1542,32
0.1543,19
0.1544,24
0.1545,43
0.1547,39
0.1548,20
0.1549,23
0.155,49
0.1552,25
0.1553,22
0.1554,22
0.1555,54
0.1557,23
0.1558,32
0.1559,19
0.156,22
0.1561,19
0.1562,32
0.1563,19
0.1564,28
0.1565,19
0.1566,28
0.1567,19
0.1568,34
0.1569,21
0.157,31
0.1571,28
0.1572,24
0.1573,30
0.1574,25
0.1575,33
0.1576,23
0.1577,21
0.1578,23
0.1579,14
0.158,23
0.1581,33
0.1582,16
0.1583,22
0.1584,22
0.1585,20
0.1586,22
0.1587,23
0.1588,19
0.1589,21
0.159,22
0.1591,17
0.1592,21
0.1593,33
0.1595,12
0.1596,15
0.1597,29
0.1598,36
0.16,19
0.1601,26
0.1602,14
0.1603,34
0.1605,24
0.1606,18
0.1607,25
0.1608,45
0.161,28
0.1611,19
0.1612,25
0.1613,45
0.1615,17
0.1616,23
0.1617,18
0.1618,49
0.162,26
0.1621,20
0.1622,24
0.1623,25
0.1624,24
0.1625,31
0.1626,20
0.1627,30
0.1628,19
0.1629,22
0.163,19
0.1631,23
0.1632,26
0.1633,17
0.1634,21
0.1635,19
0.1636,12
0.1637,21
0.1638,30
0.1639,16
0.164,26
0.1641,23
0.1642,17
0.1643,20
0.1644,31
0.1645,20
0.1646,16
0.1647,23
0.1648,28
0.1649,20
0.165,22
0.1651,12
0.1652,26
0.1653,18
0.1654,18
0.1655,15
0.1656,40
0.1658,18
0.1659,24
0.166,25
0.1661,43
0.1663,14
0.1664,20
0.1665,17
0.1666,27
0.1668,6
0.1669,23
0.167,17
0.1671,40
0.1673,21
0.1674,17
0.1675,15
0.1676,41
0.1678,19
0.1679,25
0.168,12
0.1681,25
0.1683,22
0.1684,19
0.1685,17
0.1686,22
0.1687,13
0.1688,12
0.1689,18
0.169,13
0.1691,13
0.1692,18
0.1693,21
0.1694,8
0.1695,13
0.1696,28
0.1697,5
0.1698,16
0.1699,18
0.17,19
0.1701,9
0.1702,26
0.1703,12
0.1704,15
0.1705,23
0.1706,12
0.1707,22
0.1708,18
0.1709,19
0.171,18
0.1711,19
0.1712,14
0.1713,20
0.1714,21
0.1715,12
0.1716,15
0.1717,13
0.1718,15
0.1719,29
0.1721,18
0.1722,16
0.1723,9
0.1724,33
0.1726,21
0.1727,14
0.1728,18
0.1729,37
0.1731,14
0.1732,8
0.1733,13
0.1734,33
0.1736,21
0.1737,17
0.1738,25
0.1739,36
0.1741,19
0.1742,23
0.1743,12
0.1744,24
0.1746,25
0.1747,21
0.1748,16
0.1749,20
0.175,52
0.1751,9
0.1752,18
0.1753,15
0.1754,19
0.1755,11
0.1756,13
0.1757,17
0.1758,14
0.1759,14
0.176,20
0.1761,10
0.1762,23
0.1763,11
0.1764,15
0.1765,11
0.1766,7
0.1767,21
0.1768,13
0.1769,10
0.177,8
0.1771,16
0.1772,13
0.1773,14
0.1774,11
0.1775,4
0.1776,11
0.1777,12
0.1778,10
0.1779,11
0.178,7
0.1781,15
0.1782,28
0.1784,7
0.1785,10
0.1786,15
0.1787,14
0.1789,9
0.179,11
0.1791,9
0.1792,14
0.1794,12
0.1795,11
0.1796,12
0.1797,27
0.1799,7
0.18,10
0.1801,12
0.1802,17
0.1804,9
0.1805,7
0.1806,11
0.1807,18
0.1809,8
0.181,11
0.1811,12
0.1812,17
0.1813,12
0.1814,13
0.1815,6
0.1816,10
0.1817,12
0.1818,11
0.1819,11
0.182,7
0.1821,15
0.1822,9
0.1823,5
0.1824,17
0.1825,13
0.1826,14
0.1827,16
0.1828,12
0.1829,10
0.183,11
0.1831,22
0.1832,7
0.1833,17
0.1834,14
0.1835,10
0.1836,13
0.1837,8
0.1838,9
0.1839,11
0.184,14
0.1841,10
0.1842,14
0.1843,16
0.1844,12
0.1845,21
0.1847,10
0.1848,9
0.1849,10
0.185,21
0.1852,13
0.1853,12
0.1854,9
0.1855,24
0.1857,7
0.1858,11
0.1859,10
0.186,22
0.1862,5
0.1863,14
0.1864,18
0.1865,11
0.1867,11
0.1868,12
0.1869,9
0.187,18
0.1872,9
0.1873,5
0.1874,12
0.1875,9
0.1876,10
0.1877,5
0.1878,11
0.1879,4
0.188,15
0.1881,5
0.1882,8
0.1883,11
0.1884,10
0.1885,8
0.1886,13
0.1887,11
0.1888,10
0.1889,13
0.189,8
0.1891,11
0.1892,13
0.1893,7
0.1894,8
0.1895,13
0.1896,4
0.1897,10
0.1898,9
0.1899,10
0.19,10
0.1901,17
0.1902,8
0.1903,3
0.1904,9
0.1905,9
0.1906,13
0.1907,4
0.1908,19
0.191,8
0.1911,10
0.1912,8
0.1913,21
0.1915,20
0.1916,5
0.1917,13
0.1918,12
0.192,24
0.1921,6
0.1922,13
0.1923,22
0.1925,13
0.1926,10
0.1927,9
0.1928,8
0.193,13
0.1931,24
0.1932,7
0.1933,12
0.1935,10
0.1936,12
0.1937,9
0.1938,9
0.1939,9
0.194,10
0.1941,8
0.1942,9
0.1943,7
0.1944,9
0.1945,9
0.1946,12
0.1947,8
0.1948,5
0.1949,9
0.195,6
0.1951,10
0.1952,6
0.1953,6
0.1954,11
0.1955,8
0.1956,12
0.1957,11
0.1958,13
0.1959,5
0.196,11
0.1961,13
0.1962,11
0.1963,10
0.1964,7
0.1965,9
0.1966,8
0.1967,8
0.1968,6
0.1969,6
0.197,12
0.1971,16
0.1973,12
0.1974,7
0.1975,8
0.1976,24
0.1978,4
0.1979,8
0.198,9
0.1981,14
0.1983,7
0.1984,9
0.1985,8
0.1986,14
0.1988,11
0.1989,9
0.199,11
0.1991,20
0.1993,12
0.1994,9
0.1995,6
0.1996,13
0.1997,12
0.1998,8
0.1999,7
0.2,126
0.2001,7
0.2002,6
0.2003,3
0.2004,10
0.2005,12
0.2006,7
0.2007,5
0.2008,7
0.2009,13
0.201,9
0.2011,9
0.2012,9
0.2013,15
0.2014,3
0.2015,7
0.2016,8
0.2017,10
0.2018,10
0.2019,8
0.202,5
0.2021,14
0.2022,6
0.2023,4
0.2024,4
0.2025,12
0.2026,8
0.2027,14
0.2028,9
0.2029,14
0.203,5
0.2031,5
0.2032,8
0.2033,7
0.2034,10
0.2036,11
0.2037,5
0.2038,11
0.2039,17
0.2041,6
0.2042,5
0.2043,8
0.2044,13
0.2046,8
0.2047,4
0.2048,11
0.2049,6
0.205,6
0.2051,7
0.2052,7
0.2053,3
0.2054,8
0.2055,6
0.2056,5
0.2057,4
0.2058,9
0.2059,8
0.206,1
0.2061,5
0.2062,7
0.2063,7
0.2064,1
0.2065,9
0.2066,5
0.2067,12
0.2068,7
0.2069,9
0.207,5
0.2071,10
0.2072,6
0.2073,8
0.2074,4
0.2075,12
0.2076,8
0.2077,2
0.2078,6
0.2079,5
0.208,10
0.2081,4
0.2082,4
0.2083,9
0.2084,4
0.2085,11
0.2086,17
0.2087,13
0.2088,3
0.2089,4
0.209,5
0.2091,5
0.2092,8
0.2093,10
0.2094,11
0.2095,7
0.2096,8
0.2097,11
0.2098,3
0.2099,10
0.21,22
0.2101,8
0.2102,14
0.2103,4
0.2104,6
0.2105,7
0.2106,12
0.2107,10
0.2108,7
0.2109,6
0.211,2
0.2111,7
0.2112,8
0.2113,3
0.2114,16
0.2115,7
0.2116,9
0.2117,8
0.2118,5
0.2119,6
0.212,11
0.2121,5
0.2122,5
0.2123,10
0.2124,4
0.2125,6
0.2126,5
0.2127,7
0.2128,10
0.2129,3
0.213,11
0.2131,6
0.2132,1
0.2133,8
0.2134,7
0.2135,10
0.2136,14
0.2137,11
0.2138,9
0.2139,5
0.214,10
0.2141,7
0.2142,9
0.2143,6
0.2144,5
0.2145,6
0.2146,4
0.2147,10
0.2148,7
0.2149,5
0.215,7
0.2151,8
0.2152,6
0.2153,5
0.2154,7
0.2155,9
0.2156,6
0.2157,7
0.2158,6
0.2159,6
0.216,11
0.2161,2
0.2162,5
0.2163,7
0.2164,12
0.2165,2
0.2166,6
0.2167,8
0.2168,8
0.2169,4
0.217,4
0.2171,9
0.2172,10
0.2173,9
0.2174,8
0.2175,5
0.2176,3
0.2177,10
0.2178,4
0.2179,11
0.218,1
0.2181,4
0.2182,3
0.2183,7
0.2184,8
0.2185,7
0.2186,7
0.2187,1
0.2188,8
0.2189,6
0.219,6
0.2191,3
0.2192,3
0.2193,5
0.2194,9
0.2195,6
0.2196,5
0.2197,5
0.2198,4
0.2199,6
0.22,12
0.2201,12
0.2202,7
0.2203,9
0.2204,8
0.2205,3
0.2206,6
0.2207,4
0.2208,5
0.2209,8
0.221,6
0.2211,11
0.2212,8
0.2213,3
0.2214,9
0.2215,10
0.2216,6
0.2217,5
0.2218,9
0.2219,3
0.222,10
0.2221,6
0.2222,12
0.2223,9
0.2224,13
0.2225,6
0.2226,13
0.2227,6
0.2228,6
0.2229,4
0.223,11
0.2231,5
0.2232,4
0.2233,4
0.2234,9
0.2235,7
0.2236,15
0.2237,8
0.2238,3
0.2239,7
0.224,8
0.2241,6
0.2242,9
0.2243,6
0.2244,9
0.2245,4
0.2246,7
0.2247,5
0.2248,8
0.2249,5
0.225,3
0.2251,3
0.2252,2
0.2253,5
0.2254,10
0.2255,9
0.2256,7
0.2257,2
0.2258,12
0.2259,4
0.226,2
0.2261,3
0.2262,7
0.2263,6
0.2264,6
0.2265,10
0.2266,11
0.2267,11
0.2268,2
0.2269,7
0.227,4
0.2271,4
0.2272,6
0.2273,5
0.2274,7
0.2275,5
0.2276,8
0.2277,9
0.2278,5
0.2279,7
0.228,6
0.2281,4
0.2282,5
0.2283,5
0.2284,8
0.2285,2
0.2286,3
0.2287,5
0.2288,4
0.2289,4
0.229,5
0.2291,7
0.2292,4
0.2293,5
0.2294,7
0.2295,5
0.2296,3
0.2297,5
0.2298,5
0.2299,3
0.23,7
0.2301,7
0.2302,4
0.2303,5
0.2304,2
0.2305,5
0.2306,5
0.2307,7
0.2308,6
0.2309,6
0.231,5
0.2311,3
0.2312,5
0.2313,5
0.2314,8
0.2315,1
0.2316,3
0.2317,4
0.2318,4
0.2319,4
0.232,2
0.2321,5
0.2322,5
0.2323,4
0.2324,8
0.2325,5
0.2326,3
0.2327,6
0.2328,1
0.2329,7
0.233,4
0.2331,4
0.2332,6
0.2333,4
0.2334,6
0.2335,7
0.2336,4
0.2337,7
0.2338,5
0.2339,6
0.234,7
0.2341,1
0.2342,5
0.2343,6
0.2344,4
0.2345,3
0.2346,5
0.2347,2
0.2348,5
0.2349,6
0.235,7
0.2351,6
0.2352,4
0.2353,5
0.2354,7
0.2355,5
0.2356,7
0.2357,7
0.2358,4
0.2359,6
0.236,3
0.2361,9
0.2362,3
0.2363,6
0.2364,10
0.2365,2
0.2366,4
0.2367,5
0.2368,9
0.2369,6
0.237,4
0.2371,5
0.2372,5
0.2373,2
0.2374,9
0.2375,5
0.2376,10
0.2377,1
0.2378,10
0.2379,8
0.238,6
0.2381,8
0.2382,4
0.2383,5
0.2384,6
0.2385,4
0.2386,4
0.2387,5
0.2388,11
0.2389,5
0.239,5
0.2391,8
0.2392,2
0.2393,2
0.2394,9
0.2395,4
0.2396,5
0.2397,6
0.2398,8
0.2399,4
0.24,9
0.2401,6
0.2402,7
0.2403,5
0.2404,4
0.2405,6
0.2406,6
0.2407,5
0.2408,3
0.2409,4
0.241,3
0.2411,2
0.2412,9
0.2413,3
0.2414,6
0.2415,4
0.2416,8
0.2417,4
0.2418,5
0.2419,7
0.242,3
0.2421,6
0.2422,4
0.2423,3
0.2424,2
0.2425,4
0.2426,4
0.2427,5
0.2428,4
0.2429,8
0.243,2
0.2431,12
0.2432,2
0.2433,5
0.2434,2
0.2435,4
0.2436,3
0.2437,6
0.2438,6
0.2439,11
0.244,4
0.2441,2
0.2442,3
0.2443,3
0.2444,5
0.2445,5
0.2446,1
0.2447,4
0.2448,7
0.2449,5
0.245,5
0.2451,5
0.2452,4
0.2453,3
0.2454,7
0.2455,1
0.2456,3
0.2457,3
0.2458,4
0.2459,7
0.246,2
0.2461,2
0.2462,4
0.2463,8
0.2464,5
0.2465,4
0.2466,5
0.2468,4
0.247,5
0.2471,3
0.2472,3
0.2473,6
0.2474,2
0.2475,4
0.2476,4
0.2477,1
0.2478,4
0.2479,5
0.248,5
0.2481,1
0.2482,2
0.2483,3
0.2484,5
0.2485,4
0.2486,5
0.2487,3
0.2488,3
0.2489,6
0.249,4
0.2491,3
0.2492,6
0.2493,2
0.2494,9
0.2495,2
0.2496,9
0.2497,3
0.2498,4
0.2499,5
0.25,5
0.2501,6
0.2502,4
0.2503,1
0.2504,3
0.2505,2
0.2506,3
0.2507,5
0.2508,3
0.2509,5
0.2511,4
0.2512,2
0.2513,3
0.2514,1
0.2515,5
0.2516,5
0.2517,4
0.2518,2
0.2519,3
0.252,2
0.2521,4
0.2522,3
0.2523,2
0.2524,4
0.2525,3
0.2526,1
0.2527,3
0.2528,8
0.2529,4
0.253,1
0.2531,2
0.2532,3
0.2533,5
0.2534,5
0.2535,3
0.2536,2
0.2537,3
0.2538,5
0.2539,8
0.254,5
0.2541,1
0.2542,4
0.2544,6
0.2545,5
0.2546,5
0.2547,5
0.2548,5
0.2549,6
0.255,2
0.2551,3
0.2552,3
0.2553,4
0.2554,6
0.2555,3
0.2556,2
0.2557,6
0.2558,3
0.2559,4
0.256,5
0.2561,3
0.2562,6
0.2564,2
0.2565,1
0.2566,6
0.2567,5
0.2569,4
0.257,4
0.2571,2
0.2572,10
0.2574,6
0.2575,2
0.2576,1
0.2577,9
0.2579,3
0.258,4
0.2581,4
0.2582,3
0.2584,2
0.2585,5
0.2586,3
0.2587,9
0.2589,2
0.259,6
0.2591,1
0.2592,14
0.2594,2
0.2595,2
0.2596,3
0.2597,4
0.2599,5
0.26,1
0.2601,5
0.2602,9
0.2605,4
0.2607,4
0.2609,9
0.261,4
0.2611,8
0.2612,8
0.2614,3
0.2615,5
0.2616,5
0.2617,4
0.2619,2
0.262,7
0.2621,4
0.2622,9
0.2623,1
0.2624,1
0.2625,3
0.2626,2
0.2627,2
0.2628,7
0.2629,5
0.263,2
0.2631,2
0.2632,3
0.2633,4
0.2634,1
0.2635,2
0.2636,3
0.2637,1
0.2638,1
0.2639,5
0.264,4
0.2641,5
0.2642,1
0.2644,1
0.2645,2
0.2646,1
0.2647,4
0.2648,5
0.2649,2
0.2651,4
0.2652,5
0.2653,3
0.2654,3
0.2655,1
0.2656,8
0.2657,6
0.2658,2
0.2659,3
0.266,4
0.2661,2
0.2662,6
0.2663,4
0.2664,5
0.2665,1
0.2666,1
0.2667,3
0.2668,1
0.2669,3
0.267,4
0.2671,1
0.2672,1
0.2673,1
0.2674,3
0.2675,5
0.2677,3
0.2678,1
0.2679,4
0.268,4
0.2681,1
0.2682,7
0.2684,2
0.2685,3
0.2686,6
0.2687,3
0.2688,11
0.269,1
0.2691,7
0.2692,6
0.2693,7
0.2695,5
0.2696,3
0.2697,3
0.2698,4
0.27,5
0.2701,2
0.2702,2
0.2703,5
0.2705,1
0.2706,2
0.2707,1
0.2708,4
0.271,1
0.2712,1
0.2713,3
0.2716,2
0.2717,2
0.2718,4
0.2722,4
0.2723,5
0.2725,2
0.2726,2
0.2727,1
0.2728,9
0.273,3
0.2731,1
0.2732,5
0.2733,2
0.2735,5
0.2736,1
0.2737,4
0.2738,3
0.274,4
0.2741,4
0.2743,2
0.2744,2
0.2745,2
0.2746,3
0.2747,4
0.2748,4
0.2749,3
0.275,1
0.2751,2
0.2752,3
0.2753,1
0.2754,4
0.2755,2
0.2756,2
0.2758,2
0.2759,2
0.276,5
0.2761,3
0.2762,1
0.2763,1
0.2765,1
0.2766,3
0.2767,2
0.2768,1
0.2769,2
0.277,3
0.2771,1
0.2772,1
0.2773,2
0.2774,1
0.2775,1
0.2776,2
0.2777,1
0.2778,3
0.2779,3
0.278,1
0.2781,3
0.2782,1
0.2783,5
0.2784,2
0.2785,2
0.2786,5
0.2787,1
0.2788,1
0.279,1
0.2791,2
0.2792,2
0.2793,3
0.2795,4
0.2796,2
0.2797,3
0.2798,4
0.2799,2
0.28,3
0.2801,3
0.2802,2
0.2803,1
0.2804,4
0.2805,4
0.2806,2
0.2807,1
0.2808,1
0.2809,1
0.2811,3
0.2812,2
0.2813,2
0.2814,2
0.2816,5
0.2819,5
0.2822,5
0.2824,3
0.2826,1
0.2828,1
0.2829,3
0.2831,1
0.2832,3
0.2833,1
0.2834,4
0.2836,2
0.2837,2
0.2839,1
0.2841,3
0.2842,2
0.2844,1
0.2847,3
0.2849,5
0.2852,1
0.2854,2
0.2857,2
0.2858,1
0.2859,4
0.2861,2
0.2863,3
0.2864,1
0.2866,1
0.2867,2
0.2868,2
0.2869,4
0.2871,4
0.2872,2
0.2874,3
0.2875,2
0.2876,1
0.2877,1
0.288,3
0.2881,1
0.2882,1
0.2883,1
0.2886,1
0.2887,2
0.2888,2
0.2889,1
0.289,2
0.2891,2
0.2892,2
0.2893,1
0.2894,4
0.2895,1
0.2896,1
0.2897,2
0.2899,6
0.29,3
0.2901,1
0.2902,3
0.2903,1
0.2904,1
0.2905,1
0.2907,1
0.2908,1
0.2909,1
0.291,2
0.2912,1
0.2913,2
0.2914,1
0.2915,1
0.2916,1
0.2917,1
0.2918,3
0.2919,3
0.292,2
0.2921,1
0.2922,3
0.2923,1
0.2924,3
0.2925,2
0.2926,1
0.2927,2
0.2928,3
0.2929,1
0.293,2
0.2932,2
0.2933,2
0.2934,2
0.2935,2
0.2936,2
0.2937,3
0.2938,1
0.294,5
0.2943,1
0.2944,2
0.2945,4
0.2948,3
0.2949,2
0.295,4
0.2952,1
0.2953,1
0.2954,1
0.2955,3
0.2957,2
0.2958,1
0.2959,1
0.296,5
0.2962,1
0.2963,1
0.2964,3
0.2965,7
0.2967,3
0.2968,3
0.2969,6
0.297,3
0.2972,2
0.2973,2
0.2974,1
0.2975,5
0.2978,4
0.298,6
0.2982,1
0.2984,1
0.2987,1
0.2988,2
0.2989,3
0.299,3
0.2994,2
0.2995,1
0.2996,1
0.2998,1
0.2999,1
0.3,24
0.3001,1
0.3003,3
0.3004,1
0.3005,2
0.3006,1
0.3007,1
0.3009,1
0.301,1
0.3012,2
0.3013,3
0.3015,1
0.3017,1
0.3018,1
0.3021,2
0.3022,1
0.3023,1
0.3024,1
0.3025,1
0.3026,1
0.3027,1
0.3028,3
0.303,3
0.3034,1
0.3035,2
0.3041,1
0.3043,1
0.3044,2
0.3045,1
0.3046,2
0.305,1
0.3052,3
0.3053,1
0.3058,1
0.3061,1
0.3062,1
0.3064,2
0.3066,1
0.3068,1
0.307,1
0.3071,1
0.3074,1
0.3076,1
0.3078,1
0.3081,3
0.3083,1
0.3086,2
0.309,1
0.3091,6
0.3093,1
0.3095,1
0.3096,3
0.3099,3
0.3101,1
0.3105,1
0.3106,3
0.3109,1
0.311,1
0.3111,1
0.3115,2
0.3116,4
0.3118,1
0.3121,2
0.3122,1
0.3123,3
0.3126,1
0.3127,1
0.3128,1
0.3129,1
0.313,1
0.3133,1
0.3135,3
0.3136,1
0.3138,1
0.314,5
0.3142,2
0.3143,3
0.3148,1
0.3151,1
0.3152,2
0.3159,1
0.316,2
0.3161,3
0.3162,1
0.3163,2
0.3165,2
0.3166,1
0.3168,1
0.3169,2
0.3173,3
0.3174,1
0.3175,1
0.3176,1
0.3177,2
0.3179,3
0.3182,2
0.3183,1
0.3185,1
0.3186,1
0.3189,1
0.3191,1
0.3195,1
0.3197,3
0.3199,1
0.32,1
0.3201,1
0.3202,1
0.3204,3
0.3205,1
0.3206,1
0.3207,2
0.3212,3
0.3216,1
0.3217,1
0.322,1
0.3221,1
0.3224,1
0.3226,1
0.3227,2
0.3229,1
0.323,1
0.3232,1
0.3234,1
0.3236,1
0.3237,2
0.3239,1
0.324,1
0.3241,3
0.3245,2
0.3247,1
0.3248,1
0.3249,1
0.325,2
0.3251,1
0.3252,1
0.3254,1
0.3259,1
0.326,1
0.3261,1
0.3264,1
0.3266,1
0.3268,2
0.327,2
0.3271,1
0.3272,2
0.3274,2
0.3276,1
0.3277,1
0.3278,3
0.3279,1
0.3283,2
0.3284,1
0.3287,2
0.3288,1
0.3289,1
0.3291,1
0.3297,1
0.3299,1
0.33,1
0.3301,3
0.3303,1
0.3307,1
0.331,2
0.3311,1
0.3312,1
0.3313,1
0.3315,1
0.3318,3
0.3321,1
0.3323,1
0.3325,2
0.3326,1
0.3327,1
0.3328,1
0.333,10
0.3332,1
0.3337,2
0.3338,1
0.3342,1
0.3343,1
0.3345,1
0.3346,1
0.3347,1
0.3348,1
0.3353,1
0.3355,2
0.3356,2
0.3357,1
0.3358,1
0.3363,1
0.3365,1
0.337,2
0.3371,1
0.3372,1
0.3377,1
0.3378,3
0.338,1
0.3381,2
0.3386,1
0.3391,1
0.3392,1
0.3393,1
0.3394,1
0.3396,1
0.3397,1
0.3402,1
0.3405,3
0.3407,1
0.3408,2
0.3409,1
0.3411,1
0.3416,1
0.3419,5
0.3421,1
0.3423,1
0.3424,1
0.3426,1
0.3427,1
0.3429,1
0.3431,1
0.3433,1
0.3435,3
0.3436,1
0.3442,1
0.3444,1
0.3446,1
0.3448,1
0.3452,2
0.3453,1
0.3454,3
0.3459,1
0.3461,1
0.3462,1
0.3464,1
0.3466,2
0.3472,2
0.3474,1
0.3476,1
0.3477,1
0.3478,1
0.3479,1
0.3484,1
0.3492,1
0.3495,2
0.35,9
0.3501,3
0.3504,1
0.3506,1
0.3507,1
0.3509,1
0.3514,1
0.3518,1
0.353,1
0.3532,1
0.3533,1
0.3541,2
0.3544,1
0.3545,1
0.3546,1
0.3549,1
0.3551,1
0.3563,2
0.3565,1
0.3575,1
0.3577,2
0.3582,2
0.3583,1
0.3584,1
0.3587,1
0.3592,1
0.3593,1
0.36,1
0.3603,1
0.3605,1
0.3608,1
0.361,1
0.3615,1
0.3619,1
0.3621,1
0.3633,1
0.3635,1
0.3636,2
0.3642,2
0.365,1
0.3653,1
0.366,1
0.3663,1
0.3666,1
0.3667,2
0.3673,1
0.3679,1
0.368,1
0.3689,1
0.3696,1
0.37,2
0.3701,1
0.3705,1
0.3706,1
0.3711,1
0.3716,1
0.3718,1
0.3725,1
0.3734,1
0.3754,1
0.3764,1
0.3767,1
0.3768,1
0.3769,1
0.3771,1
0.3772,1
0.3775,1
0.3777,1
0.3778,1
0.3782,1
0.3783,1
0.3793,1
0.3801,1
0.3804,1
0.3817,1
0.3821,2
0.3827,1
0.3837,1
0.384,1
0.3846,2
0.3847,2
0.3862,1
0.3867,1
0.3876,1
0.3883,1
0.3887,2
0.3892,1
0.3895,2
0.3907,2
0.3908,1
0.3909,1
0.392,2
0.3922,1
0.3924,1
0.3926,1
0.3927,1
0.3955,1
0.3956,1
0.3966,1
0.3971,2
0.3972,1
0.3978,1
0.3982,2
0.399,1
0.3995,1
0.3996,1
0.4003,1
0.4004,1
0.4008,1
0.4011,1
0.4031,1
0.4032,1
0.404,1
0.4045,1
0.4057,1
0.4074,1
0.4077,1
0.4079,2
0.4101,1
0.4105,2
0.4106,1
0.4107,1
0.4108,1
0.4115,1
0.4121,1
0.4131,1
0.4134,1
0.4164,1
0.4168,1
0.4169,1
0.4175,1
0.4189,1
0.4201,1
0.4207,1
0.4218,1
0.422,1
0.4224,1
0.4251,2
0.4272,1
0.4274,1
0.4281,1
0.4286,2
0.429,1
0.4299,1
0.4308,1
0.431,1
0.4314,1
0.433,1
0.4332,1
0.4335,1
0.4338,1
0.4345,1
0.4357,1
0.4358,1
0.4359,1
0.4368,1
0.4369,1
0.4377,1
0.4379,1
0.4388,1
0.44,27
0.4407,1
0.4431,1
0.4434,1
0.4461,1
0.4463,1
0.4471,1
0.4492,1
0.4495,1
0.4536,1
0.4555,1
0.4559,1
0.4566,1
0.4585,2
0.4586,1
0.4597,1
0.4608,1
0.4661,1
0.4693,1
0.48,2
0.4806,1
0.4808,2
0.4815,1
0.4816,1
0.4852,1
0.4859,1
0.4863,1
0.4878,2
0.4934,1
0.4958,1
0.496,1
0.4968,1
0.4978,1
0.4981,1
0.499,1
0.5,7
0.5019,1
0.5021,2
0.5024,1
0.505,3
0.5112,1
0.5162,1
0.5165,1
0.5185,1
0.5187,1
0.5197,1
0.5221,1
0.5233,1
0.5368,1
0.5382,1
0.5385,1
0.5387,1
0.5413,1
0.5414,1
0.5415,1
0.5435,1
0.545,1
0.5467,1
0.5473,1
0.5477,2
0.5583,1
0.5659,1
0.5709,1
0.5721,1
0.5741,1
0.5758,1
0.5759,1
0.5765,1
0.5777,1
0.5829,1
0.5837,1
0.5845,1
0.6,19
0.6193,1
0.6201,1
0.6203,1
0.6235,1
0.624,1
0.6245,1
0.6252,1
0.6261,1
0.63,2
0.6306,1
0.6313,1
0.665,68
0.7,11
0.798,2
0.8,2
0.8312,1
1.0,2
1.2,1
