0.1596,1
0.1598,1
0.16,1
0.1601,1
0.1606,1
0.1607,1
0.1608,6
0.161,3
0.1611,3
0.1612,3
0.1613,2
0.1615,1
0.1621,2
0.1622,2
0.1623,4
0.1624,1
0.1625,2
0.1627,2
0.1628,2
0.1632,1
0.1633,1
0.1635,1
0.1636,1
0.1637,2
0.1638,2
0.1639,2
0.164,4
0.1641,1
0.1642,1
0.1643,4
0.1644,3
0.1645,2
0.1646,4
0.1647,6
0.1648,2
0.1649,1
0.165,1
0.1651,1
0.1652,3
0.1653,5
0.1654,6
0.1655,1
0.1656,8
0.1658,6
0.1659,3
0.166,7
0.1661,10
0.1663,10
0.1664,7
0.1665,6
0.1666,8
0.1668,5
0.1669,3
0.167,3
0.1671,6
0.1673,5
0.1674,4
0.1676,9
0.1678,5
0.1679,4
0.168,4
0.1681,14
0.1683,3
0.1684,5
0.1685,2
0.1686,4
0.1687,2
0.1688,7
0.1689,7
0.169,6
0.1691,11
0.1692,4
0.1693,6
0.1694,3
0.1695,3
0.1696,3
0.1697,6
0.1698,10
0.1699,5
0.17,7
0.1701,7
0.1702,8
0.1703,9
0.1704,3
0.1705,2
0.1706,2
0.1707,7
0.1708,11
0.1709,12
0.171,15
0.1711,11
0.1712,8
0.1713,10
0.1714,13
0.1715,7
0.1716,6
0.1717,13
0.1718,8
0.1719,14
0.1721,8
0.1722,10
0.1723,6
0.1724,8
0.1726,5
0.1727,6
0.1728,3
0.1729,12
0.1731,4
0.1732,7
0.1733,7
0.1734,5
0.1736,6
0.1737,3
0.1738,5
0.1739,8
0.1741,3
0.1742,4
0.1743,5
0.1744,5
0.1746,3
0.1747,4
0.1748,1
0.1749,1
0.175,3
0.1751,5
0.1752,7
0.1753,2
0.1754,2
0.1755,6
0.1756,5
0.1757,3
0.1758,3
0.1759,9
0.176,5
0.1761,8
0.1762,6
0.1763,1
0.1765,3
0.1766,5
0.1767,5
0.1768,6
0.1769,6
0.177,1
0.1771,1
0.1772,4
0.1773,5
0.1774,2
0.1775,2
0.1776,1
0.1777,5
0.1779,7
0.178,4
0.1781,4
0.1782,7
0.1784,5
0.1785,2
0.1786,3
0.1787,2
0.1789,3
0.179,4
0.1791,3
0.1792,6
0.1795,1
0.1796,1
0.1797,1
0.1799,1
0.1801,2
0.1802,8
0.1804,4
0.1805,3
0.1806,4
0.1807,9
0.1809,8
0.181,4
0.1811,5
0.1812,5
0.1813,4
0.1814,3
0.1815,2
0.1816,5
0.1817,3
0.1818,3
0.1819,8
0.182,8
0.1821,8
0.1822,3
0.1823,4
0.1824,5
0.1825,4
0.1826,4
0.1827,3
0.1828,1
0.1829,1
0.183,2
0.1832,2
0.1833,1
0.1834,2
0.1835,1
0.1837,1
0.1838,2
0.1841,1
0.1842,1
0.1843,3
0.1844,1
0.1845,6
0.1847,3
0.1848,5
0.1849,3
0.185,7
0.1852,8
0.1853,5
0.1854,5
0.1855,13
0.1857,8
0.1858,6
0.1859,7
0.186,7
0.1862,6
0.1863,9
0.1864,6
0.1865,7
0.1867,5
0.1868,7
0.1869,3
0.187,8
0.1872,5
0.1873,6
0.1874,4
0.1875,4
0.1878,3
0.1879,1
0.188,6
0.1881,2
0.1882,4
0.1883,2
0.1884,2
0.1885,3
0.1886,4
0.1887,5
0.1888,2
0.1889,2
0.189,1
0.1891,2
0.1892,3
0.1893,1
0.1894,2
0.1896,2
0.1898,1
0.1899,3
0.19,2
0.1901,2
0.1902,1
0.1903,4
0.1904,1
0.1905,4
0.1906,1
0.1907,2
0.1908,4
0.191,5
0.1911,3
0.1912,4
0.1913,6
0.1915,8
0.1916,6
0.1917,5
0.1918,8
0.192,3
0.1921,7
0.1922,7
0.1923,8
0.1925,6
0.1926,4
0.1927,7
0.1928,6
0.193,4
0.1931,4
0.1932,9
0.1933,18
0.1935,11
0.1936,8
0.1937,8
0.1938,7
0.1939,3
0.194,2
0.1941,5
0.1942,1
0.1943,4
0.1944,3
0.1945,1
0.1946,8
0.1947,5
0.1948,5
0.1949,2
0.195,2
0.1951,1
0.1952,2
0.1953,2
0.1954,6
0.1955,1
0.1956,2
0.1957,4
0.1958,4
0.1959,7
0.196,4
0.1961,6
0.1962,2
0.1963,2
0.1964,4
0.1965,1
0.1966,4
0.1967,3
0.1968,4
0.1969,6
0.197,3
0.1971,7
0.1973,5
0.1974,5
0.1975,7
0.1976,7
0.1978,5
0.1979,2
0.198,3
0.1981,8
0.1983,8
0.1984,7
0.1985,5
0.1986,8
0.1988,2
0.1989,7
0.199,8
0.1991,10
0.1993,4
0.1994,6
0.1995,1
0.1997,4
0.1998,4
0.1999,7
0.2,52
0.2001,6
0.2002,5
0.2003,3
0.2004,4
0.2005,9
0.2006,10
0.2007,11
0.2008,10
0.2009,10
0.201,6
0.2011,8
0.2012,7
0.2013,3
0.2014,6
0.2015,7
0.2016,10
0.2017,9
0.2018,7
0.2019,3
0.202,7
0.2021,8
0.2022,13
0.2023,2
0.2024,7
0.2025,10
0.2026,5
0.2027,6
0.2028,3
0.2029,10
0.203,12
0.2031,8
0.2032,13
0.2033,7
0.2034,15
0.2036,13
0.2037,10
0.2038,5
0.2039,25
0.2041,13
0.2042,18
0.2043,10
0.2044,15
0.2046,11
0.2047,6
0.2048,5
0.2049,7
0.205,7
0.2051,3
0.2052,8
0.2053,8
0.2054,5
0.2055,6
0.2056,6
0.2057,7
0.2058,3
0.2059,9
0.206,10
0.2061,9
0.2062,6
0.2063,7
0.2064,11
0.2065,7
0.2066,9
0.2067,10
0.2068,14
0.2069,14
0.207,15
0.2071,12
0.2072,8
0.2073,12
0.2074,12
0.2075,17
0.2076,14
0.2077,14
0.2078,10
0.2079,14
0.208,20
0.2081,22
0.2082,17
0.2083,15
0.2084,9
0.2085,9
0.2086,11
0.2087,9
0.2088,7
0.2089,12
0.209,8
0.2091,11
0.2092,18
0.2093,9
0.2094,7
0.2095,8
0.2096,4
0.2097,10
0.2098,10
0.2099,8
0.21,8
0.2101,6
0.2102,3
0.2103,4
0.2104,10
0.2105,15
0.2106,10
0.2107,17
0.2108,10
0.2109,14
0.211,18
0.2111,17
0.2112,20
0.2113,23
0.2114,15
0.2115,20
0.2116,16
0.2117,11
0.2118,20
0.2119,23
0.212,22
0.2121,28
0.2122,30
0.2123,28
0.2124,30
0.2125,27
0.2126,31
0.2127,29
0.2128,25
0.2129,24
0.213,26
0.2131,19
0.2132,24
0.2133,18
0.2134,20
0.2135,20
0.2136,19
0.2137,24
0.2138,20
0.2139,18
0.214,23
0.2141,16
0.2142,17
0.2143,19
0.2144,22
0.2145,24
0.2146,20
0.2147,18
0.2148,14
0.2149,22
0.215,17
0.2151,20
0.2152,15
0.2153,4
0.2154,14
0.2155,15
0.2156,13
0.2157,13
0.2158,15
0.2159,21
0.216,24
0.2161,20
0.2162,28
0.2163,21
0.2164,33
0.2165,39
0.2166,41
0.2167,39
0.2168,38
0.2169,49
0.217,35
0.2171,40
0.2172,37
0.2173,33
0.2174,29
0.2175,31
0.2176,40
0.2177,35
0.2178,39
0.2179,34
0.218,35
0.2181,27
0.2182,32
0.2183,28
0.2184,35
0.2185,42
0.2186,42
0.2187,47
0.2188,36
0.2189,45
0.219,50
0.2191,46
0.2192,38
0.2193,38
0.2194,38
0.2195,31
0.2196,35
0.2197,33
0.2198,41
0.2199,39
0.22,31
0.2201,35
0.2202,43
0.2203,39
0.2204,37
0.2205,48
0.2206,39
0.2207,44
0.2208,41
0.2209,35
0.221,47
0.2211,38
0.2212,45
0.2213,42
0.2214,38
0.2215,39
0.2216,33
0.2217,41
0.2218,37
0.2219,40
0.222,27
0.2221,50
0.2222,52
0.2223,52
0.2224,48
0.2225,42
0.2226,42
0.2227,47
0.2228,43
0.2229,58
0.223,51
0.2231,46
0.2232,50
0.2233,50
0.2234,45
0.2235,38
0.2236,42
0.2237,49
0.2238,55
0.2239,51
0.224,41
0.2241,46
0.2242,39
0.2243,43
0.2244,43
0.2245,51
0.2246,31
0.2247,33
0.2248,37
0.2249,36
0.225,35
0.2251,29
0.2252,34
0.2253,28
0.2254,24
0.2255,36
0.2256,32
0.2257,36
0.2258,29
0.2259,38
0.226,40
0.2261,57
0.2262,43
0.2263,34
0.2264,37
0.2265,45
0.2266,47
0.2267,43
0.2268,42
0.2269,37
0.227,37
0.2271,43
0.2272,42
0.2273,31
0.2274,37
0.2275,28
0.2276,36
0.2277,42
0.2278,49
0.2279,40
0.228,46
0.2281,60
0.2282,36
0.2283,40
0.2284,48
0.2285,52
0.2286,39
0.2287,47
0.2288,53
0.2289,46
0.229,61
0.2291,58
0.2292,53
0.2293,47
0.2294,53
0.2295,49
0.2296,46
0.2297,44
0.2298,42
0.2299,48
0.23,45
0.2301,46
0.2302,40
0.2303,61
0.2304,43
0.2305,35
0.2306,39
0.2307,48
0.2308,45
0.2309,59
0.231,60
0.2311,59
0.2312,55
0.2313,45
0.2314,46
0.2315,47
0.2316,40
0.2317,43
0.2318,59
0.2319,55
0.232,54
0.2321,51
0.2322,36
0.2323,48
0.2324,47
0.2325,39
0.2326,31
0.2327,48
0.2328,32
0.2329,28
0.233,38
0.2331,50
0.2332,35
0.2333,45
0.2334,59
0.2335,51
0.2336,57
0.2337,52
0.2338,59
0.2339,71
0.234,81
0.2341,58
0.2342,51
0.2343,65
0.2344,66
0.2345,60
0.2346,65
0.2347,50
0.2348,42
0.2349,47
0.235,55
0.2351,65
0.2352,55
0.2353,43
0.2354,63
0.2355,61
0.2356,71
0.2357,40
0.2358,54
0.2359,62
0.236,66
0.2361,28
0.2362,58
0.2363,46
0.2364,39
0.2365,39
0.2366,57
0.2367,56
0.2368,60
0.2369,37
0.237,46
0.2371,40
0.2372,46
0.2373,49
0.2374,45
0.2375,62
0.2376,39
0.2377,40
0.2378,45
0.2379,41
0.238,27
0.2381,45
0.2382,41
0.2383,51
0.2384,56
0.2385,40
0.2386,42
0.2387,49
0.2388,64
0.2389,36
0.239,49
0.2391,44
0.2392,39
0.2393,48
0.2394,55
0.2395,37
0.2396,51
0.2397,58
0.2398,49
0.2399,59
0.24,56
0.2401,39
0.2402,57
0.2403,48
0.2404,60
0.2405,55
0.2406,52
0.2407,63
0.2408,60
0.2409,54
0.241,54
0.2411,60
0.2412,58
0.2413,59
0.2414,59
0.2415,55
0.2416,47
0.2417,46
0.2418,51
0.2419,63
0.242,48
0.2421,80
0.2422,58
0.2423,58
0.2424,58
0.2425,79
0.2426,77
0.2427,69
0.2428,68
0.2429,53
0.243,62
0.2431,61
0.2432,62
0.2433,59
0.2434,50
0.2435,60
0.2436,57
0.2437,62
0.2438,73
0.2439,59
0.244,60
0.2441,65
0.2442,74
0.2443,61
0.2444,87
0.2445,64
0.2446,47
0.2447,46
0.2448,59
0.2449,58
0.245,57
0.2451,63
0.2452,47
0.2453,52
0.2454,53
0.2455,54
0.2456,60
0.2457,74
0.2458,60
0.2459,63
0.246,57
0.2461,60
0.2462,55
0.2463,68
0.2464,57
0.2465,54
0.2466,60
0.2467,58
0.2468,58
0.2469,67
0.247,51
0.2471,52
0.2472,44
0.2473,35
0.2474,53
0.2475,52
0.2476,43
0.2477,53
0.2478,40
0.2479,49
0.248,50
0.2481,46
0.2482,46
0.2483,40
0.2484,64
0.2485,59
0.2486,45
0.2487,50
0.2488,57
0.2489,49
0.249,54
0.2491,58
0.2492,48
0.2493,36
0.2494,39
0.2495,45
0.2496,56
0.2497,60
0.2498,56
0.2499,54
0.25,42
0.2501,52
0.2502,62
0.2503,47
0.2504,73
0.2505,51
0.2506,53
0.2507,57
0.2508,60
0.2509,65
0.251,59
0.2511,54
0.2512,50
0.2513,64
0.2514,60
0.2515,60
0.2516,46
0.2517,44
0.2518,37
0.2519,51
0.252,48
0.2521,52
0.2522,68
0.2523,51
0.2524,48
0.2525,45
0.2526,43
0.2527,40
0.2528,45
0.2529,47
0.253,38
0.2531,33
0.2532,31
0.2533,35
0.2534,43
0.2535,38
0.2536,38
0.2537,34
0.2538,44
0.2539,35
0.254,39
0.2541,32
0.2542,23
0.2543,44
0.2544,36
0.2545,40
0.2546,35
0.2547,40
0.2548,52
0.2549,40
0.255,37
0.2551,33
0.2552,40
0.2553,40
0.2554,28
0.2555,42
0.2556,52
0.2557,43
0.2558,45
0.2559,45
0.256,49
0.2561,44
0.2562,105
0.2564,42
0.2565,40
0.2566,47
0.2567,71
0.2569,43
0.257,45
0.2571,42
0.2572,84
0.2574,32
0.2575,31
0.2576,41
0.2577,72
0.2579,37
0.258,25
0.2581,51
0.2582,76
0.2584,31
0.2585,35
0.2586,46
0.2587,66
0.2589,43
0.259,30
0.2591,48
0.2592,76
0.2594,32
0.2595,33
0.2596,36
0.2597,75
0.2599,45
0.26,30
0.2601,38
0.2602,77
0.2604,37
0.2605,37
0.2606,41
0.2607,82
0.2609,41
0.261,34
0.2611,42
0.2612,68
0.2614,29
0.2615,34
0.2616,30
0.2617,62
0.2619,30
0.262,26
0.2621,43
0.2622,35
0.2623,37
0.2624,40
0.2625,30
0.2626,36
0.2627,43
0.2628,31
0.2629,32
0.263,31
0.2631,44
0.2632,28
0.2633,32
0.2634,31
0.2635,27
0.2636,39
0.2637,33
0.2638,31
0.2639,26
0.264,38
0.2641,33
0.2642,34
0.2643,26
0.2644,27
0.2645,29
0.2646,27
0.2647,32
0.2648,37
0.2649,30
0.265,43
0.2651,44
0.2652,35
0.2653,37
0.2654,43
0.2655,51
0.2656,23
0.2657,39
0.2658,37
0.2659,38
0.266,38
0.2661,28
0.2662,28
0.2663,40
0.2664,28
0.2665,38
0.2666,47
0.2667,37
0.2668,51
0.2669,42
0.267,39
0.2671,25
0.2672,48
0.2673,33
0.2674,27
0.2675,38
0.2676,40
0.2677,28
0.2678,35
0.2679,34
0.268,37
0.2681,32
0.2682,35
0.2683,39
0.2684,49
0.2685,22
0.2686,35
0.2687,37
0.2688,81
0.269,37
0.2691,43
0.2692,36
0.2693,78
0.2695,37
0.2696,28
0.2697,37
0.2698,73
0.27,38
0.2701,31
0.2702,35
0.2703,68
0.2705,39
0.2706,37
0.2707,33
0.2708,67
0.271,31
0.2711,45
0.2712,27
0.2713,81
0.2715,29
0.2716,22
0.2717,33
0.2718,61
0.272,39
0.2721,28
0.2722,26
0.2723,62
0.2725,20
0.2726,31
0.2727,25
0.2728,45
0.273,17
0.2731,22
0.2732,22
0.2733,44
0.2735,22
0.2736,13
0.2737,27
0.2738,38
0.274,19
0.2741,26
0.2742,26
0.2743,19
0.2744,33
0.2745,31
0.2746,25
0.2747,21
0.2748,28
0.2749,17
0.275,27
0.2751,34
0.2752,23
0.2753,25
0.2754,17
0.2755,28
0.2756,27
0.2757,20
0.2758,24
0.2759,18
0.276,38
0.2761,20
0.2762,23
0.2763,23
0.2764,22
0.2765,16
0.2766,24
0.2767,26
0.2768,27
0.2769,14
0.277,21
0.2771,14
0.2772,11
0.2773,23
0.2774,20
0.2775,12
0.2776,23
0.2777,15
0.2778,13
0.2779,20
0.278,19
0.2781,13
0.2782,17
0.2783,19
0.2784,20
0.2785,20
0.2786,24
0.2787,23
0.2788,18
0.2789,22
0.279,26
0.2791,24
0.2792,24
0.2793,17
0.2794,13
0.2795,31
0.2796,20
0.2797,29
0.2798,25
0.2799,16
0.28,23
0.2801,22
0.2802,30
0.2803,29
0.2804,19
0.2805,33
0.2806,17
0.2807,25
0.2808,28
0.2809,22
0.281,24
0.2811,20
0.2812,22
0.2813,28
0.2814,51
0.2816,33
0.2817,22
0.2818,19
0.2819,45
0.2821,33
0.2822,30
0.2823,33
0.2824,54
0.2826,20
0.2827,29
0.2828,20
0.2829,55
0.2831,34
0.2832,24
0.2833,25
0.2834,66
0.2836,33
0.2837,29
0.2838,18
0.2839,57
0.2841,24
0.2842,19
0.2843,28
0.2844,52
0.2846,19
0.2847,18
0.2848,27
0.2849,35
0.2851,26
0.2852,15
0.2853,32
0.2854,42
0.2856,32
0.2857,19
0.2858,24
0.2859,42
0.2861,24
0.2862,19
0.2863,20
0.2864,48
0.2866,17
0.2867,32
0.2868,16
0.2869,29
0.287,18
0.2871,18
0.2872,27
0.2873,26
0.2874,27
0.2875,22
0.2876,28
0.2877,28
0.2878,23
0.2879,14
0.288,21
0.2881,14
0.2882,27
0.2883,21
0.2884,24
0.2885,13
0.2886,21
0.2887,22
0.2888,26
0.2889,14
0.289,20
0.2891,12
0.2892,12
0.2893,16
0.2894,19
0.2895,19
0.2896,25
0.2897,22
0.2898,22
0.2899,24
0.29,18
0.2901,12
0.2902,19
0.2903,16
0.2904,23
0.2905,23
0.2906,23
0.2907,17
0.2908,22
0.2909,13
0.291,25
0.2911,18
0.2912,27
0.2913,20
0.2914,18
0.2915,25
0.2916,11
0.2917,24
0.2918,9
0.2919,14
0.292,12
0.2921,20
0.2922,16
0.2923,18
0.2924,6
0.2925,15
0.2926,12
0.2927,18
0.2928,23
0.2929,16
0.293,28
0.2931,21
0.2932,22
0.2933,25
0.2934,20
0.2935,28
0.2936,33
0.2937,24
0.2938,35
0.2939,17
0.294,43
0.2942,16
0.2943,22
0.2944,21
0.2945,36
0.2947,19
0.2948,22
0.2949,18
0.295,24
0.2952,16
0.2953,16
0.2954,22
0.2955,31
0.2957,24
0.2958,13
0.2959,16
0.296,33
0.2962,21
0.2963,16
0.2964,23
0.2965,25
0.2967,18
0.2968,23
0.2969,27
0.297,30
0.2972,31
0.2973,24
0.2974,16
0.2975,44
0.2977,11
0.2978,18
0.2979,29
0.298,34
0.2982,13
0.2983,12
0.2984,19
0.2985,36
0.2987,13
0.2988,23
0.2989,18
0.299,29
0.2992,17
0.2993,12
0.2994,16
0.2995,9
0.2996,20
0.2997,15
0.2998,23
0.2999,16
0.3,105
0.3001,17
0.3002,11
0.3003,15
0.3004,16
0.3005,17
0.3006,14
0.3007,8
0.3008,14
0.3009,14
0.301,13
0.3011,10
0.3012,25
0.3013,12
0.3014,22
0.3015,14
0.3016,14
0.3017,17
0.3018,11
0.3019,18
0.302,16
0.3021,10
0.3022,21
0.3023,16
0.3024,8
0.3025,12
0.3026,7
0.3027,8
0.3028,13
0.3029,10
0.303,17
0.3031,15
0.3032,7
0.3033,20
0.3034,9
0.3035,12
0.3036,19
0.3037,11
0.3038,11
0.3039,9
0.304,9
0.3041,14
0.3042,19
0.3043,9
0.3044,16
0.3045,24
0.3046,9
0.3047,14
0.3048,16
0.3049,19
0.305,17
0.3051,16
0.3052,22
0.3053,4
0.3054,24
0.3055,19
0.3056,15
0.3057,19
0.3058,15
0.3059,9
0.306,12
0.3061,11
0.3062,6
0.3063,20
0.3064,10
0.3065,16
0.3066,40
0.3068,15
0.3069,27
0.307,19
0.3071,40
0.3073,20
0.3074,13
0.3075,22
0.3076,22
0.3078,20
0.3079,13
0.308,16
0.3081,35
0.3083,16
0.3084,18
0.3085,20
0.3086,29
0.3088,11
0.3089,24
0.309,15
0.3091,31
0.3093,17
0.3094,18
0.3095,18
0.3096,35
0.3098,20
0.3099,11
0.31,20
0.3101,37
0.3103,20
0.3104,17
0.3105,10
0.3106,30
0.3108,11
0.3109,18
0.311,14
0.3111,19
0.3113,18
0.3114,14
0.3115,19
0.3116,27
0.3118,20
0.3119,23
0.312,15
0.3121,22
0.3122,21
0.3123,12
0.3124,16
0.3125,11
0.3126,16
0.3127,18
0.3128,18
0.3129,18
0.313,17
0.3131,20
0.3132,8
0.3133,17
0.3134,9
0.3135,14
0.3136,14
0.3137,23
0.3138,14
0.3139,10
0.314,11
0.3141,10
0.3142,8
0.3143,12
0.3144,15
0.3145,20
0.3146,17
0.3147,8
0.3148,13
0.3149,17
0.315,11
0.3151,13
0.3152,10
0.3153,11
0.3154,16
0.3155,10
0.3156,6
0.3157,16
0.3158,11
0.3159,5
0.316,15
0.3161,12
0.3162,14
0.3163,16
0.3164,5
0.3165,22
0.3166,16
0.3167,11
0.3168,12
0.3169,13
0.317,10
0.3171,12
0.3172,12
0.3173,21
0.3174,13
0.3175,12
0.3176,19
0.3177,8
0.3178,14
0.3179,22
0.318,9
0.3181,14
0.3182,14
0.3183,17
0.3184,8
0.3185,20
0.3186,15
0.3187,30
0.3189,13
0.319,8
0.3191,16
0.3192,29
0.3194,13
0.3195,9
0.3196,16
0.3197,15
0.3199,10
0.32,14
0.3201,11
0.3202,27
0.3204,11
0.3205,21
0.3206,12
0.3207,23
0.3209,14
0.321,15
0.3211,10
0.3212,28
0.3214,9
0.3215,9
0.3216,13
0.3217,24
0.3219,14
0.322,14
0.3221,12
0.3222,25
0.3224,15
0.3225,18
0.3226,14
0.3227,41
0.3229,14
0.323,14
0.3231,16
0.3232,31
0.3234,12
0.3235,6
0.3236,15
0.3237,14
0.3239,15
0.324,13
0.3241,11
0.3242,26
0.3244,12
0.3245,14
0.3246,16
0.3247,22
0.3248,12
0.3249,23
0.325,13
0.3251,17
0.3252,10
0.3253,13
0.3254,9
0.3255,10
0.3256,14
0.3257,15
0.3258,12
0.3259,9
0.326,15
0.3261,9
0.3262,13
0.3263,13
0.3264,11
0.3265,12
0.3266,12
0.3267,6
0.3268,10
0.3269,10
0.327,19
0.3271,6
0.3272,14
0.3273,9
0.3274,6
0.3275,10
0.3276,10
0.3277,8
0.3278,11
0.3279,10
0.328,9
0.3281,14
0.3282,13
0.3283,5
0.3284,11
0.3285,4
0.3286,13
0.3287,12
0.3288,7
0.3289,8
0.329,9
0.3291,17
0.3292,9
0.3293,14
0.3294,11
0.3295,7
0.3296,11
0.3297,10
0.3298,11
0.3299,6
0.33,15
0.3301,9
0.3302,9
0.3303,11
0.3304,12
0.3305,10
0.3306,6
0.3307,6
0.3308,6
0.3309,10
0.331,11
0.3311,12
0.3312,6
0.3313,23
0.3315,9
0.3316,10
0.3317,6
0.3318,19
0.332,14
0.3321,5
0.3322,11
0.3323,19
0.3325,7
0.3326,8
0.3327,9
0.3328,11
0.333,11
0.3331,10
0.3332,12
0.3333,16
0.3335,10
0.3336,10
0.3337,21
0.3338,27
0.334,15
0.3341,11
0.3342,11
0.3343,16
0.3345,9
0.3346,13
0.3347,7
0.3348,20
0.335,9
0.3351,4
0.3352,17
0.3353,23
0.3355,16
0.3356,10
0.3357,14
0.3358,24
0.336,14
0.3361,11
0.3362,15
0.3363,17
0.3365,14
0.3366,12
0.3367,13
0.3368,12
0.3369,12
0.337,15
0.3371,13
0.3372,9
0.3373,12
0.3374,7
0.3375,15
0.3376,15
0.3377,15
0.3378,11
0.3379,11
0.338,20
0.3381,10
0.3382,9
0.3383,11
0.3384,10
0.3385,16
0.3386,12
0.3387,5
0.3388,11
0.3389,8
0.339,8
0.3391,13
0.3392,9
0.3393,6
0.3394,11
0.3395,7
0.3396,8
0.3397,10
0.3398,5
0.3399,9
0.34,20
0.3401,11
0.3402,13
0.3403,13
0.3404,12
0.3405,15
0.3406,10
0.3407,16
0.3408,10
0.3409,11
0.341,10
0.3411,11
0.3412,10
0.3413,10
0.3414,11
0.3415,8
0.3416,17
0.3417,15
0.3418,16
0.3419,13
0.342,8
0.3421,10
0.3422,17
0.3423,6
0.3424,16
0.3425,16
0.3426,5
0.3427,9
0.3428,16
0.3429,8
0.343,10
0.3431,11
0.3432,11
0.3433,5
0.3434,10
0.3435,6
0.3436,9
0.3437,9
0.3438,7
0.3439,16
0.3441,21
0.3442,8
0.3443,9
0.3444,18
0.3446,16
0.3447,18
0.3448,14
0.3449,35
0.3451,9
0.3452,3
0.3453,14
0.3454,18
0.3456,10
0.3457,13
0.3458,12
0.3459,21
0.3461,14
0.3462,6
0.3463,12
0.3464,20
0.3466,11
0.3467,9
0.3468,14
0.3469,14
0.3471,11
0.3472,10
0.3473,9
0.3474,14
0.3476,10
0.3477,8
0.3478,8
0.3479,15
0.3481,7
0.3482,14
0.3483,16
0.3484,16
0.3486,6
0.3487,6
0.3488,11
0.3489,17
0.3491,12
0.3492,13
0.3493,8
0.3494,8
0.3495,18
0.3496,6
0.3497,12
0.3498,11
0.3499,14
0.35,130
0.3501,9
0.3502,13
0.3503,7
0.3504,6
0.3505,5
0.3506,13
0.3507,2
0.3508,6
0.3509,9
0.351,12
0.3511,4
0.3512,8
0.3513,5
0.3514,10
0.3515,11
0.3516,9
0.3517,4
0.3518,8
0.3519,6
0.352,6
0.3521,6
0.3522,8
0.3523,8
0.3524,6
0.3525,8
0.3526,8
0.3527,15
0.3528,10
0.3529,3
0.353,6
0.3531,9
0.3532,9
0.3533,7
0.3534,9
0.3535,3
0.3536,6
0.3537,6
0.3538,18
0.3539,5
0.354,8
0.3541,4
0.3542,8
0.3543,12
0.3544,7
0.3545,10
0.3546,10
0.3547,5
0.3548,10
0.3549,6
0.355,7
0.3551,5
0.3552,9
0.3553,7
0.3554,6
0.3555,6
0.3556,14
0.3557,2
0.3558,8
0.3559,10
0.356,6
0.3561,10
0.3562,6
0.3563,4
0.3564,7
0.3565,17
0.3567,5
0.3568,7
0.3569,7
0.357,17
0.3572,6
0.3573,7
0.3574,8
0.3575,17
0.3577,8
0.3578,10
0.3579,5
0.358,10
0.3582,8
0.3583,4
0.3584,5
0.3585,14
0.3587,13
0.3588,10
0.3589,8
0.359,14
0.3592,10
0.3593,8
0.3594,5
0.3595,6
0.3597,3
0.3598,13
0.3599,4
0.36,12
0.3602,6
0.3603,5
0.3604,6
0.3605,8
0.3607,6
0.3608,4
0.3609,4
0.361,11
0.3612,8
0.3613,5
0.3614,2
0.3615,16
0.3617,2
0.3618,5
0.3619,2
0.362,8
0.3621,5
0.3622,6
0.3623,5
0.3624,5
0.3625,2
0.3626,9
0.3627,5
0.3628,6
0.3629,5
0.363,3
0.3631,2
0.3632,4
0.3633,9
0.3634,4
0.3635,4
0.3636,5
0.3637,5
0.3638,3
0.3639,5
0.364,8
0.3641,9
0.3642,6
0.3643,3
0.3644,3
0.3645,7
0.3646,6
0.3647,7
0.3648,6
0.3649,2
0.365,10
0.3651,10
0.3652,5
0.3653,4
0.3654,8
0.3655,4
0.3656,9
0.3657,5
0.3658,4
0.3659,8
0.366,4
0.3661,4
0.3662,10
0.3663,6
0.3664,2
0.3665,4
0.3666,7
0.3667,7
0.3668,6
0.3669,3
0.367,4
0.3671,5
0.3672,2
0.3673,3
0.3674,1
0.3675,4
0.3676,13
0.3677,6
0.3678,2
0.3679,3
0.368,4
0.3681,6
0.3682,5
0.3683,5
0.3684,2
0.3685,8
0.3686,5
0.3687,5
0.3688,6
0.3689,4
0.369,6
0.3691,10
0.3693,3
0.3694,4
0.3695,8
0.3696,8
0.3698,6
0.3699,6
0.37,9
0.3701,10
0.3703,3
0.3704,2
0.3705,3
0.3706,12
0.3708,3
0.3709,2
0.371,7
0.3711,6
0.3713,10
0.3714,1
0.3715,6
0.3716,11
0.3718,5
0.3719,4
0.372,7
0.3721,14
0.3723,2
0.3724,3
0.3725,7
0.3726,14
0.3728,6
0.3729,3
0.373,9
0.3731,9
0.3733,5
0.3734,5
0.3735,6
0.3736,10
0.3738,6
0.3739,9
0.374,7
0.3741,11
0.3743,6
0.3744,6
0.3745,4
0.3746,8
0.3747,11
0.3748,4
0.3749,7
0.375,5
0.3751,7
0.3752,3
0.3753,3
0.3754,5
0.3755,1
0.3756,5
0.3757,10
0.3758,8
0.3759,4
0.376,5
0.3761,5
0.3762,4
0.3763,7
0.3764,4
0.3765,5
0.3766,4
0.3767,9
0.3768,7
0.3769,3
0.377,4
0.3771,1
0.3772,11
0.3773,3
0.3774,9
0.3775,9
0.3776,8
0.3777,6
0.3778,9
0.3779,8
0.378,5
0.3781,10
0.3782,3
0.3783,3
0.3784,4
0.3785,9
0.3786,4
0.3787,6
0.3788,4
0.3789,2
0.379,5
0.3791,6
0.3792,12
0.3793,5
0.3794,2
0.3795,4
0.3796,6
0.3797,8
0.3798,3
0.3799,7
0.38,3
0.3801,9
0.3802,3
0.3803,5
0.3804,3
0.3805,3
0.3806,5
0.3807,2
0.3808,3
0.3809,4
0.381,8
0.3811,1
0.3812,13
0.3814,1
0.3815,6
0.3816,11
0.3817,6
0.382,8
0.3821,7
0.3822,4
0.3824,3
0.3825,4
0.3826,2
0.3827,9
0.3829,6
0.383,4
0.3831,3
0.3832,6
0.3834,4
0.3835,6
0.3836,7
0.3837,9
0.3839,4
0.384,5
0.3841,3
0.3842,7
0.3844,3
0.3845,6
0.3846,5
0.3847,10
0.3849,8
0.385,2
0.3851,2
0.3852,8
0.3854,4
0.3855,1
0.3856,8
0.3857,8
0.3859,3
0.386,6
0.3861,5
0.3862,9
0.3864,9
0.3865,1
0.3866,8
0.3867,9
0.3869,5
0.387,6
0.3871,4
0.3872,5
0.3873,2
0.3874,2
0.3875,4
0.3876,2
0.3877,2
0.3878,8
0.3879,5
0.388,7
0.3881,2
0.3882,2
0.3884,4
0.3885,5
0.3886,4
0.3887,1
0.3888,3
0.3889,3
0.389,1
0.3891,8
0.3892,4
0.3893,3
0.3894,2
0.3895,2
0.3896,6
0.3897,4
0.3898,3
0.3899,3
0.39,1
0.3901,6
0.3902,1
0.3903,5
0.3904,2
0.3905,3
0.3906,4
0.3907,4
0.3908,3
0.3909,3
0.391,2
0.3911,4
0.3912,2
0.3913,5
0.3914,4
0.3915,2
0.3916,2
0.3917,1
0.3918,5
0.3919,1
0.392,3
0.3921,2
0.3922,2
0.3923,5
0.3924,5
0.3925,6
0.3926,3
0.3927,3
0.3928,1
0.3929,5
0.393,5
0.3931,1
0.3932,6
0.3933,2
0.3934,2
0.3935,5
0.3936,5
0.3937,10
0.3938,2
0.394,4
0.3941,2
0.3942,4
0.3943,6
0.3945,4
0.3946,1
0.3947,3
0.3948,9
0.395,3
0.3951,2
0.3952,4
0.3953,9
0.3955,3
0.3956,4
0.3957,2
0.3958,6
0.396,2
0.3961,2
0.3962,4
0.3963,7
0.3965,3
0.3966,5
0.3967,2
0.3968,5
0.397,6
0.3972,4
0.3973,15
0.3975,5
0.3976,6
0.3977,1
0.3978,4
0.398,6
0.3981,6
0.3982,5
0.3983,9
0.3985,3
0.3986,9
0.3987,2
0.3988,6
0.399,7
0.3991,6
0.3992,9
0.3993,4
0.3994,1
0.3995,3
0.3996,5
0.3997,5
0.3998,3
0.4,53
0.4001,4
0.4002,3
0.4003,6
0.4004,1
0.4005,4
0.4006,5
0.4007,6
0.4008,6
0.4009,3
0.401,3
0.4011,3
0.4012,5
0.4013,5
0.4014,7
0.4015,4
0.4016,3
0.4017,1
0.4018,4
0.4019,6
0.402,6
0.4021,2
0.4022,4
0.4023,7
0.4024,3
0.4025,6
0.4026,6
0.4027,3
0.4028,2
0.4029,6
0.403,3
0.4031,4
0.4032,4
0.4033,3
0.4034,3
0.4035,6
0.4036,5
0.4037,3
0.4038,1
0.4039,4
0.404,2
0.4041,2
0.4042,2
0.4043,2
0.4044,4
0.4045,2
0.4046,4
0.4047,1
0.4048,4
0.4049,2
0.405,3
0.4051,1
0.4052,3
0.4053,4
0.4054,5
0.4055,3
0.4056,3
0.4057,3
0.4058,1
0.4059,4
0.406,3
0.4061,3
0.4062,10
0.4063,4
0.4064,9
0.4066,3
0.4067,4
0.4068,3
0.4069,10
0.4072,5
0.4073,4
0.4074,6
0.4076,3
0.4077,5
0.4078,2
0.4079,10
0.4081,4
0.4082,2
0.4083,3
0.4084,8
0.4086,1
0.4087,4
0.4088,2
0.4089,6
0.4091,2
0.4092,1
0.4093,3
0.4094,6
0.4096,4
0.4097,4
0.4098,4
0.41,6
0.4101,3
0.4102,4
0.4103,3
0.4104,3
0.4105,2
0.4106,4
0.4107,3
0.4108,3
0.4109,4
0.411,2
0.4111,5
0.4112,5
0.4114,2
0.4115,9
0.4116,6
0.4117,4
0.4118,4
0.4119,3
0.4122,6
0.4123,2
0.4124,2
0.4125,4
0.4126,2
0.4127,1
0.4128,3
0.4129,1
0.413,2
0.4131,8
0.4132,3
0.4133,1
0.4134,7
0.4135,6
0.4136,4
0.4137,3
0.4138,1
0.4139,4
0.414,4
0.4141,4
0.4142,5
0.4143,1
0.4144,2
0.4145,2
0.4146,6
0.4147,1
0.4148,6
0.4149,1
0.415,4
0.4151,2
0.4152,2
0.4153,5
0.4154,3
0.4156,4
0.4157,2
0.4158,1
0.4159,3
0.416,2
0.4161,2
0.4162,1
0.4163,2
0.4164,5
0.4165,3
0.4166,3
0.4167,6
0.4168,2
0.417,5
0.4171,1
0.4172,7
0.4173,4
0.4174,2
0.4175,3
0.4176,1
0.4177,5
0.4178,7
0.4179,7
0.418,4
0.4181,1
0.4182,3
0.4183,3
0.4184,10
0.4185,8
0.4186,7
0.4187,4
0.4188,2
0.4189,1
0.419,4
0.4191,7
0.4192,4
0.4193,10
0.4194,1
0.4195,4
0.4196,5
0.4197,5
0.4198,4
0.4199,1
0.42,2
0.4201,4
0.4202,5
0.4203,8
0.4204,5
0.4205,3
0.4206,4
0.4207,2
0.4208,6
0.4209,4
0.421,9
0.4211,2
0.4212,4
0.4213,1
0.4214,3
0.4215,1
0.4216,7
0.4217,3
0.4218,3
0.4219,4
0.422,4
0.4221,5
0.4222,5
0.4223,3
0.4224,4
0.4226,1
0.4227,4
0.4228,4
0.4229,3
0.423,5
0.4231,2
0.4232,3
0.4233,10
0.4234,1
0.4235,3
0.4236,5
0.4237,5
0.4238,3
0.4239,2
0.424,2
0.4241,4
0.4243,6
0.4244,6
0.4245,2
0.4246,4
0.4247,8
0.4248,3
0.4249,2
0.425,2
0.4251,2
0.4252,6
0.4253,4
0.4254,4
0.4255,3
0.4256,3
0.4257,6
0.4258,5
0.4259,2
0.426,4
0.4261,3
0.4262,2
0.4263,4
0.4264,4
0.4265,5
0.4266,3
0.4268,3
0.4269,1
0.427,7
0.4271,6
0.4272,4
0.4273,3
0.4274,2
0.4275,4
0.4276,3
0.4277,7
0.4278,8
0.4279,1
0.428,2
0.4281,4
0.4282,3
0.4283,2
0.4284,6
0.4286,3
0.4287,1
0.4288,5
0.4289,1
0.429,7
0.4291,2
0.4292,3
0.4293,6
0.4294,1
0.4295,4
0.4296,1
0.4297,5
0.4298,3
0.4299,4
0.43,4
0.4301,5
0.4302,1
0.4303,3
0.4304,6
0.4305,2
0.4306,6
0.4307,7
0.4308,3
0.4309,2
0.431,2
0.4311,3
0.4312,2
0.4313,2
0.4314,5
0.4315,4
0.4316,2
0.4317,4
0.4318,1
0.4319,3
0.432,3
0.4321,3
0.4322,1
0.4323,1
0.4324,3
0.4325,3
0.4326,2
0.4327,7
0.4328,4
0.433,3
0.4331,2
0.4332,3
0.4333,2
0.4334,5
0.4335,6
0.4336,3
0.4339,1
0.434,4
0.4341,1
0.4342,4
0.4343,5
0.4344,1
0.4345,1
0.4346,2
0.4347,2
0.4348,2
0.4349,2
0.435,1
0.4351,1
0.4352,1
0.4354,4
0.4355,2
0.4356,4
0.4357,1
0.4358,3
0.4359,4
0.436,4
0.4361,6
0.4362,4
0.4363,8
0.4364,10
0.4365,3
0.4367,3
0.4368,3
0.4369,6
0.437,2
0.4371,7
0.4372,9
0.4373,1
0.4375,2
0.4376,6
0.4377,3
0.4378,5
0.4379,9
0.438,4
0.4381,2
0.4382,4
0.4383,3
0.4384,1
0.4385,2
0.4386,4
0.4387,2
0.4388,3
0.4389,4
0.439,1
0.4391,2
0.4392,2
0.4393,2
0.4394,5
0.4395,6
0.4396,9
0.4397,3
0.4398,6
0.4399,5
0.44,1
0.4401,2
0.4402,4
0.4403,8
0.4404,4
0.4405,6
0.4406,2
0.4407,9
0.4408,2
0.4409,2
0.441,2
0.4411,6
0.4412,3
0.4413,3
0.4414,3
0.4415,5
0.4416,5
0.4417,2
0.4418,2
0.4419,8
0.442,4
0.4421,2
0.4422,1
0.4423,3
0.4424,4
0.4425,5
0.4426,7
0.4427,5
0.4428,3
0.4429,6
0.443,5
0.4431,1
0.4432,1
0.4433,1
0.4434,4
0.4435,1
0.4436,4
0.4437,2
0.4438,4
0.4439,1
0.444,2
0.4441,2
0.4442,6
0.4443,3
0.4444,3
0.4445,3
0.4446,3
0.4447,4
0.4448,5
0.4449,3
0.445,2
0.4451,1
0.4452,2
0.4453,5
0.4454,4
0.4455,3
0.4456,4
0.4457,9
0.4458,3
0.4459,2
0.446,2
0.4461,2
0.4462,2
0.4464,2
0.4465,3
0.4466,6
0.4467,6
0.4468,2
0.447,2
0.4471,1
0.4472,1
0.4473,2
0.4474,1
0.4475,3
0.4476,4
0.4478,3
0.4479,5
0.448,4
0.4481,4
0.4482,1
0.4483,4
0.4484,3
0.4486,1
0.4487,2
0.4488,2
0.4489,4
0.449,6
0.4491,5
0.4492,3
0.4493,4
0.4494,5
0.4495,1
0.4496,2
0.4499,2
0.45,6
0.4501,3
0.4502,3
0.4503,3
0.4504,3
0.4505,3
0.4506,5
0.4507,1
0.4509,4
0.451,3
0.4511,5
0.4512,3
0.4513,3
0.4514,3
0.4516,6
0.4517,1
0.4518,3
0.4519,7
0.452,5
0.4521,3
0.4522,2
0.4523,3
0.4524,5
0.4525,4
0.4526,1
0.4527,3
0.4528,8
0.4529,2
0.453,3
0.4532,1
0.4533,3
0.4534,6
0.4535,1
0.4536,1
0.4537,1
0.4538,4
0.454,3
0.4541,3
0.4542,1
0.4543,1
0.4544,3
0.4545,1
0.4546,2
0.4547,7
0.4548,4
0.4549,2
0.455,5
0.4551,2
0.4552,2
0.4553,3
0.4554,3
0.4555,7
0.4556,3
0.4557,2
0.4558,5
0.4559,4
0.456,4
0.4561,2
0.4562,1
0.4563,2
0.4565,3
0.4566,7
0.4567,4
0.4568,5
0.4569,2
0.457,6
0.4571,2
0.4572,2
0.4573,2
0.4574,2
0.4575,2
0.4576,3
0.4577,1
0.4578,5
0.4579,5
0.458,3
0.4581,6
0.4582,2
0.4583,1
0.4584,3
0.4585,3
0.4586,4
0.4587,5
0.4588,1
0.4589,1
0.459,2
0.4591,4
0.4592,1
0.4593,4
0.4595,7
0.4596,5
0.4597,1
0.4598,3
0.4599,3
0.46,1
0.4601,2
0.4602,2
0.4603,3
0.4604,1
0.4605,1
0.4606,4
0.4608,2
0.4609,1
0.461,2
0.4611,1
0.4612,3
0.4613,1
0.4614,3
0.4615,1
0.4616,3
0.4617,2
0.4618,1
0.4619,2
0.4621,1
0.4622,3
0.4625,6
0.4626,2
0.4627,2
0.4628,1
0.4629,1
0.463,7
0.4631,2
0.4632,5
0.4633,4
0.4634,1
0.4636,2
0.4637,2
0.4638,3
0.4639,2
0.464,5
0.4641,4
0.4642,2
0.4643,4
0.4644,2
0.4645,3
0.4646,2
0.4647,3
0.4648,4
0.465,4
0.4651,4
0.4652,2
0.4653,3
0.4654,4
0.4656,1
0.4657,3
0.4658,3
0.4659,5
0.466,2
0.4661,4
0.4662,3
0.4663,2
0.4666,4
0.4667,5
0.4668,4
0.4669,1
0.467,1
0.4671,2
0.4672,3
0.4673,2
0.4675,2
0.4676,2
0.4677,3
0.4678,5
0.4679,1
0.468,1
0.4682,3
0.4683,4
0.4684,5
0.4685,2
0.4686,2
0.4688,3
0.4689,1
0.469,2
0.4691,1
0.4692,6
0.4694,3
0.4695,3
0.4696,5
0.4697,2
0.4698,1
0.4699,4
0.47,3
0.4701,4
0.4702,3
0.4704,3
0.4705,2
0.4706,4
0.4707,4
0.4708,6
0.4709,1
0.471,5
0.4711,2
0.4712,2
0.4713,1
0.4714,2
0.4715,5
0.4716,1
0.4717,2
0.4718,4
0.4719,3
0.472,1
0.4723,1
0.4724,2
0.4725,3
0.4726,2
0.4727,5
0.4728,3
0.4729,5
0.473,4
0.4731,1
0.4732,2
0.4733,4
0.4734,5
0.4735,3
0.4736,3
0.4737,2
0.4738,1
0.4739,2
0.4741,2
0.4742,1
0.4743,2
0.4744,3
0.4745,2
0.4746,3
0.4747,2
0.4748,3
0.4749,6
0.475,1
0.4752,1
0.4753,5
0.4754,3
0.4755,2
0.4756,6
0.4757,2
0.4758,2
0.4759,4
0.476,1
0.4761,2
0.4762,1
0.4763,1
0.4764,3
0.4765,5
0.4766,4
0.4767,1
0.4768,4
0.4769,4
0.477,3
0.4771,2
0.4772,1
0.4773,1
0.4774,1
0.4775,3
0.4776,2
0.4777,2
0.4778,1
0.4779,4
0.478,6
0.4781,1
0.4783,4
0.4784,3
0.4785,4
0.4786,3
0.4788,3
0.479,3
0.4791,2
0.4793,1
0.4794,2
0.4795,3
0.4796,1
0.4797,3
0.4798,2
0.4799,2
0.48,7
0.4801,1
0.4803,3
0.4804,5
0.4806,1
0.4808,2
0.4809,1
0.481,3
0.4813,2
0.4814,3
0.4815,2
0.4817,2
0.4818,5
0.4819,3
0.482,1
0.4821,1
0.4823,3
0.4824,5
0.4825,2
0.4826,1
0.4827,3
0.4828,3
0.4829,1
0.4831,2
0.4833,1
0.4834,2
0.4835,2
0.4836,3
0.4837,1
0.4838,1
0.4839,2
0.484,5
0.4842,2
0.4843,1
0.4844,5
0.4845,7
0.4846,2
0.4847,2
0.4848,4
0.4849,2
0.485,2
0.4851,1
0.4852,3
0.4853,1
0.4854,6
0.4855,2
0.4856,1
0.4857,1
0.4858,2
0.4859,3
0.486,3
0.4861,1
0.4862,1
0.4863,3
0.4864,3
0.4865,1
0.4866,3
0.4867,4
0.4869,1
0.487,3
0.4871,3
0.4872,1
0.4873,3
0.4875,4
0.4876,3
0.4877,3
0.4878,6
0.4879,3
0.488,6
0.4882,5
0.4883,1
0.4884,1
0.4885,1
0.4886,4
0.4887,3
0.4888,1
0.4889,2
0.489,3
0.4891,3
0.4892,3
0.4893,1
0.4894,3
0.4895,1
0.4896,3
0.4897,2
0.4898,2
0.49,1
0.4901,4
0.4902,4
0.4904,5
0.4905,7
0.4906,3
0.4907,2
0.4908,3
0.4909,3
0.4911,3
0.4912,3
0.4913,2
0.4914,3
0.4915,1
0.4916,3
0.4917,3
0.4918,5
0.4919,1
0.492,2
0.4921,3
0.4922,3
0.4923,3
0.4924,4
0.4925,3
0.4926,6
0.4928,4
0.4929,4
0.493,3
0.4932,6
0.4933,4
0.4934,4
0.4935,5
0.4936,3
0.4938,2
0.4939,1
0.494,1
0.4941,2
0.4943,2
0.4944,5
0.4945,4
0.4946,3
0.4947,1
0.4948,1
0.4949,2
0.495,1
0.4951,1
0.4952,5
0.4953,5
0.4954,1
0.4955,1
0.4956,3
0.4957,2
0.4958,6
0.4959,2
0.496,2
0.4961,1
0.4962,3
0.4964,1
0.4965,5
0.4966,5
0.4967,4
0.4968,2
0.4969,5
0.497,1
0.4971,3
0.4972,4
0.4973,3
0.4974,2
0.4975,2
0.4977,2
0.4978,1
0.4979,1
0.498,4
0.4981,1
0.4982,4
0.4984,5
0.4986,3
0.4987,2
0.4988,2
0.4989,1
0.499,1
0.4991,1
0.4992,4
0.4993,4
0.4994,4
0.4995,3
0.4997,1
0.4998,3
0.4999,3
0.5,69
0.5004,2
0.5006,3
0.5007,1
0.5008,1
0.501,2
0.5011,3
0.5013,1
0.5014,2
0.5016,1
0.5018,1
0.5019,1
0.502,2
0.5023,2
0.5024,3
0.5026,4
0.5027,1
0.5028,3
0.5031,1
0.5032,2
0.5034,2
0.5037,1
0.5038,4
0.5039,3
0.5041,2
0.5042,1
0.5044,4
0.5046,2
0.5047,1
0.5049,2
0.505,3
0.5051,2
0.5052,3
0.5053,1
0.5054,1
0.5056,1
0.5057,1
0.5058,2
0.5059,1
0.506,2
0.5062,1
0.5063,2
0.5064,2
0.5066,1
0.5067,2
0.5068,1
0.5069,2
0.507,1
0.5071,1
0.5074,1
0.5077,3
0.5078,1
0.508,1
0.5082,2
0.5083,2
0.5084,1
0.5087,2
0.5088,2
0.509,1
0.5092,1
0.5093,2
0.5094,2
0.5096,3
0.5097,2
0.5098,4
0.51,4
0.5103,3
0.5104,2
0.5109,1
0.511,1
0.5111,2
0.5112,3
0.5113,2
0.5115,1
0.5116,1
0.5117,1
0.5118,3
0.5119,2
0.512,1
0.5121,2
0.5124,2
0.5125,2
0.5127,3
0.5132,1
0.5133,3
0.5134,1
0.5135,1
0.5137,1
0.5139,1
0.514,3
0.5141,1
0.5142,1
0.5143,1
0.5145,3
0.5148,1
0.5154,1
0.5155,6
0.5158,2
0.5159,1
0.5161,1
0.5165,3
0.5167,2
0.5168,4
0.517,1
0.5171,3
0.5172,2
0.5174,3
0.5175,4
0.5177,1
0.5178,1
0.518,4
0.5182,2
0.5183,2
0.5184,1
0.5185,2
0.5187,2
0.5188,3
0.5189,1
0.519,4
0.5191,2
0.5192,2
0.5193,6
0.5194,1
0.5195,2
0.5197,2
0.5198,3
0.5199,1
0.52,1
0.5203,2
0.5204,1
0.5205,2
0.5207,2
0.5208,1
0.5209,1
0.521,3
0.5211,1
0.5213,1
0.5214,1
0.5215,1
0.5218,1
0.5219,1
0.522,2
0.5221,2
0.5223,3
0.5225,1
0.5227,1
0.5228,1
0.5232,2
0.5233,1
0.5234,1
0.5235,6
0.5239,2
0.524,1
0.5241,1
0.5243,2
0.5247,3
0.525,1
0.5252,1
0.5253,2
0.5255,1
0.5256,2
0.5259,1
0.526,1
0.5261,2
0.5262,2
0.5263,2
0.5265,1
0.5266,3
0.5268,1
0.5269,4
0.527,4
0.5271,1
0.5275,3
0.5278,1
0.5282,1
0.5283,1
0.5284,1
0.5285,1
0.5286,2
0.5289,1
0.529,2
0.5292,1
0.5293,1
0.5294,1
0.5295,1
0.53,2
0.5302,1
0.5303,1
0.5306,1
0.5308,2
0.531,1
0.5311,1
0.5313,3
0.5314,1
0.5315,1
0.5316,2
0.5318,1
0.5321,1
0.5322,2
0.5323,1
0.5324,1
0.5326,1
0.5328,1
0.533,2
0.5331,1
0.5335,2
0.5336,2
0.5338,2
0.5339,1
0.534,1
0.5341,3
0.5342,3
0.5343,1
0.5345,1
0.5348,2
0.535,1
0.5353,2
0.5354,2
0.5356,2
0.5358,1
0.5361,1
0.5366,1
0.5367,2
0.5369,1
0.5371,2
0.5372,1
0.5373,2
0.5375,1
0.5377,1
0.5379,1
0.538,1
0.5381,3
0.5384,1
0.5385,1
0.5387,1
0.5392,1
0.5393,1
0.5394,1
0.5395,1
0.5397,2
0.5399,1
0.5401,1
0.5403,2
0.5405,1
0.5407,4
0.5411,1
0.5412,1
0.5413,1
0.5416,1
0.5417,2
0.5419,2
0.5423,2
0.5427,2
0.543,1
0.5437,4
0.544,1
0.5441,1
0.5443,2
0.5446,3
0.5447,1
0.545,1
0.5451,5
0.5452,1
0.5455,2
0.5456,1
0.5457,3
0.546,1
0.5461,1
0.5462,2
0.5463,2
0.5466,1
0.5469,1
0.547,2
0.5471,1
0.5473,2
0.5475,1
0.5476,2
0.5482,2
0.5484,1
0.5487,1
0.5489,4
0.549,3
0.5498,1
0.55,1
0.5503,1
0.5505,1
0.5506,3
0.551,1
0.5514,1
0.5515,3
0.5517,2
0.552,3
0.5522,1
0.5524,1
0.5525,1
0.5528,1
0.553,1
0.5531,1
0.5532,1
0.5534,1
0.5535,1
0.5536,4
0.5538,3
0.5545,1
0.5546,1
0.5548,2
0.555,1
0.5551,1
0.5553,1
0.5555,1
0.5557,1
0.5558,1
0.5563,2
0.5564,1
0.5565,1
0.5566,1
0.5568,1
0.557,3
0.5571,1
0.5573,1
0.558,2
0.5582,2
0.5583,1
0.5588,1
0.559,1
0.5595,1
0.5597,2
0.5598,2
0.56,4
0.5601,1
0.5602,1
0.5615,2
0.5616,2
0.5618,2
0.5619,1
0.5621,3
0.5622,2
0.5629,3
0.5633,1
0.5634,2
0.5636,1
0.5639,2
0.5641,1
0.5643,1
0.5645,1
0.5646,1
0.5647,1
0.5649,2
0.5652,1
0.5653,1
0.5654,2
0.5656,1
0.5657,1
0.5658,2
0.5661,1
0.5664,1
0.5672,1
0.5674,1
0.5676,1
0.5678,1
0.5679,2
0.5682,1
0.5686,1
0.5688,1
0.5692,1
0.5695,1
0.5696,1
0.5697,1
0.5701,1
0.5704,1
0.5705,1
0.5718,1
0.5719,2
0.5722,1
0.5723,1
0.5726,1
0.5731,1
0.5738,2
0.574,2
0.5741,1
0.5744,1
0.5748,2
0.575,1
0.5758,3
0.576,1
0.5763,1
0.5766,1
0.5767,1
0.5776,1
0.5779,1
0.578,1
0.5783,2
0.579,1
0.5796,1
0.5797,1
0.58,10
0.5802,1
0.5808,2
0.581,2
0.5818,1
0.582,1
0.5823,1
0.5824,1
0.5825,1
0.5829,1
0.583,1
0.5843,1
0.5846,2
0.585,1
0.5854,1
0.5865,1
0.5869,1
0.5875,1
0.5876,1
0.588,2
0.5884,1
0.5886,1
0.5888,1
0.5899,1
0.59,1
0.5901,1
0.5904,2
0.5905,1
0.5908,1
0.5911,3
0.5916,1
0.5919,1
0.5925,1
0.5928,1
0.5934,1
0.5935,2
0.5936,1
0.5938,1
0.5943,1
0.5945,1
0.5946,1
0.5947,1
0.595,1
0.5957,1
0.5958,1
0.5963,1
0.5969,3
0.597,1
0.5971,1
0.5974,1
0.5976,1
0.5981,2
0.5983,1
0.5985,1
0.5986,1
0.5989,1
0.5992,1
0.5993,1
0.5994,1
0.5995,1
0.6,4
0.6002,1
0.6004,1
0.6005,1
0.6006,1
0.6007,2
0.6018,1
0.6021,2
0.6022,2
0.6029,1
0.6035,1
0.6039,2
0.6052,2
0.6054,1
0.6056,1
0.6058,1
0.6061,2
0.6062,2
0.6066,1
0.6079,1
0.6081,1
0.6086,3
0.6087,1
0.6088,1
0.6095,1
0.6099,1
0.6101,1
0.6102,1
0.6105,2
0.611,1
0.6131,1
0.6135,1
0.6136,1
0.6137,1
0.6139,2
0.614,1
0.6147,1
0.6156,1
0.6172,1
0.6175,1
0.618,2
0.6182,1
0.6183,3
0.6212,1
0.6213,2
0.6218,2
0.6223,1
0.6225,1
0.6233,3
0.6249,2
0.6257,1
0.6268,2
0.6269,1
0.6288,1
0.6292,1
0.6294,1
0.6296,1
0.6297,2
0.6314,1
0.6317,1
0.6318,1
0.632,2
0.6321,1
0.6324,1
0.634,1
0.6344,1
0.6362,1
0.6375,1
0.6393,1
0.64,1
0.6402,1
0.643,2
0.6439,1
0.6445,1
0.6454,1
0.6465,1
0.6475,2
0.6478,1
0.6489,1
0.6491,1
0.6492,1
0.6506,1
0.6522,1
0.654,1
0.6546,1
0.6552,1
0.6561,1
0.6583,1
0.6606,1
0.6614,1
0.6624,1
0.6645,1
0.6646,2
0.6657,1
0.6679,1
0.6699,1
0.6707,1
0.6712,1
0.6721,1
0.6735,1
0.6749,1
0.6757,1
0.6758,1
0.6761,1
0.6762,1
0.6788,1
0.6793,1
0.6794,2
0.6822,1
0.6827,2
0.6836,1
0.6861,1
0.6873,1
0.6883,1
0.6895,1
0.6915,3
0.6929,1
0.6932,1
0.6936,1
0.6937,1
0.6952,1
0.6958,1
0.6973,1
0.6979,1
0.6987,1
0.7,5
0.7005,1
0.701,1
0.7024,1
0.7039,1
0.7052,1
0.7063,2
0.7087,1
0.709,1
0.7094,1
0.71,2
0.7131,1
0.7151,1
0.7153,1
0.7173,1
0.7199,1
0.7216,1
0.7218,1
0.722,1
0.7221,1
0.7234,1
0.7246,1
0.7247,1
0.7278,2
0.7285,1
0.7289,1
0.729,2
0.7295,1
0.7302,1
0.7321,1
0.7334,1
0.7335,1
0.7344,1
0.7356,1
0.7357,1
0.7366,1
0.7369,2
0.7396,2
0.7402,1
0.7412,1
0.7413,2
0.7417,2
0.7433,1
0.7449,1
0.745,1
0.7466,1
0.747,1
0.7471,1
0.7502,1
0.7516,1
0.753,1
0.7568,1
0.7589,1
0.7598,1
0.7599,1
0.7649,1
0.7651,1
0.7675,1
0.7677,1
0.7689,1
0.7702,1
0.7733,1
0.7737,1
0.7745,1
0.7756,1
0.7758,2
0.7763,1
0.7798,1
0.7804,1
0.7814,1
0.7815,1
0.7844,1
0.7845,1
0.7854,1
0.7867,1
0.7871,2
0.7873,1
0.7874,1
0.7899,1
0.7906,1
0.7917,2
0.7932,1
0.7933,1
0.7969,1
0.7983,1
0.7994,1
0.7995,1
0.8,5
0.8065,2
0.8067,1
0.8132,1
0.8133,1
0.8166,1
0.8168,1
0.8202,1
0.8203,1
0.8276,1
0.8278,1
0.8311,1
0.8335,1
0.8351,1
0.8408,2
0.8509,3
0.852,5
0.8602,1
0.8616,1
0.8617,3
0.8789,1
0.88,17
0.8885,1
0.8904,1
0.8906,1
0.9008,1
0.9035,1
0.9064,1
0.9161,1
0.9442,3
0.9503,1
0.9594,1
0.9657,1
0.9767,1
0.9775,2
0.9829,1
0.9831,1
0.9832,1
0.9836,1
0.9839,2
0.9967,1
1.0,7
1.0019,1
1.0098,1
1.0099,1
1.0101,1
1.0182,1
1.0232,2
1.0391,1
1.0406,1
1.0408,1
1.0409,2
1.05,9
1.0664,1
1.0771,1
1.0773,2
1.1,22
1.1474,1
1.26,7
