0.2633,1
0.2766,1
0.2777,1
0.2788,1
0.2797,1
0.2799,1
0.28,2
0.2802,2
0.2803,3
0.2804,1
0.281,2
0.2811,2
0.2813,2
0.2816,1
0.2817,2
0.2819,1
0.2823,1
0.2824,1
0.2827,2
0.2828,1
0.2834,3
0.2836,1
0.2837,2
0.2838,3
0.2839,2
0.2841,1
0.2842,4
0.2843,1
0.2844,4
0.2847,1
0.2849,3
0.2853,2
0.2854,1
0.2856,1
0.2857,1
0.2858,1
0.2859,2
0.2861,1
0.2862,1
0.2866,1
0.2867,1
0.2868,1
0.2869,2
0.2873,1
0.2875,4
0.2877,2
0.2879,2
0.288,2
0.2882,1
0.2884,4
0.2885,1
0.2886,1
0.2887,1
0.2888,1
0.2889,2
0.289,1
0.2892,5
0.2894,2
0.2895,4
0.2896,2
0.2897,1
0.2898,3
0.2899,1
0.29,1
0.2901,1
0.2902,2
0.2904,2
0.2906,4
0.2909,1
0.2915,1
0.2916,1
0.2917,2
0.2918,4
0.2921,2
0.2924,1
0.2927,2
0.2929,2
0.2932,1
0.2933,1
0.2934,2
0.2935,1
0.2936,1
0.2937,1
0.2939,2
0.294,3
0.2943,4
0.2945,4
0.2947,2
0.2953,1
0.2954,1
0.2955,2
0.2959,1
0.296,1
0.2962,2
0.2963,2
0.2964,2
0.2965,3
0.2967,2
0.2968,3
0.297,3
0.2972,3
0.2973,2
0.2974,1
0.2975,2
0.2978,4
0.2979,3
0.298,1
0.2982,1
0.2983,5
0.2985,7
0.2987,2
0.2988,3
0.2989,1
0.299,4
0.2992,3
0.2993,2
0.2994,3
0.2995,3
0.2997,5
0.2998,5
0.2999,6
0.3001,5
0.3003,2
0.3004,2
0.3005,2
0.3006,3
0.3008,1
0.3009,5
0.301,2
0.3011,4
0.3012,5
0.3013,2
0.3014,2
0.3015,4
0.3016,7
0.3017,3
0.3019,5
0.302,5
0.3021,2
0.3022,5
0.3023,1
0.3024,4
0.3025,5
0.3026,3
0.3027,7
0.3028,2
0.3029,3
0.303,4
0.3031,3
0.3032,4
0.3033,4
0.3035,7
0.3037,3
0.3038,5
0.3039,3
0.304,1
0.3041,1
0.3042,4
0.3043,4
0.3044,2
0.3045,5
0.3046,2
0.3047,2
0.3048,3
0.3049,3
0.305,1
0.3051,5
0.3052,2
0.3053,3
0.3054,3
0.3055,1
0.3056,6
0.3057,3
0.3059,2
0.306,3
0.3061,6
0.3062,2
0.3064,2
0.3066,4
0.3068,3
0.3069,2
0.307,3
0.3071,7
0.3073,4
0.3074,2
0.3075,5
0.3076,3
0.3078,2
0.3079,3
0.308,6
0.3081,4
0.3083,1
0.3084,4
0.3085,5
0.3086,6
0.3088,3
0.3089,6
0.3091,5
0.3093,1
0.3094,4
0.3095,5
0.3096,5
0.3098,6
0.3099,1
0.31,2
0.3101,7
0.3104,3
0.3105,5
0.3106,8
0.3108,4
0.3109,8
0.311,3
0.3111,11
0.3113,4
0.3114,4
0.3115,3
0.3116,14
0.3118,6
0.3119,6
0.312,5
0.3121,1
0.3122,7
0.3123,9
0.3124,2
0.3125,8
0.3126,5
0.3127,6
0.3128,2
0.3129,4
0.313,2
0.3131,4
0.3132,3
0.3133,4
0.3134,3
0.3136,1
0.3137,6
0.3138,8
0.3139,1
0.314,5
0.3141,1
0.3142,6
0.3143,6
0.3144,12
0.3145,3
0.3146,4
0.3147,3
0.3148,5
0.3149,3
0.315,10
0.3152,2
0.3153,2
0.3154,2
0.3155,3
0.3156,6
0.3157,4
0.3158,1
0.316,5
0.3161,3
0.3162,3
0.3163,3
0.3164,6
0.3166,1
0.3167,2
0.3168,6
0.3169,4
0.317,1
0.3171,5
0.3172,8
0.3173,4
0.3174,4
0.3175,1
0.3176,6
0.3177,4
0.3178,2
0.3179,6
0.318,8
0.3181,6
0.3183,3
0.3184,12
0.3185,2
0.3187,10
0.3189,9
0.319,2
0.3191,4
0.3192,8
0.3194,2
0.3195,5
0.3197,5
0.3199,2
0.32,6
0.3201,5
0.3202,13
0.3204,1
0.3206,1
0.3207,5
0.3209,2
0.321,3
0.3211,7
0.3212,8
0.3214,6
0.3215,3
0.3216,6
0.3217,6
0.3219,6
0.322,5
0.3221,5
0.3222,7
0.3224,4
0.3225,11
0.3226,8
0.3227,18
0.3229,11
0.323,9
0.3231,2
0.3232,12
0.3234,2
0.3235,5
0.3236,7
0.3237,14
0.3239,2
0.324,12
0.3241,4
0.3242,14
0.3244,3
0.3245,5
0.3246,4
0.3247,7
0.3248,10
0.3249,2
0.325,6
0.3251,8
0.3252,6
0.3253,7
0.3254,15
0.3255,6
0.3256,3
0.3257,6
0.3258,12
0.3259,5
0.326,5
0.3261,8
0.3262,2
0.3263,8
0.3264,14
0.3265,3
0.3266,1
0.3267,10
0.3268,11
0.3269,1
0.327,13
0.3271,7
0.3272,5
0.3273,4
0.3274,3
0.3275,15
0.3276,4
0.3277,3
0.3278,4
0.3279,14
0.328,4
0.3281,5
0.3282,7
0.3283,11
0.3284,5
0.3285,4
0.3286,3
0.3287,5
0.3288,4
0.329,5
0.3291,9
0.3292,10
0.3293,3
0.3294,3
0.3295,5
0.3296,8
0.3297,4
0.3298,3
0.3299,12
0.33,7
0.3301,6
0.3302,7
0.3303,3
0.3304,4
0.3305,5
0.3306,7
0.3307,6
0.3308,3
0.3309,6
0.331,9
0.3311,15
0.3312,6
0.3313,10
0.3315,4
0.3316,6
0.3317,7
0.3318,19
0.332,7
0.3321,6
0.3322,8
0.3323,21
0.3325,5
0.3326,13
0.3327,2
0.3328,17
0.333,15
0.3331,8
0.3332,5
0.3333,18
0.3335,7
0.3336,5
0.3337,8
0.3338,17
0.334,7
0.3341,2
0.3342,7
0.3343,11
0.3345,3
0.3346,12
0.3347,8
0.3348,8
0.335,6
0.3351,5
0.3352,6
0.3353,10
0.3355,11
0.3356,5
0.3357,7
0.3358,16
0.336,11
0.3361,6
0.3362,10
0.3363,14
0.3365,4
0.3366,5
0.3367,6
0.3368,7
0.3369,4
0.337,9
0.3371,10
0.3372,3
0.3373,6
0.3374,7
0.3375,12
0.3376,6
0.3377,5
0.3378,10
0.3379,2
0.338,9
0.3381,12
0.3382,5
0.3383,9
0.3384,8
0.3385,7
0.3386,6
0.3387,3
0.3388,17
0.3389,1
0.339,18
0.3391,4
0.3392,15
0.3393,3
0.3394,12
0.3395,8
0.3396,8
0.3397,4
0.3398,6
0.3399,11
0.34,5
0.3401,10
0.3402,2
0.3403,6
0.3404,5
0.3405,11
0.3406,4
0.3407,6
0.3408,5
0.3409,7
0.341,7
0.3411,6
0.3412,4
0.3413,17
0.3414,8
0.3415,17
0.3416,6
0.3417,5
0.3418,4
0.3419,11
0.342,3
0.3421,2
0.3422,8
0.3423,16
0.3424,4
0.3425,3
0.3426,3
0.3427,13
0.3428,10
0.3429,3
0.343,9
0.3431,4
0.3432,15
0.3434,2
0.3435,2
0.3436,8
0.3437,14
0.3438,3
0.3439,11
0.3441,6
0.3442,13
0.3444,12
0.3446,10
0.3447,13
0.3449,8
0.3451,11
0.3452,14
0.3453,6
0.3454,7
0.3456,7
0.3457,7
0.3458,14
0.3459,8
0.3461,14
0.3462,7
0.3463,6
0.3464,16
0.3466,8
0.3467,7
0.3468,7
0.3469,20
0.3471,15
0.3472,5
0.3473,4
0.3474,19
0.3476,5
0.3477,10
0.3478,13
0.3479,9
0.3481,5
0.3482,7
0.3483,3
0.3484,14
0.3486,5
0.3487,14
0.3488,2
0.3489,13
0.3491,6
0.3492,8
0.3493,7
0.3494,5
0.3495,6
0.3496,6
0.3497,4
0.3498,11
0.3499,4
0.35,16
0.3501,9
0.3502,6
0.3503,14
0.3505,9
0.3506,11
0.3507,5
0.3508,8
0.3509,6
0.351,12
0.3511,2
0.3512,8
0.3513,8
0.3514,4
0.3515,7
0.3516,8
0.3517,16
0.3518,5
0.3519,7
0.352,9
0.3521,9
0.3522,9
0.3523,5
0.3524,5
0.3525,10
0.3526,8
0.3527,21
0.3528,5
0.3529,4
0.353,6
0.3531,3
0.3532,10
0.3533,4
0.3534,8
0.3535,4
0.3536,3
0.3537,6
0.3538,12
0.3539,7
0.354,6
0.3541,3
0.3542,6
0.3543,13
0.3544,7
0.3545,12
0.3546,5
0.3547,5
0.3548,19
0.3549,6
0.355,6
0.3551,8
0.3552,7
0.3553,5
0.3554,4
0.3555,5
0.3556,6
0.3557,17
0.3558,1
0.3559,19
0.356,18
0.3561,5
0.3562,2
0.3563,26
0.3564,6
0.3565,21
0.3567,4
0.3568,6
0.3569,11
0.357,21
0.3572,13
0.3573,10
0.3574,10
0.3575,35
0.3577,3
0.3578,6
0.3579,8
0.358,19
0.3582,8
0.3583,7
0.3584,5
0.3585,18
0.3587,16
0.3588,5
0.3589,10
0.359,27
0.3592,2
0.3593,6
0.3594,18
0.3595,17
0.3597,3
0.3598,11
0.3599,13
0.36,19
0.3602,13
0.3603,7
0.3604,8
0.3605,14
0.3607,5
0.3608,15
0.3609,12
0.361,24
0.3612,6
0.3613,7
0.3614,8
0.3615,24
0.3617,17
0.3618,4
0.3619,5
0.362,13
0.3621,2
0.3622,19
0.3623,12
0.3624,7
0.3625,10
0.3626,9
0.3627,9
0.3628,3
0.3629,11
0.363,11
0.3631,17
0.3632,7
0.3633,6
0.3634,10
0.3635,8
0.3636,7
0.3637,5
0.3638,13
0.3639,6
0.364,21
0.3641,16
0.3642,9
0.3643,13
0.3644,8
0.3645,10
0.3646,19
0.3647,7
0.3648,3
0.3649,15
0.365,11
0.3651,11
0.3652,8
0.3653,6
0.3655,12
0.3656,7
0.3657,16
0.3658,13
0.3659,3
0.366,13
0.3661,7
0.3662,6
0.3663,7
0.3664,7
0.3665,13
0.3666,10
0.3667,9
0.3668,6
0.3669,9
0.367,7
0.3671,11
0.3672,7
0.3673,13
0.3674,12
0.3675,10
0.3676,11
0.3677,10
0.3678,13
0.3679,17
0.368,5
0.3681,7
0.3682,13
0.3683,8
0.3684,9
0.3685,15
0.3686,4
0.3687,1
0.3688,15
0.3689,10
0.369,3
0.3691,36
0.3693,4
0.3694,4
0.3695,6
0.3696,15
0.3698,18
0.3699,5
0.37,3
0.3701,6
0.3703,2
0.3704,15
0.3705,14
0.3706,18
0.3708,1
0.3709,9
0.371,3
0.3711,26
0.3713,5
0.3714,5
0.3715,3
0.3716,21
0.3718,19
0.3719,15
0.372,20
0.3721,5
0.3723,9
0.3724,9
0.3725,12
0.3726,15
0.3728,16
0.3729,10
0.373,5
0.3731,15
0.3733,5
0.3734,5
0.3735,14
0.3736,29
0.3738,7
0.3739,2
0.374,4
0.3741,9
0.3743,15
0.3744,8
0.3745,14
0.3746,14
0.3747,14
0.3748,4
0.375,5
0.3751,13
0.3752,3
0.3753,15
0.3754,10
0.3755,16
0.3756,4
0.3757,2
0.3758,8
0.3759,10
0.376,13
0.3761,2
0.3762,16
0.3763,17
0.3764,11
0.3765,18
0.3766,8
0.3767,1
0.3768,5
0.3769,9
0.377,5
0.3771,1
0.3772,11
0.3773,12
0.3774,16
0.3775,16
0.3776,12
0.3777,10
0.3778,13
0.3779,3
0.378,5
0.3781,23
0.3782,8
0.3783,14
0.3784,16
0.3785,9
0.3786,17
0.3787,16
0.3788,7
0.3789,12
0.379,10
0.3791,11
0.3792,9
0.3793,6
0.3794,5
0.3795,15
0.3796,10
0.3797,11
0.3798,7
0.3799,12
0.38,10
0.3801,8
0.3802,9
0.3803,10
0.3804,7
0.3805,14
0.3806,12
0.3807,6
0.3808,4
0.3809,10
0.381,7
0.3811,7
0.3812,26
0.3814,12
0.3815,4
0.3816,15
0.3817,7
0.3819,9
0.382,5
0.3821,9
0.3822,16
0.3824,9
0.3825,4
0.3826,14
0.3827,26
0.3829,2
0.383,5
0.3831,10
0.3832,21
0.3834,7
0.3835,12
0.3836,10
0.3837,28
0.3839,4
0.384,15
0.3841,11
0.3842,34
0.3844,8
0.3845,11
0.3846,13
0.3847,18
0.3849,8
0.385,5
0.3851,5
0.3852,22
0.3854,6
0.3855,12
0.3856,9
0.3857,13
0.3859,20
0.386,14
0.3861,9
0.3862,12
0.3864,8
0.3865,12
0.3866,15
0.3867,10
0.3869,8
0.387,12
0.3871,13
0.3872,5
0.3873,7
0.3874,11
0.3875,6
0.3876,10
0.3877,8
0.3878,8
0.3879,16
0.388,3
0.3881,6
0.3882,6
0.3883,11
0.3884,7
0.3885,9
0.3886,14
0.3887,9
0.3888,2
0.3889,14
0.389,4
0.3891,4
0.3892,1
0.3893,14
0.3894,17
0.3895,6
0.3896,6
0.3897,11
0.3898,24
0.3899,6
0.39,1
0.3901,3
0.3902,18
0.3903,2
0.3904,3
0.3905,6
0.3906,15
0.3907,6
0.3908,2
0.3909,11
0.391,4
0.3911,11
0.3912,4
0.3913,4
0.3914,14
0.3915,7
0.3916,6
0.3917,3
0.3918,9
0.3919,11
0.392,16
0.3921,10
0.3922,1
0.3923,14
0.3924,12
0.3925,9
0.3926,5
0.3927,6
0.3928,4
0.3929,8
0.393,12
0.3931,5
0.3932,5
0.3933,12
0.3934,9
0.3935,11
0.3936,7
0.3937,3
0.3938,14
0.394,17
0.3941,9
0.3942,3
0.3943,10
0.3945,6
0.3946,17
0.3947,3
0.3948,13
0.395,10
0.3951,10
0.3952,10
0.3953,14
0.3955,10
0.3956,8
0.3957,23
0.3958,16
0.396,10
0.3961,5
0.3962,8
0.3963,22
0.3965,11
0.3966,6
0.3967,1
0.3968,31
0.397,18
0.3971,6
0.3973,18
0.3975,10
0.3976,8
0.3977,10
0.3978,8
0.398,10
0.3981,7
0.3982,5
0.3983,16
0.3985,10
0.3986,2
0.3987,3
0.3988,23
0.399,12
0.3992,12
0.3993,11
0.3994,4
0.3995,9
0.3996,16
0.3997,2
0.3998,6
0.3999,9
0.4,11
0.4001,9
0.4002,7
0.4003,10
0.4004,9
0.4005,2
0.4006,14
0.4007,5
0.4008,19
0.4009,10
0.401,17
0.4011,15
0.4012,3
0.4013,3
0.4014,17
0.4015,9
0.4016,7
0.4017,11
0.4018,13
0.4019,9
0.402,3
0.4021,15
0.4022,11
0.4023,3
0.4024,11
0.4025,13
0.4026,6
0.4027,14
0.4028,15
0.4029,15
0.403,7
0.4031,10
0.4032,5
0.4033,16
0.4034,4
0.4035,15
0.4036,10
0.4037,12
0.4038,13
0.4039,8
0.404,8
0.4041,21
0.4042,11
0.4043,5
0.4044,23
0.4045,25
0.4046,1
0.4047,4
0.4048,9
0.4049,17
0.405,6
0.4051,6
0.4052,2
0.4053,12
0.4054,28
0.4055,5
0.4056,6
0.4057,3
0.4058,15
0.4059,10
0.406,5
0.4061,10
0.4062,7
0.4063,14
0.4064,22
0.4066,2
0.4067,15
0.4068,12
0.4069,20
0.4071,9
0.4072,10
0.4073,8
0.4074,15
0.4076,7
0.4077,8
0.4078,5
0.4079,29
0.4081,7
0.4082,11
0.4083,5
0.4084,15
0.4086,13
0.4087,9
0.4088,5
0.4089,21
0.4091,3
0.4092,14
0.4093,19
0.4094,10
0.4096,12
0.4097,9
0.4098,14
0.4099,2
0.41,12
0.4101,4
0.4102,11
0.4103,10
0.4104,11
0.4105,7
0.4106,7
0.4107,15
0.4108,3
0.4109,6
0.411,10
0.4111,6
0.4112,12
0.4113,10
0.4114,4
0.4115,14
0.4116,2
0.4117,11
0.4118,2
0.4119,5
0.412,21
0.4121,11
0.4122,6
0.4123,11
0.4124,7
0.4125,8
0.4126,4
0.4127,6
0.4128,16
0.4129,7
0.413,13
0.4131,5
0.4132,9
0.4133,9
0.4134,10
0.4135,5
0.4136,5
0.4137,20
0.4138,9
0.4139,18
0.414,6
0.4141,9
0.4142,3
0.4143,5
0.4144,3
0.4145,17
0.4146,12
0.4147,16
0.4148,15
0.4149,7
0.415,6
0.4151,10
0.4152,6
0.4153,7
0.4154,4
0.4155,17
0.4156,5
0.4157,11
0.4158,25
0.4159,3
0.416,8
0.4161,12
0.4162,10
0.4163,12
0.4164,3
0.4165,14
0.4166,8
0.4167,16
0.4168,15
0.4169,8
0.417,11
0.4171,7
0.4172,9
0.4173,9
0.4174,5
0.4175,3
0.4176,22
0.4177,9
0.4178,27
0.4179,10
0.418,1
0.4181,7
0.4182,10
0.4183,7
0.4184,7
0.4185,10
0.4186,14
0.4187,11
0.4188,9
0.4189,27
0.419,16
0.4191,11
0.4192,3
0.4193,13
0.4194,3
0.4195,1
0.4196,9
0.4197,5
0.4198,11
0.4199,22
0.42,16
0.4201,26
0.4202,2
0.4203,3
0.4204,2
0.4205,12
0.4207,7
0.4208,12
0.4209,8
0.421,8
0.4211,15
0.4212,16
0.4213,21
0.4214,31
0.4215,6
0.4218,10
0.4219,7
0.422,10
0.4221,7
0.4222,3
0.4223,10
0.4224,12
0.4225,13
0.4226,16
0.4227,39
0.4229,6
0.423,3
0.4231,4
0.4232,1
0.4233,4
0.4234,12
0.4235,5
0.4236,11
0.4237,3
0.4238,11
0.4239,10
0.424,26
0.4241,28
0.4242,2
0.4243,3
0.4244,12
0.4245,7
0.4246,9
0.4247,7
0.4248,2
0.4249,6
0.425,6
0.4251,7
0.4252,11
0.4253,8
0.4254,14
0.4255,25
0.4256,22
0.4257,13
0.4258,6
0.4259,2
0.426,2
0.4261,3
0.4262,5
0.4263,5
0.4264,9
0.4265,5
0.4266,18
0.4267,6
0.4268,10
0.4269,15
0.427,10
0.4271,12
0.4272,18
0.4273,6
0.4274,6
0.4275,4
0.4276,6
0.4277,7
0.4278,12
0.4279,4
0.428,5
0.4281,4
0.4282,14
0.4283,6
0.4284,3
0.4285,9
0.4286,7
0.4287,23
0.4288,18
0.4289,20
0.429,7
0.4291,5
0.4292,10
0.4293,5
0.4294,5
0.4295,7
0.4296,3
0.4297,8
0.4298,18
0.4299,3
0.43,9
0.4301,4
0.4302,12
0.4303,8
0.4304,26
0.4305,6
0.4306,9
0.4307,23
0.4308,2
0.4309,12
0.431,6
0.4311,7
0.4312,5
0.4313,8
0.4314,9
0.4315,10
0.4316,7
0.4317,9
0.4318,8
0.4319,6
0.432,12
0.4321,7
0.4322,9
0.4323,19
0.4324,13
0.4325,17
0.4326,16
0.4327,15
0.4328,10
0.4329,9
0.433,4
0.4331,11
0.4333,10
0.4334,11
0.4335,11
0.4336,3
0.4337,9
0.4338,6
0.4339,10
0.434,12
0.4341,1
0.4342,23
0.4343,11
0.4344,7
0.4345,17
0.4346,11
0.4347,7
0.4348,17
0.435,11
0.4351,9
0.4352,4
0.4353,2
0.4354,17
0.4355,7
0.4356,9
0.4357,15
0.4358,4
0.4359,8
0.436,15
0.4362,16
0.4363,11
0.4364,2
0.4365,7
0.4366,15
0.4367,3
0.4368,10
0.4369,12
0.437,12
0.4371,7
0.4372,12
0.4373,13
0.4374,12
0.4375,4
0.4376,8
0.4377,10
0.4379,13
0.438,6
0.4381,7
0.4382,11
0.4383,7
0.4384,4
0.4385,9
0.4386,12
0.4387,13
0.4388,6
0.4389,14
0.439,10
0.4391,3
0.4392,13
0.4393,7
0.4394,1
0.4395,7
0.4396,12
0.4397,2
0.4398,18
0.4399,3
0.44,6
0.4401,7
0.4402,11
0.4403,10
0.4404,2
0.4405,9
0.4406,6
0.4407,6
0.4408,8
0.4409,12
0.441,13
0.4411,7
0.4412,6
0.4413,17
0.4414,14
0.4415,1
0.4416,4
0.4417,15
0.4418,10
0.4419,4
0.442,7
0.4421,8
0.4422,9
0.4423,5
0.4424,6
0.4425,15
0.4426,15
0.4427,4
0.4428,2
0.4429,8
0.443,27
0.4431,2
0.4432,11
0.4433,10
0.4434,14
0.4435,2
0.4436,1
0.4437,7
0.4438,17
0.4439,3
0.444,2
0.4441,12
0.4442,9
0.4443,9
0.4444,8
0.4445,9
0.4446,12
0.4447,18
0.4448,6
0.4449,9
0.445,6
0.4451,16
0.4452,11
0.4453,16
0.4454,7
0.4455,13
0.4456,11
0.4457,12
0.4458,1
0.4459,3
0.446,18
0.4461,11
0.4462,4
0.4463,5
0.4464,15
0.4465,18
0.4466,13
0.4468,6
0.4469,11
0.447,19
0.4471,2
0.4472,13
0.4473,8
0.4474,10
0.4475,11
0.4476,11
0.4477,3
0.4478,12
0.4479,4
0.448,9
0.4481,12
0.4482,6
0.4483,13
0.4484,5
0.4485,6
0.4486,16
0.4487,13
0.4488,10
0.4489,1
0.449,10
0.4491,5
0.4492,18
0.4493,6
0.4494,3
0.4495,8
0.4496,10
0.4497,14
0.4498,11
0.4499,4
0.45,9
0.4501,5
0.4502,9
0.4503,13
0.4504,8
0.4505,3
0.4507,8
0.4508,12
0.4509,14
0.451,7
0.4511,11
0.4512,5
0.4513,8
0.4514,7
0.4515,24
0.4516,2
0.4517,11
0.4518,5
0.4519,3
0.452,23
0.4521,10
0.4522,4
0.4523,3
0.4524,6
0.4525,6
0.4526,10
0.4527,29
0.4528,1
0.4529,6
0.453,9
0.4531,12
0.4532,20
0.4533,5
0.4534,3
0.4535,4
0.4536,5
0.4537,11
0.4538,11
0.4539,8
0.454,2
0.4541,2
0.4542,9
0.4543,14
0.4544,1
0.4545,27
0.4546,5
0.4547,6
0.4548,7
0.4549,8
0.4551,9
0.4552,6
0.4553,1
0.4554,2
0.4555,18
0.4556,5
0.4557,7
0.4558,3
0.4559,10
0.456,7
0.4561,10
0.4562,9
0.4564,14
0.4565,8
0.4566,23
0.4567,11
0.4568,13
0.4569,9
0.457,1
0.4571,10
0.4572,8
0.4573,13
0.4574,5
0.4576,19
0.4577,5
0.4578,4
0.4579,16
0.458,13
0.4581,9
0.4583,8
0.4584,3
0.4585,4
0.4586,3
0.4587,13
0.4588,22
0.459,2
0.4591,14
0.4592,7
0.4593,5
0.4594,16
0.4595,11
0.4596,7
0.4597,4
0.4598,6
0.4599,10
0.46,12
0.4601,12
0.4602,19
0.4603,7
0.4604,4
0.4605,6
0.4606,5
0.4607,7
0.4608,6
0.4609,13
0.461,10
0.4611,7
0.4612,5
0.4613,11
0.4614,9
0.4615,5
0.4616,11
0.4617,7
0.4618,7
0.4619,8
0.462,16
0.4621,1
0.4622,10
0.4623,11
0.4624,5
0.4625,4
0.4626,11
0.4627,5
0.4628,4
0.4629,11
0.463,9
0.4631,15
0.4632,12
0.4633,7
0.4634,8
0.4635,2
0.4636,10
0.4637,3
0.4638,4
0.4639,2
0.464,20
0.4641,8
0.4642,1
0.4643,6
0.4644,7
0.4645,12
0.4646,7
0.4647,19
0.4648,7
0.4649,20
0.465,5
0.4652,8
0.4653,1
0.4654,19
0.4655,5
0.4656,16
0.4657,12
0.4658,17
0.4659,9
0.466,4
0.4661,3
0.4662,8
0.4663,7
0.4664,10
0.4665,16
0.4666,8
0.4667,12
0.4668,7
0.4669,2
0.467,12
0.4671,2
0.4672,1
0.4673,6
0.4674,7
0.4675,10
0.4676,19
0.4677,7
0.4678,8
0.4679,4
0.468,4
0.4681,6
0.4682,1
0.4683,13
0.4684,8
0.4685,9
0.4686,12
0.4687,8
0.4688,3
0.4689,7
0.469,10
0.4691,8
0.4692,17
0.4693,12
0.4694,6
0.4695,20
0.4696,14
0.4697,2
0.4698,7
0.4699,4
0.47,3
0.4701,8
0.4702,8
0.4703,9
0.4704,3
0.4705,8
0.4706,22
0.4707,10
0.4708,6
0.4709,5
0.471,17
0.4711,2
0.4712,3
0.4713,18
0.4714,5
0.4715,9
0.4716,6
0.4717,15
0.4718,4
0.4719,5
0.472,16
0.4721,5
0.4722,5
0.4723,5
0.4724,4
0.4725,10
0.4726,6
0.4727,11
0.4728,23
0.4729,1
0.473,9
0.4731,4
0.4732,20
0.4733,3
0.4734,6
0.4735,4
0.4736,9
0.4737,8
0.4738,5
0.4739,14
0.474,15
0.4741,9
0.4742,9
0.4743,9
0.4744,3
0.4745,3
0.4746,12
0.4747,3
0.4748,1
0.4749,9
0.475,6
0.4751,13
0.4752,13
0.4753,5
0.4754,6
0.4755,9
0.4756,7
0.4757,10
0.4758,5
0.4759,9
0.476,9
0.4761,5
0.4762,12
0.4763,7
0.4764,21
0.4765,8
0.4766,7
0.4768,10
0.4769,10
0.477,11
0.4771,11
0.4772,8
0.4773,6
0.4774,11
0.4775,10
0.4776,13
0.4777,12
0.4778,9
0.4779,7
0.478,5
0.4781,7
0.4782,3
0.4783,14
0.4784,6
0.4785,9
0.4786,8
0.4787,5
0.4788,5
0.4789,7
0.479,18
0.4791,3
0.4792,3
0.4793,11
0.4794,4
0.4795,9
0.4796,6
0.4797,9
0.4798,6
0.4799,11
0.48,39
0.4801,9
0.4802,5
0.4803,15
0.4804,12
0.4805,3
0.4806,9
0.4807,8
0.4808,3
0.481,5
0.4811,11
0.4812,25
0.4813,12
0.4815,15
0.4816,10
0.4817,11
0.4818,6
0.4819,12
0.482,5
0.4821,16
0.4822,4
0.4823,5
0.4824,11
0.4825,6
0.4826,6
0.4827,10
0.4828,7
0.4829,4
0.483,26
0.4831,4
0.4832,11
0.4833,6
0.4834,20
0.4835,12
0.4836,9
0.4837,4
0.4838,6
0.4839,3
0.484,6
0.4841,9
0.4842,9
0.4843,3
0.4844,11
0.4845,3
0.4846,4
0.4847,7
0.4848,21
0.4849,8
0.485,3
0.4851,6
0.4852,8
0.4853,1
0.4854,9
0.4855,20
0.4857,5
0.4858,3
0.4859,10
0.486,5
0.4861,15
0.4862,16
0.4863,14
0.4864,3
0.4865,3
0.4866,18
0.4867,3
0.4868,11
0.4869,3
0.487,4
0.4871,1
0.4872,6
0.4873,6
0.4874,14
0.4875,11
0.4876,8
0.4877,5
0.4878,10
0.4879,4
0.488,9
0.4881,13
0.4882,21
0.4883,2
0.4884,15
0.4885,13
0.4886,4
0.4887,10
0.4889,7
0.489,7
0.4891,3
0.4892,4
0.4893,11
0.4894,9
0.4895,3
0.4896,14
0.4897,6
0.4898,12
0.4899,5
0.49,5
0.4901,8
0.4902,1
0.4903,22
0.4904,10
0.4905,15
0.4906,2
0.4907,10
0.4908,4
0.4909,11
0.4911,8
0.4912,14
0.4913,8
0.4914,5
0.4915,8
0.4916,1
0.4917,5
0.4918,4
0.4919,11
0.492,2
0.4921,6
0.4922,7
0.4923,12
0.4924,13
0.4925,12
0.4926,4
0.4927,5
0.4928,7
0.4929,5
0.493,6
0.4931,6
0.4932,7
0.4933,4
0.4934,3
0.4935,9
0.4936,8
0.4937,3
0.4938,18
0.4939,1
0.494,1
0.4941,7
0.4942,11
0.4943,5
0.4944,18
0.4945,17
0.4946,7
0.4947,6
0.4948,3
0.4949,6
0.495,5
0.4951,4
0.4953,13
0.4954,11
0.4955,1
0.4956,6
0.4957,20
0.4958,11
0.496,6
0.4961,3
0.4963,14
0.4964,9
0.4965,4
0.4966,8
0.4967,16
0.4968,14
0.4969,4
0.497,1
0.4971,4
0.4972,10
0.4973,10
0.4974,3
0.4975,5
0.4977,11
0.4978,11
0.4979,3
0.498,1
0.4981,12
0.4982,9
0.4983,8
0.4984,3
0.4985,2
0.4986,5
0.4987,5
0.4988,1
0.4989,8
0.499,5
0.4991,13
0.4992,24
0.4993,6
0.4994,8
0.4995,11
0.4996,5
0.4997,8
0.4998,1
0.4999,7
0.5,9
0.5001,4
0.5002,12
0.5003,7
0.5004,16
0.5006,7
0.5007,4
0.5008,9
0.501,8
0.5011,21
0.5012,13
0.5013,5
0.5014,13
0.5016,5
0.5017,8
0.5018,7
0.5019,10
0.502,7
0.5021,8
0.5022,5
0.5023,7
0.5024,10
0.5026,5
0.5027,5
0.5028,7
0.5029,3
0.503,12
0.5031,10
0.5032,9
0.5033,3
0.5034,16
0.5037,11
0.5038,4
0.5039,3
0.504,10
0.5041,3
0.5042,2
0.5043,18
0.5044,16
0.5046,16
0.5047,3
0.5048,7
0.5049,5
0.505,11
0.5051,3
0.5053,11
0.5054,11
0.5056,8
0.5057,20
0.5058,5
0.5059,11
0.506,3
0.5061,17
0.5062,1
0.5063,11
0.5064,11
0.5066,3
0.5067,1
0.5068,6
0.5069,8
0.507,11
0.5071,7
0.5072,2
0.5073,3
0.5074,15
0.5076,9
0.5077,4
0.5078,6
0.5079,8
0.508,4
0.5081,7
0.5082,10
0.5083,4
0.5084,35
0.5086,3
0.5087,3
0.5088,1
0.5089,6
0.509,4
0.5091,12
0.5092,11
0.5093,8
0.5094,6
0.5096,10
0.5097,6
0.5098,1
0.5099,11
0.51,9
0.5101,3
0.5102,5
0.5103,6
0.5104,8
0.5106,2
0.5107,18
0.5108,5
0.5109,11
0.5111,9
0.5112,8
0.5113,2
0.5114,13
0.5115,8
0.5116,8
0.5118,13
0.5119,2
0.5121,13
0.5122,10
0.5123,5
0.5124,9
0.5125,15
0.5127,5
0.5128,3
0.5129,4
0.513,7
0.5131,10
0.5132,10
0.5133,1
0.5134,8
0.5135,16
0.5137,2
0.5138,8
0.5139,7
0.514,13
0.5141,7
0.5142,4
0.5143,2
0.5144,5
0.5145,16
0.5147,5
0.5148,5
0.5149,10
0.515,7
0.5151,5
0.5152,15
0.5153,4
0.5154,7
0.5155,15
0.5157,10
0.5158,10
0.516,10
0.5161,7
0.5162,6
0.5163,8
0.5164,11
0.5165,14
0.5167,6
0.5168,7
0.5169,7
0.517,2
0.5171,4
0.5172,4
0.5173,8
0.5174,8
0.5175,8
0.5177,16
0.5178,7
0.5179,5
0.518,14
0.5181,3
0.5182,6
0.5183,8
0.5184,5
0.5185,18
0.5187,9
0.5188,2
0.5189,12
0.519,2
0.5192,4
0.5193,4
0.5194,8
0.5195,14
0.5197,10
0.5198,3
0.5199,12
0.5201,8
0.5202,6
0.5203,2
0.5204,12
0.5205,18
0.5208,9
0.5209,7
0.521,4
0.5211,1
0.5212,2
0.5213,4
0.5214,6
0.5215,10
0.5217,10
0.5218,7
0.5219,12
0.522,3
0.5221,14
0.5222,4
0.5223,8
0.5224,1
0.5225,23
0.5227,4
0.5228,6
0.5229,1
0.523,2
0.5231,2
0.5232,5
0.5233,7
0.5234,5
0.5235,13
0.5237,10
0.5238,22
0.5239,10
0.524,10
0.5241,11
0.5242,6
0.5243,4
0.5245,2
0.5246,10
0.5247,5
0.5248,6
0.5249,3
0.525,2
0.5251,7
0.5252,3
0.5253,5
0.5254,1
0.5255,4
0.5256,21
0.5258,5
0.5259,23
0.526,7
0.5262,5
0.5263,3
0.5264,5
0.5265,3
0.5266,7
0.5268,4
0.5269,7
0.527,5
0.5271,6
0.5272,3
0.5273,2
0.5274,4
0.5275,2
0.5276,29
0.5278,5
0.5279,6
0.528,3
0.5281,1
0.5282,7
0.5284,10
0.5285,5
0.5286,3
0.5288,5
0.5289,3
0.529,2
0.5292,9
0.5293,6
0.5294,8
0.5295,4
0.5296,21
0.5298,1
0.5299,5
0.53,6
0.5302,3
0.5303,5
0.5304,1
0.5305,1
0.5306,7
0.5308,5
0.5309,4
0.531,1
0.5311,5
0.5312,8
0.5313,4
0.5314,2
0.5315,11
0.5316,22
0.5318,1
0.5319,6
0.532,4
0.5321,4
0.5322,1
0.5323,3
0.5324,3
0.5325,3
0.5326,8
0.5328,5
0.5329,1
0.533,2
0.5331,2
0.5332,2
0.5333,2
0.5334,5
0.5335,5
0.5336,19
0.5338,11
0.5339,11
0.5341,7
0.5343,6
0.5344,1
0.5346,7
0.5348,11
0.535,3
0.5351,3
0.5353,5
0.5354,11
0.5355,4
0.5356,10
0.5358,10
0.5359,8
0.536,13
0.5361,6
0.5362,2
0.5363,9
0.5364,4
0.5365,4
0.5367,1
0.5368,4
0.5369,4
0.537,3
0.5371,7
0.5372,6
0.5373,2
0.5374,3
0.5375,2
0.5376,13
0.5377,9
0.5379,12
0.538,7
0.5381,13
0.5382,7
0.5383,6
0.5385,16
0.5386,4
0.5387,10
0.5391,5
0.5393,8
0.5395,6
0.5396,2
0.5397,12
0.5399,2
0.54,6
0.5401,6
0.5402,10
0.5403,4
0.5404,6
0.5405,5
0.5406,5
0.5407,12
0.5409,10
0.541,18
0.5411,5
0.5412,1
0.5413,7
0.5414,1
0.5415,3
0.5416,4
0.5417,2
0.5419,4
0.542,3
0.5421,1
0.5422,4
0.5423,7
0.5424,12
0.5425,5
0.5426,7
0.5427,6
0.5429,5
0.543,4
0.5431,2
0.5432,1
0.5433,9
0.5434,19
0.5435,14
0.5436,3
0.5437,21
0.5439,2
0.544,3
0.5441,2
0.5442,5
0.5443,3
0.5444,5
0.5445,5
0.5446,4
0.5447,8
0.5449,6
0.5451,3
0.5453,2
0.5454,1
0.5455,5
0.5456,4
0.5457,13
0.5459,1
0.546,11
0.5461,7
0.5462,2
0.5463,4
0.5464,2
0.5465,5
0.5466,5
0.5467,32
0.5471,4
0.5473,11
0.5476,4
0.5477,5
0.548,2
0.5481,4
0.5483,8
0.5484,12
0.5486,3
0.5487,1
0.5488,4
0.5489,8
0.549,1
0.5491,6
0.5492,4
0.5493,6
0.5494,2
0.5495,8
0.5496,5
0.5497,4
0.5498,9
0.5499,7
0.55,17
0.5502,3
0.5503,10
0.5504,3
0.5505,3
0.5506,1
0.5507,1
0.5508,8
0.551,2
0.5511,3
0.5513,3
0.5514,7
0.5515,5
0.5516,2
0.5517,3
0.5518,3
0.552,5
0.5521,5
0.5522,6
0.5523,5
0.5524,5
0.5525,2
0.5526,9
0.5527,6
0.5528,9
0.553,6
0.5531,2
0.5532,3
0.5533,10
0.5534,12
0.5535,3
0.5537,1
0.5538,8
0.5542,4
0.5543,5
0.5544,1
0.5545,2
0.5547,2
0.5548,24
0.5552,11
0.5554,6
0.5555,1
0.5556,4
0.5557,5
0.5558,4
0.5561,12
0.5562,3
0.5563,9
0.5564,5
0.5565,1
0.5566,4
0.5567,7
0.5568,9
0.557,7
0.5571,10
0.5572,13
0.5573,3
0.5575,1
0.5576,4
0.5577,3
0.5578,6
0.558,2
0.5581,3
0.5582,3
0.5584,7
0.5585,11
0.5586,2
0.5587,2
0.5588,8
0.559,3
0.5591,1
0.5592,2
0.5593,2
0.5594,8
0.5596,14
0.5597,10
0.5598,4
0.56,10
0.5601,5
0.5602,7
0.5603,10
0.5604,2
0.5605,11
0.5606,4
0.5608,9
0.561,4
0.5611,2
0.5612,9
0.5613,11
0.5614,16
0.5615,2
0.5616,2
0.5617,2
0.5618,5
0.562,7
0.5621,4
0.5622,3
0.5623,4
0.5624,1
0.5626,1
0.5627,12
0.5628,4
0.5629,8
0.5632,4
0.5633,4
0.5634,2
0.5635,3
0.5636,3
0.5638,9
0.5639,10
0.5641,4
0.5642,9
0.5643,11
0.5644,9
0.5645,4
0.5646,7
0.5647,3
0.5648,1
0.5649,7
0.5651,2
0.5652,6
0.5653,4
0.5654,3
0.5655,2
0.5656,6
0.5657,13
0.5658,4
0.5659,17
0.5661,9
0.5662,8
0.5664,5
0.5665,1
0.5666,8
0.5668,5
0.5669,8
0.5671,1
0.5672,2
0.5673,4
0.5674,2
0.5675,1
0.5676,9
0.5677,7
0.5679,10
0.5681,6
0.5682,6
0.5683,1
0.5684,4
0.5685,7
0.5686,1
0.5688,4
0.5689,8
0.5691,2
0.5692,3
0.5693,3
0.5694,1
0.5695,1
0.5696,2
0.5697,4
0.5698,9
0.5699,4
0.5701,3
0.5702,12
0.5703,7
0.5704,4
0.5705,14
0.5706,9
0.5707,2
0.5708,7
0.5709,23
0.5712,1
0.5713,3
0.5714,4
0.5715,5
0.5716,3
0.5717,1
0.5718,5
0.5719,12
0.5721,1
0.5723,5
0.5724,2
0.5725,3
0.5726,6
0.5727,8
0.5728,3
0.5729,3
0.5731,3
0.5732,6
0.5733,3
0.5734,4
0.5735,3
0.5736,4
0.5737,7
0.5738,2
0.5739,2
0.574,1
0.5741,2
0.5742,4
0.5743,2
0.5744,3
0.5745,7
0.5746,7
0.5747,3
0.5748,1
0.5749,5
0.575,6
0.5753,6
0.5754,11
0.5755,4
0.5756,3
0.5757,1
0.5758,6
0.5759,4
0.576,21
0.5762,8
0.5763,3
0.5764,6
0.5765,14
0.5766,11
0.5767,9
0.5768,2
0.5769,6
0.577,9
0.5773,2
0.5774,5
0.5775,1
0.5776,3
0.5778,2
0.5779,5
0.578,5
0.5783,2
0.5784,3
0.5785,5
0.5786,4
0.5788,9
0.5789,6
0.579,15
0.5792,1
0.5793,9
0.5794,4
0.5795,7
0.5797,4
0.5798,9
0.5799,4
0.58,6
0.5802,6
0.5803,1
0.5804,5
0.5805,8
0.5806,1
0.5807,8
0.5808,2
0.5809,6
0.581,9
0.5812,6
0.5813,5
0.5814,5
0.5816,3
0.5817,4
0.5818,6
0.5819,3
0.582,6
0.5822,8
0.5823,5
0.5824,6
0.5825,4
0.5826,5
0.5827,1
0.5828,5
0.5829,7
0.583,9
0.5832,21
0.5833,6
0.5834,8
0.5835,11
0.5836,1
0.5837,8
0.5838,3
0.5839,3
0.584,9
0.5843,6
0.5844,5
0.5845,6
0.5846,1
0.5847,5
0.5848,3
0.585,6
0.5852,6
0.5853,4
0.5854,5
0.5855,9
0.5856,2
0.5857,6
0.5858,3
0.5859,9
0.586,9
0.5862,4
0.5863,2
0.5864,2
0.5865,7
0.5866,6
0.5867,1
0.5868,1
0.5869,2
0.587,4
0.5871,2
0.5872,5
0.5873,9
0.5875,1
0.5876,2
0.5877,12
0.5878,1
0.5879,2
0.588,8
0.5881,9
0.5883,8
0.5884,2
0.5885,4
0.5886,6
0.5887,1
0.5888,9
0.5889,5
0.589,6
0.5891,14
0.5893,6
0.5894,6
0.5895,1
0.5896,1
0.5897,5
0.5898,1
0.5899,8
0.59,14
0.5901,9
0.5903,4
0.5904,7
0.5905,4
0.5906,7
0.5907,4
0.5908,2
0.5909,4
0.591,3
0.5911,16
0.5914,4
0.5915,8
0.5916,1
0.5917,2
0.5918,6
0.5919,6
0.592,5
0.5921,5
0.5923,2
0.5924,4
0.5925,2
0.5926,6
0.5927,3
0.5928,2
0.5929,7
0.593,1
0.5931,17
0.5933,1
0.5934,5
0.5935,1
0.5936,10
0.5937,4
0.5938,5
0.5939,4
0.594,1
0.5941,14
0.5943,8
0.5944,4
0.5945,11
0.5946,6
0.5947,3
0.5949,3
0.595,10
0.5951,5
0.5953,1
0.5954,4
0.5955,1
0.5956,2
0.5957,6
0.5958,6
0.5959,2
0.596,10
0.5961,3
0.5963,1
0.5964,2
0.5965,1
0.5966,3
0.5967,2
0.5968,7
0.5969,7
0.5971,22
0.5973,1
0.5975,7
0.5976,3
0.5977,6
0.5978,6
0.5979,13
0.598,7
0.5981,8
0.5983,3
0.5984,8
0.5985,7
0.5986,3
0.5987,2
0.5988,6
0.5989,1
0.599,7
0.5991,7
0.5992,7
0.5993,13
0.5994,9
0.5995,1
0.5997,6
0.5998,4
0.5999,2
0.6,19
0.6001,5
0.6002,7
0.6004,3
0.6005,10
0.6006,4
0.6007,2
0.6008,3
0.6009,11
0.6011,4
0.6012,2
0.6015,4
0.6017,5
0.6018,6
0.6019,2
0.602,4
0.6021,1
0.6022,3
0.6024,6
0.6025,7
0.6026,3
0.6027,8
0.6028,8
0.6029,1
0.603,3
0.6031,6
0.6032,4
0.6034,1
0.6035,3
0.6036,4
0.6037,6
0.6038,7
0.6039,4
0.6041,2
0.6042,7
0.6044,3
0.6045,3
0.6046,4
0.6047,1
0.6048,3
0.605,5
0.6051,3
0.6052,11
0.6054,6
0.6055,7
0.6056,2
0.6057,1
0.6058,2
0.606,5
0.6061,7
0.6062,14
0.6064,1
0.6065,2
0.6066,2
0.6067,5
0.6068,3
0.6069,7
0.607,12
0.6071,2
0.6072,11
0.6074,4
0.6076,5
0.6077,1
0.6078,4
0.6079,5
0.608,4
0.6081,4
0.6082,15
0.6084,1
0.6085,3
0.6086,4
0.6087,3
0.6088,9
0.6089,2
0.609,6
0.6091,11
0.6092,2
0.6094,1
0.6095,8
0.6096,3
0.6097,8
0.6098,11
0.6099,1
0.61,8
0.6101,6
0.6102,4
0.6104,1
0.6105,3
0.6106,6
0.6107,1
0.6108,5
0.6109,3
0.611,10
0.6111,4
0.6112,4
0.6113,1
0.6114,7
0.6115,7
0.6116,1
0.6117,3
0.6118,4
0.6119,1
0.612,4
0.6121,12
0.6122,3
0.6123,9
0.6124,3
0.6125,3
0.6126,2
0.6127,7
0.613,10
0.6131,5
0.6132,4
0.6133,11
0.6136,2
0.6137,5
0.6138,2
0.6139,8
0.614,2
0.6141,6
0.6142,11
0.6143,2
0.6146,2
0.6147,9
0.6148,4
0.6149,7
0.615,4
0.6151,6
0.6152,1
0.6153,9
0.6155,3
0.6158,10
0.6159,7
0.616,5
0.6161,5
0.6163,12
0.6165,5
0.6166,5
0.6167,1
0.6168,7
0.6169,3
0.617,2
0.6171,8
0.6172,1
0.6173,5
0.6175,8
0.6176,2
0.6177,3
0.6178,1
0.6179,3
0.618,1
0.6181,2
0.6182,1
0.6183,18
0.6185,7
0.6186,2
0.6187,4
0.6188,5
0.6191,1
0.6192,1
0.6193,4
0.6195,10
0.6196,4
0.6197,3
0.6198,5
0.6199,4
0.62,1
0.6201,5
0.6203,8
0.6206,3
0.6207,5
0.6208,1
0.6209,2
0.621,5
0.6211,3
0.6212,5
0.6213,10
0.6215,4
0.6216,4
0.6217,4
0.6218,5
0.6219,3
0.622,3
0.6221,2
0.6222,1
0.6223,7
0.6225,4
0.6226,4
0.6227,7
0.6228,1
0.6229,2
0.623,3
0.6231,1
0.6232,6
0.6233,6
0.6235,1
0.6236,7
0.6238,1
0.6239,5
0.624,10
0.6242,4
0.6243,2
0.6244,4
0.6245,3
0.6246,2
0.6247,4
0.6248,1
0.6249,5
0.625,2
0.6251,10
0.6252,1
0.6253,4
0.6254,3
0.6257,6
0.6258,4
0.6259,1
0.626,2
0.6262,5
0.6263,7
0.6264,3
0.6266,9
0.6268,1
0.6269,4
0.627,5
0.6271,4
0.6272,2
0.6273,3
0.6274,14
0.6276,7
0.6277,3
0.6279,2
0.628,7
0.6281,2
0.6282,1
0.6283,2
0.6284,7
0.6286,5
0.6287,1
0.6289,2
0.629,8
0.6291,6
0.6292,4
0.6294,7
0.6297,11
0.6298,6
0.6299,2
0.63,2
0.6301,2
0.6302,5
0.6303,4
0.6304,2
0.6306,3
0.6309,5
0.631,7
0.6311,6
0.6312,1
0.6313,1
0.6314,7
0.6316,2
0.6318,12
0.6319,6
0.6321,5
0.6323,5
0.6324,19
0.6326,9
0.6327,1
0.6329,3
0.6331,6
0.6332,5
0.6333,8
0.6334,15
0.6336,2
0.6339,5
0.634,3
0.6341,6
0.6343,1
0.6344,5
0.6346,7
0.6348,8
0.6349,2
0.635,8
0.6351,2
0.6352,2
0.6353,8
0.6354,3
0.6356,7
0.6357,3
0.6358,1
0.636,2
0.6361,7
0.6362,1
0.6363,11
0.6364,15
0.6365,4
0.6366,3
0.6367,5
0.6368,3
0.637,2
0.6371,12
0.6372,5
0.6373,7
0.6374,2
0.6375,4
0.6377,1
0.6378,4
0.6379,2
0.6381,9
0.6382,3
0.6384,7
0.6385,4
0.6387,3
0.6388,3
0.6389,5
0.639,3
0.6391,4
0.6392,2
0.6393,5
0.6394,9
0.6395,6
0.6397,4
0.6398,3
0.6399,2
0.64,1
0.6401,4
0.6402,6
0.6403,2
0.6404,12
0.6405,14
0.6407,5
0.6408,10
0.6411,7
0.6413,1
0.6415,11
0.6417,3
0.6418,6
0.6419,2
0.642,6
0.6421,2
0.6422,6
0.6423,11
0.6424,1
0.6425,11
0.6427,2
0.6428,1
0.6429,6
0.6431,2
0.6432,2
0.6433,3
0.6434,5
0.6435,6
0.6437,11
0.6438,4
0.6439,8
0.644,3
0.6441,5
0.6443,2
0.6444,3
0.6445,3
0.6447,3
0.6449,2
0.645,16
0.6452,1
0.6453,8
0.6455,19
0.6458,3
0.6459,6
0.646,7
0.6462,5
0.6463,5
0.6464,1
0.6465,17
0.6467,1
0.6469,2
0.647,2
0.6471,3
0.6472,9
0.6473,5
0.6474,6
0.6475,4
0.6478,3
0.6479,5
0.648,2
0.6481,2
0.6482,6
0.6484,2
0.6485,9
0.6488,2
0.6489,1
0.649,6
0.6491,8
0.6492,2
0.6493,11
0.6494,6
0.6495,6
0.6496,1
0.6497,3
0.6498,4
0.6499,1
0.65,5
0.6501,2
0.6502,3
0.6503,6
0.6504,1
0.6505,5
0.6506,7
0.6508,4
0.6509,3
0.651,2
0.6511,1
0.6512,10
0.6513,5
0.6514,9
0.6515,1
0.6516,11
0.6518,1
0.6519,6
0.652,3
0.6522,1
0.6523,4
0.6524,11
0.6525,6
0.6526,3
0.6528,7
0.653,1
0.6531,3
0.6532,5
0.6533,4
0.6534,3
0.6535,2
0.6536,3
0.6538,1
0.6539,10
0.654,12
0.6543,1
0.6544,5
0.6545,7
0.6546,16
0.6548,2
0.6551,2
0.6554,2
0.6555,6
0.6556,6
0.6558,8
0.6559,5
0.6561,3
0.6562,4
0.6563,9
0.6564,6
0.6565,2
0.6566,12
0.6569,7
0.657,3
0.6571,1
0.6572,3
0.6573,3
0.6574,3
0.6575,3
0.6576,5
0.6578,3
0.6579,4
0.6581,4
0.6582,11
0.6583,9
0.6585,1
0.6586,11
0.6588,3
0.6589,4
0.659,2
0.6592,2
0.6594,10
0.6596,4
0.6598,8
0.6599,2
0.6601,10
0.6602,3
0.6603,1
0.6604,1
0.6605,10
0.6606,5
0.6608,6
0.6609,6
0.661,1
0.6612,3
0.6613,4
0.6615,3
0.6616,4
0.6617,3
0.6618,1
0.6619,2
0.662,3
0.6621,1
0.6622,6
0.6623,1
0.6624,3
0.6625,6
0.6627,4
0.6629,3
0.663,6
0.6631,3
0.6632,4
0.6633,7
0.6634,4
0.6635,2
0.6636,1
0.6637,1
0.664,5
0.6642,10
0.6643,2
0.6644,2
0.6645,1
0.6646,5
0.6647,2
0.6649,1
0.6651,3
0.6652,4
0.6653,6
0.6654,4
0.6657,8
0.6659,2
0.666,4
0.6661,3
0.6663,7
0.6665,4
0.6666,8
0.6667,2
0.6669,1
0.6671,9
0.6672,2
0.6673,1
0.6676,6
0.6677,9
0.6679,1
0.668,2
0.6681,3
0.6683,7
0.6684,5
0.6687,1
0.6689,10
0.669,4
0.6693,3
0.6694,2
0.6695,1
0.6696,7
0.6697,1
0.6699,2
0.67,3
0.6701,3
0.6702,3
0.6703,3
0.6704,7
0.6706,1
0.6707,5
0.6709,3
0.6711,4
0.6712,12
0.6713,5
0.6714,3
0.6715,1
0.6716,5
0.6717,7
0.672,5
0.6721,4
0.6722,2
0.6723,2
0.6724,4
0.6725,5
0.6726,1
0.6727,12
0.6729,4
0.673,4
0.6731,3
0.6732,2
0.6734,7
0.6735,3
0.6736,6
0.6737,4
0.6738,1
0.6739,1
0.6741,4
0.6742,5
0.6743,1
0.6744,2
0.6745,6
0.6747,8
0.6748,3
0.6749,2
0.6751,1
0.6752,4
0.6753,8
0.6754,5
0.6755,9
0.6757,3
0.6758,4
0.6761,1
0.6762,12
0.6763,2
0.6766,3
0.6767,7
0.6768,15
0.677,3
0.6771,2
0.6772,7
0.6773,6
0.6776,4
0.6778,3
0.678,1
0.6781,2
0.6782,4
0.6783,7
0.6785,3
0.6787,1
0.6788,6
0.6791,1
0.6793,3
0.6794,4
0.6795,9
0.6796,2
0.6797,3
0.6798,6
0.68,1
0.6801,2
0.6802,6
0.6803,7
0.6804,5
0.6805,2
0.6806,2
0.6807,3
0.6808,4
0.681,1
0.6812,1
0.6813,5
0.6814,8
0.6815,3
0.6816,1
0.6817,2
0.6818,9
0.682,10
0.6823,2
0.6824,2
0.6825,2
0.6826,2
0.6827,5
0.6828,7
0.6831,12
0.6832,6
0.6833,4
0.6834,1
0.6836,8
0.6837,5
0.6838,4
0.6841,2
0.6842,5
0.6843,4
0.6845,3
0.6846,4
0.6848,4
0.6851,2
0.6852,5
0.6853,2
0.6854,2
0.6855,8
0.6856,1
0.6857,1
0.6858,5
0.686,5
0.6861,5
0.6862,5
0.6863,3
0.6865,3
0.6866,1
0.6868,3
0.6869,5
0.687,1
0.6871,7
0.6872,5
0.6873,6
0.6874,3
0.6875,5
0.6876,4
0.6878,3
0.6881,1
0.6882,6
0.6883,3
0.6885,6
0.6886,6
0.6888,4
0.6889,7
0.6891,5
0.6892,3
0.6893,2
0.6894,3
0.6895,1
0.6898,2
0.6899,6
0.6901,6
0.6902,2
0.6903,2
0.6904,2
0.6906,2
0.6907,5
0.6908,3
0.6909,9
0.6911,8
0.6912,3
0.6913,3
0.6914,2
0.6915,3
0.6916,4
0.6917,4
0.6919,10
0.6922,2
0.6924,3
0.6925,1
0.6927,1
0.6928,3
0.6929,4
0.6931,2
0.6932,1
0.6933,2
0.6934,4
0.6935,3
0.6938,2
0.6939,4
0.6941,2
0.6942,2
0.6943,1
0.6944,3
0.6945,10
0.6946,3
0.6947,3
0.6948,4
0.6949,6
0.6951,2
0.6952,3
0.6953,1
0.6955,1
0.6956,4
0.6958,1
0.6959,3
0.6962,1
0.6963,1
0.6964,6
0.6965,1
0.6966,1
0.6967,2
0.6968,4
0.6969,10
0.6972,4
0.6973,2
0.6974,4
0.6977,1
0.6978,2
0.6979,5
0.6981,3
0.6984,4
0.6985,1
0.6986,1
0.6987,2
0.6988,4
0.6989,3
0.6991,2
0.6993,11
0.6994,4
0.6995,5
0.6996,6
0.6999,1
0.7,9
0.7003,1
0.7005,1
0.7008,1
0.7009,4
0.701,1
0.7013,4
0.7014,4
0.7015,2
0.7016,3
0.7017,5
0.7018,4
0.7019,1
0.702,2
0.7022,2
0.7023,3
0.7024,2
0.7025,1
0.7026,2
0.7027,2
0.7028,2
0.7029,2
0.703,6
0.7032,5
0.7035,4
0.7036,1
0.7037,2
0.7038,2
0.7039,2
0.704,13
0.7042,4
0.7043,2
0.7047,7
0.7048,5
0.7049,3
0.705,2
0.7052,1
0.7053,1
0.7054,1
0.7055,3
0.7056,5
0.7058,2
0.7059,2
0.706,2
0.7062,2
0.7063,5
0.7064,1
0.7065,8
0.7066,13
0.7067,2
0.7068,3
0.7069,2
0.707,4
0.7072,5
0.7074,3
0.7076,7
0.7077,1
0.708,2
0.7083,7
0.7084,2
0.7085,2
0.7086,4
0.7087,3
0.7088,4
0.7089,2
0.709,11
0.7092,6
0.7093,1
0.7097,2
0.7098,4
0.7099,3
0.7102,2
0.7105,2
0.7106,1
0.7107,2
0.7108,3
0.711,1
0.7113,1
0.7114,3
0.7115,5
0.7116,5
0.7117,6
0.7118,2
0.7119,11
0.7123,2
0.7125,3
0.7126,3
0.7128,4
0.713,2
0.7131,2
0.7133,1
0.7135,3
0.7137,2
0.7139,1
0.714,2
0.7141,9
0.7143,2
0.7144,2
0.7145,2
0.7146,8
0.7147,3
0.7148,10
0.7149,4
0.7151,2
0.7153,1
0.7154,3
0.7157,2
0.7158,1
0.7159,3
0.716,3
0.7161,2
0.7163,3
0.7165,1
0.7166,3
0.7167,1
0.7169,9
0.7171,4
0.7173,3
0.7174,4
0.7175,3
0.7176,5
0.7177,8
0.7179,1
0.7181,3
0.7184,5
0.7187,3
0.7188,5
0.7189,2
0.719,4
0.7191,8
0.7193,2
0.7194,2
0.7195,3
0.7196,3
0.7197,6
0.7198,2
0.7201,4
0.7203,4
0.7205,2
0.7206,1
0.7207,4
0.7208,3
0.721,2
0.7214,1
0.7216,1
0.7217,2
0.7219,5
0.722,2
0.7221,3
0.7223,6
0.7225,4
0.7226,1
0.7228,2
0.723,3
0.7231,5
0.7233,7
0.7234,2
0.7235,5
0.7236,2
0.7237,2
0.7238,1
0.7239,6
0.724,4
0.7243,4
0.7244,2
0.7245,4
0.7248,3
0.7249,2
0.725,1
0.7251,4
0.7252,4
0.7254,6
0.7255,3
0.7256,1
0.7258,1
0.726,6
0.7261,3
0.7262,2
0.7265,7
0.7266,1
0.7267,2
0.7268,1
0.727,11
0.7271,3
0.7272,6
0.7274,4
0.7275,6
0.7277,11
0.7279,1
0.728,1
0.7284,1
0.7285,3
0.7286,1
0.7287,3
0.7288,2
0.7291,1
0.7292,10
0.7294,4
0.7295,5
0.7297,1
0.7298,4
0.7299,4
0.7302,7
0.7304,2
0.7305,1
0.7306,3
0.7307,5
0.7308,5
0.7309,5
0.731,3
0.7311,5
0.7312,3
0.7314,2
0.7316,4
0.7317,1
0.7318,3
0.7319,6
0.732,4
0.7322,6
0.7324,3
0.7325,3
0.7326,2
0.7327,2
0.7328,3
0.733,5
0.7331,3
0.7332,4
0.7334,3
0.7335,5
0.7336,6
0.7337,3
0.734,12
0.7341,6
0.7342,3
0.7344,4
0.7345,5
0.7346,1
0.7347,2
0.7348,4
0.7349,3
0.735,1
0.7351,4
0.7352,5
0.7354,4
0.7357,7
0.7359,4
0.736,4
0.7361,5
0.7363,4
0.7365,1
0.7368,2
0.7369,2
0.737,1
0.7371,8
0.7372,3
0.7375,2
0.7376,2
0.7378,1
0.7379,1
0.738,1
0.7382,2
0.7383,5
0.7385,5
0.7386,1
0.7388,5
0.7389,3
0.739,6
0.7392,1
0.7393,1
0.7395,5
0.7396,1
0.7397,1
0.7399,5
0.7401,3
0.7403,1
0.7406,2
0.7409,7
0.741,1
0.7412,1
0.7413,10
0.7415,2
0.7416,4
0.7417,5
0.742,5
0.7422,3
0.7423,3
0.7425,1
0.7426,3
0.7428,5
0.7429,4
0.743,2
0.7431,4
0.7432,2
0.7435,4
0.7436,5
0.7441,1
0.7442,3
0.7443,3
0.7449,6
0.7451,2
0.7452,5
0.7453,6
0.7455,1
0.7456,4
0.7457,1
0.7458,1
0.7459,2
0.7461,4
0.7462,3
0.7463,6
0.7465,5
0.7466,1
0.7467,5
0.7468,4
0.747,2
0.7471,8
0.7472,1
0.7473,7
0.7475,5
0.7476,2
0.7477,4
0.7478,4
0.7479,4
0.7482,3
0.7483,3
0.7485,3
0.7486,1
0.7487,5
0.7491,6
0.7492,5
0.7496,2
0.7497,7
0.7498,7
0.7499,3
0.75,5
0.7501,1
0.7504,3
0.7506,2
0.7507,1
0.7509,4
0.751,1
0.7513,6
0.7514,9
0.7518,1
0.7519,5
0.7521,2
0.7522,1
0.7523,7
0.7524,6
0.7526,7
0.7527,3
0.7529,2
0.7531,2
0.7532,8
0.7534,9
0.7537,4
0.7538,2
0.754,4
0.7542,2
0.7543,3
0.7544,1
0.7546,2
0.7549,1
0.755,1
0.7551,5
0.7552,5
0.7553,2
0.7554,6
0.7556,4
0.7558,2
0.7559,1
0.756,4
0.7562,5
0.7564,3
0.7567,1
0.7568,4
0.7569,1
0.757,2
0.7571,3
0.7572,3
0.7577,6
0.7578,1
0.758,3
0.7581,4
0.7582,1
0.7583,2
0.7584,2
0.7586,1
0.7588,1
0.7589,1
0.759,3
0.7593,1
0.7594,6
0.7596,3
0.7597,3
0.7599,5
0.76,2
0.7601,2
0.7602,2
0.7604,2
0.7606,1
0.7607,3
0.7608,3
0.7609,2
0.761,2
0.7612,1
0.7614,1
0.7616,2
0.7617,1
0.7618,5
0.7619,3
0.762,1
0.7621,1
0.7622,2
0.7623,4
0.7625,6
0.7627,15
0.7628,1
0.7629,4
0.763,7
0.7631,8
0.7632,3
0.7633,5
0.7634,2
0.7635,3
0.7638,6
0.7639,1
0.764,2
0.7641,3
0.7642,1
0.7644,2
0.7645,5
0.7647,1
0.7648,1
0.7649,7
0.765,7
0.7652,1
0.7655,4
0.7659,2
0.766,6
0.7661,1
0.7664,2
0.767,1
0.7671,8
0.7672,1
0.7673,4
0.7675,5
0.7678,4
0.7679,5
0.7683,2
0.7684,2
0.7685,10
0.7687,1
0.769,1
0.7691,6
0.7692,1
0.7694,3
0.7695,5
0.7698,3
0.77,1
0.7702,4
0.7704,6
0.7705,5
0.7707,2
0.7708,2
0.7709,1
0.771,4
0.7712,1
0.7714,2
0.7715,1
0.7717,2
0.7719,2
0.772,4
0.7722,4
0.7723,4
0.7724,7
0.7725,1
0.7728,4
0.773,2
0.7731,2
0.7732,7
0.7735,1
0.7737,1
0.7738,3
0.7739,3
0.7743,2
0.7744,2
0.7745,5
0.7749,4
0.775,6
0.7751,3
0.7754,3
0.7755,6
0.7758,5
0.7759,3
0.776,3
0.7762,3
0.7763,8
0.7764,4
0.7766,2
0.7769,2
0.7771,1
0.7772,1
0.7773,1
0.7775,2
0.7776,2
0.7778,5
0.778,2
0.7781,3
0.7783,2
0.7784,1
0.7785,2
0.7786,6
0.7792,4
0.7793,2
0.7796,3
0.7798,2
0.7801,1
0.7802,1
0.7803,1
0.7804,1
0.7805,1
0.7806,4
0.7808,2
0.7811,1
0.7812,4
0.7813,6
0.7814,1
0.7815,1
0.7816,4
0.7818,1
0.7819,4
0.782,5
0.7821,6
0.7822,2
0.7823,1
0.7824,2
0.7825,2
0.7826,3
0.7829,5
0.783,11
0.7831,1
0.7832,3
0.7834,2
0.7835,2
0.7836,6
0.7838,5
0.7839,2
0.7841,1
0.7845,2
0.7846,2
0.7848,1
0.785,1
0.7851,5
0.7853,2
0.7856,2
0.7859,1
0.786,2
0.7861,5
0.7862,1
0.7863,3
0.7865,3
0.7866,1
0.7867,2
0.7869,2
0.7871,6
0.7872,5
0.7875,2
0.7876,5
0.7877,3
0.788,2
0.7881,3
0.7885,3
0.7886,1
0.7887,1
0.7891,10
0.7893,5
0.7894,2
0.7895,1
0.7899,2
0.7901,9
0.7902,5
0.7905,1
0.7906,2
0.7907,1
0.7909,6
0.791,2
0.7912,1
0.7914,1
0.7915,2
0.7916,5
0.7917,1
0.7922,8
0.7923,1
0.7925,3
0.7926,1
0.7927,3
0.7929,3
0.793,1
0.7932,4
0.7933,4
0.7934,3
0.7937,2
0.7939,7
0.7945,4
0.7946,3
0.7947,2
0.7949,12
0.795,5
0.7951,3
0.7953,4
0.7954,2
0.7955,2
0.7957,2
0.7961,6
0.7963,1
0.7964,5
0.7966,1
0.7967,1
0.797,2
0.7971,1
0.7972,5
0.7973,1
0.7974,5
0.7976,1
0.7979,5
0.798,8
0.7981,2
0.7982,3
0.7983,7
0.7984,3
0.7985,4
0.7987,1
0.7988,2
0.7989,1
0.7991,3
0.7992,8
0.7994,1
0.7995,1
0.7998,6
0.7999,6
0.8,141
0.8002,1
0.8005,3
0.8006,2
0.8007,1
0.8011,2
0.8012,2
0.8014,3
0.8015,1
0.8017,3
0.802,2
0.8021,1
0.8022,1
0.8025,3
0.8027,1
0.803,3
0.8031,2
0.8033,2
0.8035,2
0.8036,2
0.8038,3
0.804,1
0.8042,2
0.8045,3
0.8047,1
0.805,6
0.8052,1
0.8054,2
0.8055,5
0.8057,1
0.8058,3
0.8061,1
0.8062,2
0.8063,3
0.8065,1
0.8068,5
0.807,1
0.8072,1
0.8073,7
0.8074,1
0.8075,1
0.8077,2
0.8078,1
0.8082,2
0.8083,3
0.8084,4
0.8088,5
0.8091,1
0.8095,3
0.8097,1
0.8098,2
0.81,2
0.8102,4
0.8103,1
0.8104,1
0.8105,1
0.8106,5
0.8111,4
0.8117,2
0.8118,3
0.812,3
0.8122,1
0.8123,2
0.8126,2
0.8128,2
0.8129,3
0.8131,4
0.8134,1
0.8138,1
0.8139,4
0.8145,1
0.8146,4
0.8149,3
0.8151,1
0.8152,1
0.8154,3
0.8158,1
0.8159,1
0.8161,4
0.8163,3
0.8164,2
0.8169,2
0.8172,2
0.8174,3
0.8176,1
0.8177,1
0.8178,4
0.8179,2
0.8181,1
0.8182,1
0.8183,2
0.8186,1
0.8187,1
0.8189,1
0.8191,1
0.8194,4
0.8195,2
0.8197,5
0.8198,7
0.8199,9
0.82,2
0.8201,2
0.8205,5
0.8206,1
0.8207,2
0.8208,3
0.8211,1
0.8212,1
0.8213,1
0.8215,1
0.8217,1
0.8219,1
0.8222,1
0.8223,2
0.8224,2
0.8225,4
0.8227,4
0.8228,1
0.823,3
0.8232,1
0.8233,2
0.8237,3
0.8245,7
0.8247,3
0.8248,4
0.8249,5
0.825,1
0.8251,1
0.8253,1
0.8254,2
0.8256,3
0.8257,1
0.8258,1
0.8262,1
0.827,3
0.8272,1
0.8275,1
0.8276,1
0.8278,3
0.8279,5
0.8281,4
0.8289,2
0.829,2
0.8291,5
0.8293,1
0.8294,2
0.8295,1
0.8296,4
0.8297,1
0.8298,1
0.8301,3
0.8303,1
0.8304,2
0.8305,3
0.8306,7
0.8308,10
0.8311,1
0.8313,2
0.8314,3
0.8318,1
0.8319,1
0.832,1
0.8324,2
0.8328,1
0.8329,1
0.8333,1
0.8334,2
0.8335,2
0.834,1
0.8345,3
0.8347,2
0.8348,7
0.835,1
0.8352,1
0.8354,2
0.8355,2
0.8356,1
0.8358,3
0.836,1
0.8361,4
0.8362,1
0.8363,7
0.8364,3
0.8366,3
0.8371,4
0.8372,1
0.8374,4
0.8378,2
0.838,1
0.8383,4
0.8385,3
0.8386,1
0.8389,1
0.8391,5
0.8392,5
0.8393,3
0.8399,1
0.84,1
0.8401,2
0.8409,2
0.8411,4
0.8412,2
0.8413,1
0.8415,3
0.8416,3
0.8417,1
0.842,1
0.8422,4
0.8423,1
0.8426,1
0.8427,3
0.8429,7
0.8434,1
0.8437,1
0.8439,1
0.844,3
0.8442,4
0.8445,3
0.8446,1
0.8447,2
0.8448,5
0.8451,5
0.8452,1
0.8453,1
0.8455,1
0.8459,1
0.846,1
0.8461,1
0.8462,1
0.8463,1
0.8465,1
0.8466,1
0.8468,1
0.8472,2
0.8474,2
0.8475,3
0.8476,3
0.8477,1
0.8479,2
0.8481,1
0.8484,1
0.8485,2
0.8487,2
0.8488,1
0.849,2
0.8492,3
0.8497,1
0.8498,1
0.8501,1
0.8502,1
0.8508,1
0.8509,2
0.851,1
0.8511,2
0.8512,5
0.8515,5
0.8518,2
0.8519,2
0.852,2
0.8521,4
0.8527,1
0.8528,1
0.8533,2
0.8536,5
0.8538,4
0.854,1
0.8542,1
0.8546,1
0.8549,1
0.855,1
0.8551,3
0.8552,3
0.8553,1
0.8557,5
0.8559,2
0.8564,3
0.8565,2
0.8568,1
0.8569,3
0.857,2
0.8575,1
0.8576,2
0.8578,2
0.858,2
0.8583,1
0.8584,6
0.8587,2
0.8588,1
0.859,8
0.8591,1
0.8593,1
0.8598,2
0.8601,2
0.8602,1
0.8605,1
0.8609,1
0.8611,3
0.8614,3
0.8615,4
0.8617,3
0.8618,2
0.862,1
0.8621,2
0.8622,1
0.8623,2
0.8625,4
0.8626,4
0.8627,3
0.863,2
0.8631,1
0.8634,2
0.8637,1
0.8642,1
0.8643,2
0.8644,2
0.8645,2
0.8648,2
0.8651,1
0.8652,2
0.8654,4
0.8655,5
0.8662,2
0.8664,1
0.8665,1
0.8672,1
0.8674,1
0.8675,2
0.8676,1
0.868,2
0.8681,1
0.8686,3
0.8687,1
0.8688,1
0.869,1
0.8691,1
0.8693,4
0.8694,4
0.8698,3
0.87,2
0.8701,1
0.8705,1
0.8706,1
0.8708,3
0.8709,2
0.871,1
0.8711,1
0.8713,4
0.8716,3
0.8718,1
0.8719,2
0.8723,3
0.8733,3
0.8736,3
0.8738,2
0.8739,2
0.874,1
0.8745,3
0.8747,2
0.8749,1
0.875,1
0.8753,4
0.8758,1
0.8759,2
0.876,4
0.8761,3
0.8762,5
0.8767,4
0.8775,1
0.8776,1
0.8777,2
0.878,10
0.8783,1
0.8785,2
0.8786,1
0.8787,1
0.8788,2
0.8791,5
0.8793,2
0.8796,1
0.8797,3
0.8798,1
0.8801,2
0.8802,2
0.8803,1
0.8805,1
0.8807,1
0.8808,4
0.8811,2
0.8818,1
0.882,2
0.8826,1
0.8828,1
0.8831,1
0.8834,2
0.8836,1
0.884,2
0.8841,1
0.8843,6
0.8844,2
0.885,3
0.8851,1
0.8852,2
0.8856,2
0.8857,2
0.8858,1
0.8861,1
0.8862,1
0.8867,3
0.8871,1
0.8872,2
0.8873,2
0.8877,2
0.8882,6
0.8884,3
0.8893,2
0.8895,1
0.8896,3
0.8898,1
0.89,2
0.8901,1
0.8904,5
0.8906,1
0.8907,1
0.8909,3
0.891,1
0.8912,1
0.8913,2
0.8915,2
0.8916,2
0.8917,2
0.8924,1
0.8925,2
0.8926,3
0.8927,1
0.8932,2
0.8935,1
0.8937,1
0.8938,1
0.894,1
0.8941,2
0.8943,3
0.8947,1
0.8951,3
0.8952,1
0.8953,3
0.8957,1
0.896,6
0.8962,1
0.8963,4
0.8964,1
0.8965,2
0.8966,1
0.8967,2
0.8969,1
0.8973,1
0.8977,3
0.8978,1
0.8981,1
0.8982,2
0.8983,1
0.8985,3
0.8986,2
0.8989,1
0.899,1
0.8992,1
0.8996,2
0.8997,1
0.8998,6
0.9001,2
0.9002,1
0.9007,1
0.9008,3
0.9009,3
0.9012,9
0.9015,2
0.9019,1
0.9021,2
0.9022,3
0.9023,8
0.9025,1
0.9026,1
0.9028,1
0.9032,2
0.9036,1
0.9037,1
0.9041,1
0.9042,2
0.9043,4
0.9044,4
0.9045,2
0.9048,2
0.9049,1
0.9052,1
0.9053,1
0.9058,7
0.906,2
0.9061,2
0.9063,1
0.9064,1
0.9065,1
0.9066,3
0.9073,1
0.9075,3
0.9082,1
0.9083,4
0.9085,3
0.9086,5
0.9092,2
0.9097,3
0.91,3
0.9101,1
0.9103,1
0.9107,3
0.9108,3
0.9109,2
0.911,1
0.9111,2
0.9116,1
0.9117,1
0.9118,1
0.912,1
0.9123,1
0.9128,2
0.9129,1
0.9132,2
0.9133,1
0.9134,3
0.9135,2
0.9137,1
0.9146,1
0.9149,1
0.915,2
0.9151,4
0.9153,2
0.9155,1
0.9158,4
0.9164,1
0.9165,2
0.9169,1
0.9173,1
0.9175,2
0.9178,2
0.9179,2
0.918,1
0.9181,1
0.9182,1
0.9183,2
0.9187,2
0.9188,1
0.9196,1
0.92,8
0.9203,1
0.9205,2
0.9207,2
0.9208,1
0.9209,2
0.9215,2
0.9216,1
0.9218,3
0.9219,1
0.9221,3
0.9224,1
0.9226,2
0.9229,1
0.923,2
0.9232,1
0.9233,1
0.9234,2
0.9235,1
0.9236,1
0.9237,2
0.9238,1
0.9241,3
0.9243,1
0.9249,2
0.925,1
0.9254,1
0.9256,1
0.9257,1
0.9259,1
0.9261,2
0.9264,3
0.9268,3
0.9269,2
0.9276,1
0.9277,3
0.928,1
0.9283,3
0.9287,2
0.9288,2
0.9289,3
0.9291,3
0.9292,1
0.9298,3
0.9303,3
0.9305,1
0.931,1
0.9311,3
0.9312,1
0.9314,2
0.9315,1
0.9316,3
0.9317,2
0.9319,1
0.932,3
0.9321,3
0.9322,3
0.933,3
0.9335,2
0.9338,2
0.9342,2
0.9343,3
0.9346,1
0.9347,5
0.935,1
0.9352,1
0.9353,1
0.9354,3
0.9355,2
0.9356,1
0.9359,3
0.9361,9
0.9363,1
0.9366,3
0.9368,1
0.9372,2
0.9373,1
0.9374,1
0.9375,1
0.9376,1
0.9377,2
0.9378,3
0.9384,1
0.9387,6
0.9396,1
0.9398,1
0.9399,1
0.9403,4
0.9404,1
0.9407,3
0.9408,1
0.9409,1
0.9417,3
0.9418,1
0.942,1
0.9427,2
0.943,2
0.9432,1
0.9435,4
0.9437,1
0.9439,2
0.944,2
0.9441,2
0.9442,1
0.9446,1
0.9451,2
0.9457,1
0.9458,2
0.9459,1
0.9461,1
0.9462,2
0.9463,4
0.9464,2
0.9469,3
0.947,1
0.9472,1
0.9473,1
0.9474,4
0.9477,1
0.9478,3
0.948,1
0.9481,1
0.9483,1
0.9486,1
0.9487,3
0.9494,4
0.95,2
0.9502,2
0.9503,3
0.9504,1
0.9506,3
0.9507,3
0.9508,2
0.9513,1
0.9514,1
0.9519,2
0.952,2
0.9521,2
0.9524,1
0.9527,1
0.953,1
0.9532,2
0.9535,3
0.9536,2
0.9539,2
0.954,2
0.9541,2
0.9542,1
0.9543,2
0.9544,1
0.9556,1
0.9557,3
0.956,3
0.9561,1
0.9568,4
0.9569,5
0.9572,1
0.9581,4
0.9582,2
0.9583,1
0.9584,1
0.9591,5
0.9592,4
0.9595,1
0.9596,2
0.9597,1
0.9599,2
0.96,1
0.9602,4
0.9604,3
0.9605,1
0.9611,3
0.9615,2
0.9617,1
0.9618,2
0.962,2
0.9621,4
0.9626,2
0.963,1
0.9633,7
0.9634,1
0.9638,1
0.9641,2
0.9642,2
0.9644,3
0.9651,2
0.9653,2
0.9655,1
0.9657,4
0.9658,2
0.966,1
0.9661,3
0.9665,3
0.9671,1
0.9674,1
0.9675,2
0.9685,2
0.969,1
0.9693,2
0.9695,2
0.9696,1
0.9697,4
0.9699,1
0.9702,2
0.9713,2
0.9715,1
0.9716,1
0.9719,2
0.9723,1
0.9726,1
0.9731,2
0.9733,3
0.9734,5
0.9737,4
0.974,2
0.9742,3
0.9749,4
0.975,1
0.9751,1
0.9753,3
0.9754,2
0.9755,3
0.9757,1
0.9759,2
0.9763,1
0.9765,2
0.9768,2
0.9769,1
0.9774,2
0.9775,2
0.9776,1
0.9777,2
0.9781,2
0.9782,4
0.9785,2
0.9786,4
0.9787,1
0.979,1
0.9791,2
0.9794,2
0.9797,1
0.9798,1
0.9799,6
0.9803,2
0.981,2
0.9811,1
0.9814,1
0.9819,1
0.982,1
0.9821,1
0.9829,1
0.9832,1
0.9833,1
0.9835,1
0.9836,1
0.9837,1
0.9841,1
0.9842,1
0.9843,1
0.9847,2
0.9851,3
0.9852,1
0.9859,1
0.986,2
0.9863,2
0.9865,1
0.987,3
0.9872,2
0.9874,1
0.9881,4
0.9883,2
0.9885,3
0.9886,1
0.9888,5
0.9893,5
0.9894,1
0.9898,2
0.99,12
0.9901,1
0.9906,1
0.9908,1
0.9909,2
0.9911,6
0.9912,6
0.9915,2
0.992,1
0.9921,1
0.9922,2
0.9927,1
0.9934,1
0.9935,1
0.9936,2
0.9937,6
0.9939,1
0.994,3
0.9941,1
0.9946,1
0.9948,1
0.9951,1
0.9953,1
0.9954,1
0.9955,1
0.9957,2
0.996,4
0.9968,1
0.9972,1
0.9973,2
0.9977,1
0.9978,2
0.998,1
0.9986,1
0.9987,3
0.9989,2
0.999,2
0.9992,4
1.0,53
1.0001,2
1.0002,2
1.0004,1
1.0007,1
1.0008,1
1.0009,1
1.0026,1
1.0027,1
1.0028,1
1.0029,1
1.0032,1
1.0034,1
1.0035,1
1.0039,1
1.0044,2
1.0045,2
1.0047,1
1.0048,3
1.0051,1
1.0053,1
1.0056,3
1.0059,2
1.0064,1
1.0067,8
1.0068,1
1.0076,1
1.0081,1
1.0083,1
1.0088,4
1.0089,1
1.0093,1
1.0096,1
1.0099,2
1.0101,1
1.0103,2
1.0105,1
1.0107,1
1.0108,2
1.0109,2
1.012,1
1.0121,2
1.0123,1
1.0125,1
1.0127,1
1.0128,1
1.0135,3
1.0138,1
1.0139,4
1.0142,2
1.0144,2
1.0147,1
1.0152,1
1.0158,1
1.0162,2
1.0163,1
1.0166,1
1.0168,2
1.0169,3
1.017,2
1.0173,1
1.0174,4
1.0178,1
1.0181,2
1.0185,1
1.0187,1
1.0189,1
1.0194,2
1.0199,1
1.0205,1
1.0206,2
1.021,6
1.0213,4
1.0214,1
1.0216,1
1.0219,3
1.022,2
1.0222,1
1.0224,1
1.0226,2
1.0227,2
1.023,3
1.0234,1
1.0235,1
1.0236,2
1.0238,1
1.0239,3
1.0246,1
1.0249,1
1.025,4
1.0257,1
1.0259,2
1.0262,1
1.0263,2
1.0267,1
1.027,1
1.0273,2
1.0275,3
1.0278,1
1.0281,2
1.0282,1
1.0288,1
1.029,2
1.0295,1
1.0296,1
1.0297,3
1.0298,1
1.0302,1
1.0305,2
1.0307,1
1.0309,3
1.0313,3
1.0318,1
1.032,2
1.0327,2
1.0331,2
1.0334,6
1.0335,1
1.0342,1
1.0343,1
1.0347,1
1.0349,2
1.0354,1
1.0356,1
1.0359,1
1.0363,1
1.0371,4
1.0374,2
1.0375,2
1.0379,2
1.038,2
1.0381,3
1.0385,1
1.0388,5
1.039,1
1.0391,3
1.0392,1
1.0396,1
1.0411,2
1.0415,1
1.0416,2
1.0419,2
1.042,1
1.0422,2
1.0425,1
1.0428,1
1.0431,3
1.0432,3
1.0438,4
1.0443,3
1.0444,2
1.0451,1
1.0454,1
1.0455,1
1.0456,1
1.046,1
1.0463,1
1.0467,2
1.0468,2
1.0469,2
1.0471,2
1.0481,3
1.0484,2
1.0492,3
1.0501,2
1.0503,1
1.0512,1
1.0513,4
1.0516,2
1.052,1
1.0521,1
1.0524,1
1.0527,1
1.0532,3
1.0533,1
1.0539,1
1.0544,1
1.0545,1
1.0551,2
1.0552,2
1.0553,1
1.0562,1
1.0564,1
1.0565,2
1.0566,3
1.0569,2
1.0571,1
1.058,1
1.059,2
1.0592,3
1.0595,2
1.0597,1
1.0598,1
1.0601,3
1.0606,2
1.0612,2
1.0613,1
1.0615,4
1.0616,3
1.0617,1
1.0618,2
1.0624,1
1.0631,2
1.0636,1
1.0637,2
1.0644,1
1.0645,1
1.0648,1
1.065,1
1.0651,1
1.0658,1
1.0662,1
1.0664,2
1.0665,1
1.0679,1
1.068,3
1.0681,1
1.0692,3
1.0698,4
1.0704,1
1.0706,2
1.0719,6
1.072,3
1.0721,3
1.0722,1
1.0725,1
1.0729,7
1.073,3
1.0734,2
1.0739,3
1.0744,1
1.0747,4
1.0749,1
1.075,1
1.0752,1
1.0754,3
1.0762,1
1.0764,1
1.0768,3
1.0773,1
1.0774,1
1.0777,2
1.0779,1
1.0788,2
1.0792,1
1.0794,1
1.0795,1
1.0798,1
1.0807,1
1.0813,3
1.0818,2
1.082,2
1.0828,2
1.0833,1
1.0834,1
1.0837,2
1.0847,2
1.0848,3
1.085,1
1.0853,2
1.0855,1
1.0857,2
1.0865,1
1.0874,4
1.0875,3
1.0885,3
1.0893,1
1.0895,2
1.0898,2
1.09,2
1.0904,1
1.0912,1
1.0914,1
1.0916,3
1.0919,1
1.0923,2
1.0931,1
1.0934,2
1.0936,1
1.0939,1
1.0941,1
1.0945,1
1.0949,1
1.0952,1
1.0956,1
1.0966,1
1.0967,1
1.0968,2
1.0978,2
1.0979,2
1.098,1
1.0984,1
1.0999,4
1.1,8
1.1007,2
1.1009,2
1.1023,4
1.1027,1
1.1029,1
1.1031,3
1.1035,13
1.1036,1
1.104,1
1.1048,1
1.105,2
1.1054,1
1.1056,1
1.1065,1
1.107,1
1.1071,1
1.1076,3
1.1079,2
1.1082,1
1.1083,1
1.1086,1
1.1089,1
1.1091,1
1.1093,1
1.1099,3
1.1114,3
1.1116,1
1.1127,2
1.1128,1
1.1132,2
1.1134,3
1.1135,2
1.1145,1
1.1153,1
1.1157,1
1.1163,2
1.1169,1
1.1174,1
1.1177,1
1.1178,4
1.1181,1
1.1189,1
1.1195,1
1.1205,1
1.1207,1
1.1214,1
1.1215,1
1.1216,1
1.1223,2
1.1228,1
1.123,3
1.1232,1
1.1233,1
1.1235,1
1.1238,1
1.1242,2
1.1258,1
1.1267,2
1.1269,4
1.1272,3
1.1274,1
1.1283,3
1.1293,1
1.1303,1
1.1321,1
1.1323,2
1.1324,1
1.1325,1
1.133,1
1.1338,2
1.1339,1
1.1344,1
1.1345,2
1.135,1
1.1353,2
1.1359,1
1.1365,2
1.1369,1
1.1379,1
1.138,2
1.1382,2
1.1391,4
1.1392,1
1.1393,1
1.1402,4
1.1403,2
1.1415,1
1.1422,2
1.1436,1
1.1437,1
1.1438,1
1.144,1
1.1444,1
1.1445,2
1.1453,2
1.146,1
1.1463,5
1.1466,1
1.1467,2
1.1472,1
1.1474,2
1.1475,1
1.1478,2
1.1479,1
1.148,1
1.1485,1
1.1489,1
1.1495,1
1.15,2
1.1503,2
1.1509,1
1.1514,1
1.1516,1
1.152,2
1.1523,2
1.1525,1
1.153,1
1.154,1
1.1544,1
1.1546,2
1.1548,1
1.1551,2
1.1552,1
1.1556,1
1.1557,1
1.1563,1
1.157,2
1.1572,2
1.1576,2
1.1577,1
1.1591,1
1.16,1
1.1601,3
1.1603,2
1.1608,1
1.1613,2
1.1614,1
1.1634,2
1.1642,1
1.1646,2
1.1647,1
1.1649,2
1.1659,2
1.1661,1
1.1662,1
1.1669,1
1.1672,1
1.1686,1
1.169,1
1.1693,2
1.17,1
1.1706,3
1.1707,1
1.1713,1
1.1717,1
1.1721,5
1.1722,1
1.1726,1
1.1727,3
1.1733,1
1.175,1
1.1751,2
1.1754,4
1.1763,2
1.1767,1
1.1769,1
1.177,1
1.1773,2
1.1779,1
1.1787,1
1.179,1
1.1797,1
1.1806,1
1.1807,1
1.181,1
1.1821,1
1.183,2
1.1835,1
1.1845,1
1.1848,1
1.1865,1
1.1867,1
1.1869,1
1.1871,1
1.1877,2
1.1881,1
1.1889,1
1.189,1
1.1901,1
1.1906,1
1.1911,2
1.1914,2
1.1928,1
1.193,1
1.1931,1
1.1934,1
1.1943,2
1.1944,2
1.1954,2
1.1955,1
1.1956,2
1.1963,3
1.1975,1
1.1976,1
1.1979,1
1.1984,2
1.1986,1
1.199,1
1.1995,1
1.1997,1
1.2,3
1.2003,2
1.202,3
1.2021,2
1.203,1
1.2031,1
1.2035,1
1.2037,1
1.2041,1
1.2044,2
1.2047,1
1.205,1
1.2056,3
1.2065,1
1.2068,1
1.2073,2
1.2074,1
1.2077,2
1.208,1
1.2084,1
1.2087,1
1.2088,1
1.2096,1
1.2111,1
1.2113,2
1.2115,6
1.2124,1
1.2132,1
1.2145,1
1.2146,1
1.2152,1
1.2169,1
1.2196,1
1.22,1
1.2203,1
1.2204,1
1.2209,1
1.2213,1
1.2219,2
1.2221,1
1.2228,2
1.2233,1
1.2239,1
1.2243,1
1.2249,1
1.2266,2
1.2267,1
1.228,2
1.2282,1
1.2289,2
1.2301,1
1.2306,2
1.2312,1
1.2314,2
1.2317,1
1.2331,1
1.2333,1
1.2339,1
1.235,1
1.2356,2
1.2358,1
1.2369,1
1.2373,1
1.2378,3
1.2388,1
1.2391,1
1.2393,1
1.2395,1
1.2396,1
1.2397,6
1.2413,1
1.2424,1
1.2435,1
1.2437,3
1.2439,1
1.2446,1
1.2448,1
1.2453,2
1.2462,1
1.2465,1
1.2468,1
1.2472,3
1.2474,2
1.2478,1
1.248,1
1.2491,1
1.2495,1
1.2498,2
1.2499,1
1.2508,4
1.2509,2
1.2528,1
1.2531,2
1.2533,2
1.2545,1
1.2548,3
1.2557,1
1.256,1
1.2561,2
1.2562,2
1.2568,1
1.2577,1
1.2584,1
1.2588,1
1.2601,1
1.2602,1
1.2607,1
1.2608,2
1.2611,5
1.2622,2
1.2623,3
1.2628,1
1.2648,1
1.2669,2
1.267,1
1.2677,6
1.268,1
1.2682,1
1.2689,1
1.2692,1
1.2709,1
1.2724,5
1.2726,1
1.2732,1
1.2734,1
1.2738,1
1.2739,1
1.275,1
1.2755,1
1.2787,1
1.2788,1
1.2795,1
1.2802,1
1.2809,2
1.2811,1
1.2823,2
1.2827,1
1.2834,1
1.2835,2
1.2844,1
1.2855,1
1.2857,4
1.2858,1
1.2861,2
1.2869,1
1.287,1
1.2873,1
1.2874,1
1.2891,2
1.2892,1
1.2911,1
1.2914,1
1.2926,1
1.2927,1
1.2937,2
1.295,2
1.2951,1
1.297,2
1.2971,1
1.2975,1
1.298,1
1.2992,1
1.2994,1
1.2998,1
1.3006,1
1.3015,2
1.3016,2
1.3023,1
1.3027,3
1.3029,1
1.3032,1
1.3093,1
1.3096,1
1.3101,1
1.3113,1
1.3127,3
1.3132,1
1.3133,1
1.3139,2
1.3148,4
1.3149,2
1.3151,1
1.3157,1
1.3163,3
1.3169,1
1.3173,2
1.3183,4
1.3189,4
1.319,1
1.3201,1
1.3206,1
1.3207,1
1.3208,1
1.3209,2
1.3217,1
1.322,1
1.3224,1
1.3227,1
1.323,1
1.3234,1
1.3243,1
1.3244,1
1.3247,2
1.3253,2
1.326,1
1.3261,1
1.3264,1
1.3269,2
1.3279,1
1.3285,2
1.3289,1
1.33,21
1.3303,2
1.3305,2
1.3329,1
1.3332,1
1.3339,2
1.3343,2
1.3355,1
1.337,2
1.3375,3
1.339,1
1.3405,1
1.3435,1
1.3441,1
1.3446,2
1.3462,1
1.3466,2
1.347,1
1.3476,2
1.3481,1
1.35,1
1.3516,1
1.3519,1
1.3521,2
1.3522,1
1.353,4
1.354,6
1.3542,2
1.3545,1
1.3549,2
1.3556,1
1.3559,1
1.356,4
1.3562,2
1.3566,1
1.3581,1
1.3583,1
1.359,3
1.3617,1
1.3624,1
1.3632,15
1.3635,1
1.3637,1
1.3641,1
1.3665,1
1.3675,1
1.3681,2
1.3722,2
1.3723,1
1.373,1
1.3744,1
1.3754,2
1.3757,1
1.3776,1
1.3783,2
1.3799,2
1.381,1
1.3814,1
1.3817,1
1.3826,2
1.3829,3
1.3832,1
1.3834,2
1.3835,3
1.3839,3
1.3858,1
1.3862,1
1.3869,1
1.3877,1
1.3884,3
1.3889,1
1.39,1
1.3907,1
1.3909,1
1.3913,1
1.3924,2
1.3926,3
1.3928,1
1.3936,5
1.3972,1
1.3982,1
1.3986,1
1.4,7
1.4006,4
1.4009,1
1.4021,1
1.4025,1
1.4026,1
1.4044,2
1.4056,1
1.4065,2
1.4069,2
1.4086,1
1.4101,1
1.4104,1
1.4105,1
1.4119,1
1.413,1
1.4134,1
1.4136,1
1.4137,1
1.4141,1
1.4148,1
1.4152,1
1.4157,1
1.416,1
1.4175,3
1.4177,3
1.418,1
1.4186,1
1.4191,1
1.4217,1
1.4242,2
1.4279,1
1.428,2
1.429,1
1.4307,1
1.4317,3
1.4322,1
1.4323,1
1.4327,1
1.4332,1
1.4335,1
1.4339,1
1.4342,1
1.4346,3
1.4356,1
1.4375,1
1.4376,1
1.4377,3
1.4379,1
1.438,1
1.439,2
1.4395,1
1.4396,1
1.4399,1
1.4401,2
1.4402,1
1.4416,3
1.4419,1
1.443,1
1.4443,1
1.4453,2
1.4458,3
1.4464,4
1.4472,1
1.4476,3
1.4501,1
1.4513,1
1.4541,1
1.4542,2
1.4547,1
1.4553,2
1.4579,1
1.4588,1
1.46,3
1.4629,1
1.4638,4
1.4658,2
1.4664,1
1.4682,1
1.4693,1
1.47,8
1.4703,1
1.471,2
1.4717,1
1.4723,1
1.4726,1
1.4732,1
1.4739,1
1.4756,1
1.4759,3
1.4772,1
1.4781,1
1.4796,4
1.4804,2
1.4826,2
1.4837,1
1.487,2
1.4871,1
1.4873,1
1.4878,1
1.4895,1
1.4907,2
1.4919,1
1.4932,1
1.4939,1
1.4953,3
1.4956,1
1.4959,6
1.4979,1
1.4982,1
1.4984,1
1.4996,1
1.5,4
1.5008,1
1.5013,2
1.5014,1
1.5028,1
1.5029,1
1.504,2
1.5042,1
1.5055,1
1.5058,1
1.5063,1
1.508,1
1.5083,4
1.5093,1
1.5107,2
1.5127,2
1.513,1
1.5136,1
1.5168,4
1.5181,2
1.52,1
1.5209,1
1.5219,1
1.5229,1
1.5242,2
1.5243,1
1.5265,1
1.5266,1
1.5267,2
1.5268,3
1.5269,2
1.527,2
1.5271,1
1.5274,2
1.5276,5
1.5293,2
1.5334,1
1.5366,2
1.5391,1
1.5397,1
1.54,66
1.5401,1
1.5423,1
1.5431,3
1.5458,1
1.547,1
1.5498,3
1.5502,1
1.5519,1
1.5525,1
1.5544,1
1.5557,2
1.5567,4
1.5573,1
1.5577,1
1.5578,2
1.5597,2
1.5624,1
1.5633,1
1.5693,1
1.5696,1
1.5703,5
1.5707,1
1.571,1
1.5713,2
1.5728,1
1.5739,1
1.5758,1
1.5767,2
1.5771,1
1.579,1
1.5791,1
1.5794,1
1.5812,1
1.5821,2
1.5826,2
1.583,3
1.5855,1
1.5869,1
1.5874,1
1.588,1
1.5889,1
1.5895,1
1.5896,2
1.59,1
1.592,1
1.5935,3
1.5945,2
1.5965,1
1.5972,2
1.5975,1
1.5983,2
1.6,3
1.6014,2
1.6047,1
1.6051,1
1.6066,3
1.6083,1
1.611,1
1.6176,4
1.6182,2
1.6201,2
1.6214,1
1.6276,1
1.6278,3
1.631,1
1.633,1
1.6335,2
1.6336,2
1.6337,2
1.6339,1
1.6342,1
1.6358,1
1.6369,3
1.6379,3
1.6396,1
1.6407,1
1.6427,1
1.6452,2
1.6474,2
1.6507,2
1.6561,1
1.6564,1
1.6565,2
1.6572,1
1.6575,1
1.6619,1
1.6657,3
1.6664,1
1.6706,1
1.6714,1
1.6722,1
1.6743,2
1.6745,2
1.6784,2
1.68,19
1.6809,1
1.6837,1
1.6855,1
1.6877,1
1.693,1
1.6957,1
1.6963,1
1.6971,2
1.6986,1
1.7009,1
1.7019,1
1.7027,1
1.7029,4
1.7034,2
1.7037,1
1.7039,7
1.7101,1
1.7108,1
1.7116,1
1.7141,1
1.7147,1
1.7165,2
1.7166,1
1.7169,1
1.7185,1
1.7222,1
1.7233,1
1.7254,1
1.7258,2
1.7288,1
1.7294,1
1.7295,2
1.7327,1
1.7354,1
1.7364,1
1.737,2
1.7385,1
1.7399,1
1.7402,2
1.7406,3
1.7412,1
1.7468,1
1.7482,1
1.7512,2
1.7514,1
1.7517,1
1.7522,3
1.7525,1
1.753,1
1.7549,1
1.7561,1
1.7575,2
1.7591,1
1.7599,1
1.7612,2
1.7626,1
1.7681,1
1.7699,1
1.7716,1
1.772,2
1.778,1
1.7847,1
1.7861,1
1.7903,1
1.7906,1
1.7912,1
1.7924,1
1.7953,1
1.7954,1
1.7968,2
1.7977,1
1.7988,2
1.8028,1
1.8038,1
1.8067,2
1.8082,1
1.811,1
1.8119,1
1.8127,2
1.8131,1
1.8143,1
1.8148,1
1.8152,1
1.8154,9
1.8215,1
1.8219,1
1.8255,1
1.8318,2
1.8397,1
1.84,1
1.8498,1
1.85,1
1.8514,1
1.853,1
1.8636,1
1.8644,2
1.867,1
1.8679,1
1.8707,1
1.8718,1
1.8725,1
1.8748,1
1.8795,1
1.8812,2
1.8829,1
1.8839,1
1.8913,1
1.8927,3
1.8933,7
1.8974,1
1.9019,3
1.9096,1
1.911,1
1.9171,1
1.9188,2
1.9197,1
1.9198,1
1.9254,1
1.9303,1
1.9309,3
1.9342,1
1.9375,1
1.941,1
1.9413,2
1.942,1
1.9435,2
1.9445,1
1.9478,1
1.9493,1
1.95,1
1.9511,3
1.9515,4
1.954,1
1.9571,1
1.9575,1
1.9601,4
1.9604,3
1.963,5
1.9659,1
1.9689,1
1.9691,2
1.9725,1
1.9748,2
1.9771,1
1.9774,1
1.9917,1
1.9927,1
1.994,1
1.9969,3
2.0,17
2.0005,1
2.0041,2
2.0065,1
2.011,1
2.0111,1
2.0118,1
2.0131,1
2.0135,1
2.0151,1
2.017,1
2.0251,1
2.0296,1
2.0336,2
2.0349,1
2.0485,1
2.0501,1
2.056,1
2.0605,1
2.0609,2
2.064,2
2.0649,1
2.0731,2
2.0771,3
2.0809,2
2.0846,1
2.0861,1
2.0882,1
2.0891,1
2.0917,3
2.0949,1
2.0984,1
2.1046,2
2.1105,1
2.1119,1
2.1121,1
2.1136,2
2.1174,1
2.1192,1
2.1203,1
2.1218,1
2.1232,1
2.1239,1
2.1244,1
2.128,68
2.1295,1
2.1343,2
2.1366,2
2.1368,1
2.1389,1
2.1404,1
2.1556,1
2.1594,1
2.1634,1
2.1732,1
2.1748,1
2.1763,2
2.177,1
2.1779,1
2.1984,1
2.2005,2
2.2089,1
2.2107,1
2.2162,2
2.2289,1
2.2404,1
2.2426,1
2.2469,1
2.2476,1
2.2529,1
2.2554,3
2.2581,4
2.2584,1
2.2636,3
2.2643,2
2.2702,1
2.2753,1
2.2757,2
2.2767,1
2.2772,1
2.2858,1
2.2905,1
2.295,2
2.3034,1
2.311,2
2.3388,1
2.3438,2
2.3462,1
2.3508,1
2.3593,2
2.3613,1
2.365,1
2.3685,2
2.3721,1
2.3737,1
2.3784,1
2.3799,2
2.3814,2
2.3843,1
2.3883,1
2.3896,1
2.3934,1
2.4,1
2.4045,2
2.4055,1
2.4129,1
2.4219,1
2.429,1
2.431,1
2.4329,1
2.443,1
2.4455,1
2.4478,1
2.451,1
2.4528,1
2.4543,2
2.4547,2
2.4554,1
2.4559,4
2.4563,2
2.4567,3
2.4611,2
2.4695,1
2.4698,1
2.4704,1
2.5,7
2.66,69
2.7,1
2.8,139
2.8461,1
2.94,80
2.99,1
3.0,1
3.015,60
3.12,9
3.192,4
4.0,2
5.04,1
6.0,14
10.4,25
11.2,18
12.6,3
13.204,2
28.0,63
