2.0,0.03716556672550073
6.0,0.11492425776516127
10.0,0.19268294880482179
18.791173215273936,0.3747405200555135
39.294131392764584,0.8103865361498126
59.79708957025524,1.2460325522441118
68.76354329780465,1.4580794902687948
73.08274214210326,1.5605626664887697
77.4019409864019,1.6630458427087447
78.2019409864019,1.6828238815131495
78.99685654841389,1.7034216419392738
79.79177211042587,1.724019402365398
87.06503975187533,1.9478791568154932
87.44875409156927,1.9598351080718694
87.8324684312632,1.9717910593282457
91.17026514459248,2.084898050024707
92.68562663044969,2.136597759984527
94.2009881163069,2.188297469944347
97.80667885102989,2.3260399007916166
100.0,2.6100463630983244
