1.8181818181818181,0.03716556672550073
5.454545454545454,0.11492425776516127
9.090909090909092,0.19268294880482179
17.08288474115812,0.3747405200555135
35.72193762978599,0.8103865361498126
54.36099051841384,1.2460325522441118
62.51231208891331,1.4580794902687948
66.43885649282115,1.5605626664887697
70.36540089672899,1.6630458427087447
71.09267362400172,1.6828238815131495
71.81532413492171,1.7034216419392738
72.5379746458417,1.724019402365398
79.15003613806849,1.9478791568154932
79.49886735597205,1.9598351080718694
79.84769857387563,1.9717910593282457
82.8820592223568,2.084898050024707
84.25966057313609,2.136597759984527
85.63726192391536,2.188297469944347
88.91516259184536,2.3260399007916166
95.56592145510501,2.6100463630983244
100.0,2.894052825405032
