1.5384615384615385,0.03716556672550073
4.615384615384616,0.11492425776516127
7.6923076923076925,0.19268294880482179
14.454748627133796,0.3747405200555135
30.22625491751122,0.8103865361498126
45.99776120788864,1.2460325522441118
52.89503330600357,1.4580794902687948
56.21749395546405,1.5605626664887697
59.53995460492454,1.6630458427087447
60.155339220309145,1.6828238815131495
60.76681272954914,1.7034216419392738
61.37828623878912,1.724019402365398
66.97310750144257,1.9478791568154932
67.2682723781302,1.9598351080718694
67.56343725481784,1.9717910593282457
70.13097318814806,2.084898050024707
71.29663586957669,2.136597759984527
72.4622985510053,2.188297469944347
75.23590680848453,2.3260399007916166
80.86347200047346,2.6100463630983244
86.4910371924624,2.894052825405032
87.79982203223253,2.9805202000945425
99.23468766307413,3.7474264974554004
100.0,4.514332794816259
