1.0,365
2.0,365
3.0,365
4.0,365
5.0,365
6.0,365
7.0,365
8.0,365
9.0,365
10.0,365
11.0,365
12.0,365
13.0,365
14.0,365
15.0,365
16.0,365
17.0,365
18.0,365
19.0,365
20.0,365
21.0,365
22.0,365
23.0,365
24.0,365
25.0,365
26.0,365
27.0,365
28.0,365
29.0,365
30.0,365
31.0,365
32.0,365
33.0,365
34.0,365
35.0,365
36.0,365
37.0,365
38.0,365
39.0,365
40.0,365
41.0,365
42.0,365
43.0,365
44.0,365
45.0,365
46.0,365
47.0,365
48.0,365
49.0,365
50.0,365
51.0,365
52.0,365
53.0,365
54.0,365
55.0,365
56.0,365
57.0,365
58.0,365
59.0,365
60.0,365
61.0,365
62.0,365
63.0,365
64.0,365
65.0,365
66.0,365
67.0,365
68.0,365
69.0,365
70.0,365
71.0,365
72.0,365
73.0,365
74.0,365
75.0,365
76.0,365
77.0,365
78.0,365
79.0,365
80.0,365
81.0,365
82.0,365
83.0,365
84.0,365
85.0,365
86.0,365
87.0,365
88.0,365
89.0,365
90.0,365
91.0,365
92.0,365
93.0,365
94.0,365
95.0,365
96.0,365
97.0,365
98.0,365
99.0,365
