0.0047,0.024213075060532687
0.0048,0.6779661016949152
0.0049,2.510088781275222
0.005,6.743341404358354
0.0051,10.427764326069411
0.0052,15.835351089588379
0.0053,23.282889426957222
0.0054,30.950363196125906
0.0055,38.9184826472962
0.0056,46.378127522195314
0.0057,53.66020984665052
0.0058,58.91848264729621
0.0059,64.28571428571429
0.006,69.30992736077482
0.0061,72.93583535108958
0.0062,76.83212267958031
0.0063,80.7223567393059
0.0064,83.95278450363196
0.0065,86.23284907183212
0.0066,87.85108958837773
0.0067,89.3684422921711
0.0068,90.6093623890234
0.0069,91.6545601291364
0.007,92.5181598062954
0.0071,93.30508474576271
0.0072,94.03551251008878
0.0073,94.59644874899112
0.0074,95.11904761904762
0.0075,95.53874092009686
0.0076,95.88781275221953
0.0077,96.23083131557708
0.0078,96.58797417271994
0.0079,96.84624697336561
0.008,97.17312348668281
0.0081,97.47175141242937
0.0082,97.7502017756255
0.0083,97.98426150121065
0.0084,98.20217917675545
0.0085,98.38781275221953
0.0086,98.52905569007264
0.0087,98.65819209039547
0.0088,98.77522195318805
0.0089,98.85996771589993
0.009,98.96690879741728
0.0091,99.05367231638418
0.0092,99.16868442292171
0.0093,99.29176755447942
0.0094,99.39265536723164
0.0095,99.46125907990316
0.0096,99.50564971751412
0.0097,99.55407586763519
0.0098,99.60653753026635
0.0099,99.61662631154157
0.01,99.64285714285714
0.0101,99.64891041162227
0.0102,99.65496368038741
0.0103,99.66303470540758
0.0104,99.67312348668281
0.0105,99.68321226795803
0.0108,99.69330104923326
0.0109,99.69733656174334
0.011,99.69935431799838
0.0111,99.70742534301856
0.0112,99.7134786117837
0.0113,99.72356739305891
0.0114,99.72760290556901
0.0115,99.73567393058919
0.0116,99.74374495560936
0.0117,99.75585149313963
0.0118,99.7639225181598
0.0119,99.77804681194512
0.012,99.78410008071025
0.0121,99.79418886198546
0.0122,99.80427764326069
0.0123,99.81033091202582
0.0125,99.81638418079096
0.0127,99.818401937046
0.0133,99.82041969330105
0.0135,99.82243744955609
0.0136,99.82445520581113
0.0137,99.82849071832123
0.0139,99.83252623083132
0.014,99.83454398708635
0.0141,99.83857949959645
0.0142,99.84261501210653
0.0144,99.84665052461663
0.0146,99.84866828087166
0.0147,99.8547215496368
0.0148,99.85673930589185
0.0149,99.85875706214689
0.015,99.86077481840194
0.0152,99.86884584342212
0.0154,99.87288135593221
0.0156,99.87489911218724
0.0157,99.8769168684423
0.0159,99.87893462469734
0.0161,99.88297013720742
0.0165,99.88498789346248
0.0166,99.89305891848265
0.0167,99.8950766747377
0.0168,99.89709443099274
0.0169,99.90112994350282
0.0174,99.91121872477805
0.0176,99.91525423728814
0.0179,99.91727199354318
0.0182,99.91928974979822
0.0189,99.92534301856337
0.0193,99.9273607748184
0.0197,99.92937853107344
0.0198,99.93139628732848
0.0203,99.93744955609363
0.0204,99.93946731234867
0.0205,99.94148506860371
0.0212,99.94350282485875
0.0216,99.9455205811138
0.0219,99.95157384987894
0.0222,99.95359160613397
0.0224,99.95560936238903
0.0225,99.95762711864407
0.0233,99.9636803874092
0.0238,99.96569814366426
0.0252,99.96973365617433
0.0266,99.97780468119451
0.028,99.99192897497983
0.0313,99.99394673123486
0.0318,99.99596448748991
0.0333,100.0
