0.0063,0.025940785832872165
0.0064,0.4323464305478694
0.0065,1.4751660210293303
0.0066,2.4851272827891533
0.0067,3.82713060320974
0.0068,5.2919203099059215
0.0069,7.44327614831212
0.007,10.48699501936912
0.0071,14.02358882125069
0.0072,18.43179302711677
0.0073,23.170309905921414
0.0074,27.931308799114557
0.0075,32.51936912008854
0.0076,36.12686773657997
0.0077,40.012797454344216
0.0078,44.31032097399004
0.0079,48.77559490868843
0.008,52.9001798561151
0.0081,57.05070558937465
0.0082,60.5924875484228
0.0083,63.861026563364696
0.0084,67.12783619258438
0.0085,70.04703929164361
0.0086,72.50795517432208
0.0087,74.9412008854455
0.0088,77.26030713890427
0.0089,79.38918096292197
0.009,81.34684560044272
0.0091,82.90329275041505
0.0092,84.293718871057
0.0093,85.6547454344217
0.0094,86.98118428334256
0.0095,88.16581350304372
0.0096,89.17058660763698
0.0097,90.18400664084118
0.0098,91.20088544548976
0.0099,91.9462506917543
0.01,92.61033480907581
0.0101,93.29344216934145
0.0102,93.82782235749862
0.0103,94.28956834532374
0.0104,94.69770337576094
0.0105,95.06606253458772
0.0106,95.44306862202546
0.0107,95.70074709463199
0.0108,96.03797731045933
0.0109,96.33370226895407
0.011,96.54295794133924
0.0111,96.712437742114
0.0112,96.88018815716657
0.0113,97.04275041505257
0.0114,97.22260653016048
0.0115,97.36441615938018
0.0116,97.49757885998893
0.0117,97.61344770337577
0.0118,97.7068345323741
0.0119,97.81405644714998
0.012,97.91781959048146
0.0121,97.9887244050913
0.0122,98.05962921970116
0.0123,98.13918096292197
0.0124,98.20662700608743
0.0125,98.27926120641948
0.0126,98.33460154952961
0.0127,98.39685943552851
0.0128,98.44701162147206
0.0129,98.50062257885999
0.013,98.56115107913669
0.0131,98.60784449363587
0.0132,98.64762036524627
0.0133,98.70641947980077
0.0134,98.75311289429995
0.0135,98.80499446596569
0.0136,98.96755672385169
0.0137,98.98830935251799
0.0138,99.01252075262866
0.0139,99.05402600996126
0.014,99.08342556723852
0.0141,99.1076369673492
0.0142,99.13703652462645
0.0143,99.150871610404
0.0144,99.17335362479247
0.0145,99.19756502490316
0.0146,99.22523519645821
0.0147,99.2477172108467
0.0148,99.27711676812396
0.0149,99.29959878251246
0.015,99.3099750968456
0.0151,99.33764526840066
0.0152,99.36358605423354
0.0153,99.38779745434422
0.0154,99.4120088544549
0.0155,99.43794964028777
0.0156,99.45870226895407
0.0157,99.48118428334256
0.0158,99.50885445489762
0.0159,99.54517155506363
0.016,99.56073602656336
0.0161,99.58321804095185
0.0162,99.60742944106254
0.0163,99.61261759822911
0.0164,99.63164084117322
0.0165,99.64893469839512
0.0166,99.66104039845047
0.0167,99.67314609850581
0.0168,99.68352241283895
0.0169,99.70254565578307
0.017,99.71811012728278
0.0171,99.72329828444937
0.0172,99.73194521306033
0.0173,99.74405091311566
0.0174,99.75269784172663
0.0175,99.76999169894853
0.0176,99.77863862755949
0.0177,99.79766187050359
0.0178,99.80803818483675
0.0179,99.8166851134477
0.018,99.82533204205866
0.0181,99.84089651355839
0.0182,99.84435528500276
0.0183,99.84781405644715
0.0184,99.85300221361373
0.0185,99.8547315993359
0.0186,99.86337852794688
0.0187,99.86510791366906
0.0188,99.87375484228002
0.0189,99.87548422800221
0.019,99.87721361372441
0.0191,99.88413115661318
0.0192,99.88586054233537
0.0193,99.88758992805755
0.0194,99.88931931377975
0.0195,99.89450747094631
0.0196,99.89623685666851
0.02,99.8996956281129
0.0201,99.9014250138351
0.0203,99.90315439955728
0.0204,99.91526009961261
0.0205,99.92217764250138
0.0206,99.92390702822358
0.0207,99.92563641394577
0.0209,99.92736579966795
0.0212,99.92909518539015
0.0214,99.93428334255672
0.0215,99.93601272827891
0.0216,99.93774211400111
0.0218,99.95157719977864
0.0221,99.95676535694521
0.0222,99.9584947426674
0.0227,99.9602241283896
0.0238,99.96195351411178
0.024,99.96368289983398
0.0243,99.96541228555617
0.0245,99.96714167127836
0.0265,99.96887105700056
0.029,99.97060044272274
0.0309,99.97232982844494
0.0363,99.9809767570559
0.0381,99.99135307138904
0.0385,99.99481184283343
0.04,99.9982706142778
0.0909,100.0
