0.0053,0.0060529023666848255
0.0054,0.018158707100054475
0.0055,0.4781792869681012
0.0056,4.200714242479269
0.0057,14.769081774710974
0.0058,23.109981236002664
0.0059,39.9309969130198
0.006,47.08552751044125
0.0061,55.3658979480661
0.0062,62.090672477452934
0.0063,70.34077840324436
0.0064,73.96041401852187
0.0065,78.51219659826887
0.0066,82.16209672537983
0.0067,84.45009381998668
0.0068,86.7562496216936
0.0069,88.56001452696567
0.007,90.00060529023666
0.0071,91.09618061860662
0.0072,91.96174565704254
0.0073,92.77888747654501
0.0074,93.56576478421404
0.0075,94.29816597058289
0.0076,94.9337207190848
0.0077,95.40584710368621
0.0078,96.02324314508806
0.0079,96.36220567762241
0.008,96.74959142909026
0.0081,97.23382361842503
0.0082,97.65752678409298
0.0083,98.07517704739422
0.0084,98.26281702076145
0.0085,98.33545184916167
0.0086,98.47466860359543
0.0087,98.55940923672901
0.0088,98.60177955329581
0.0089,98.66230857696266
0.009,98.71073179589614
0.0091,98.75915501482962
0.0092,98.78336662429635
0.0093,98.8075782337631
0.0094,98.83178984322983
0.0095,98.87416015979662
0.0096,98.8802130621633
0.0097,98.91047757399673
0.0098,98.92863628109679
0.0099,98.95284789056352
0.01,98.99521820713032
0.0101,99.00732401186369
0.0102,99.01942981659705
0.0103,99.03153562133042
0.0104,99.03758852369712
0.0105,99.04969432843048
0.0106,99.0799588402639
0.0107,99.11627625446403
0.0109,99.13443496156407
0.011,99.15259366866412
0.0111,99.17075237576418
0.0112,99.18285818049755
0.0114,99.18891108286422
0.0115,99.2010168875976
0.0116,99.21312269233097
0.0117,99.2373343017977
0.0118,99.2433872041644
0.0119,99.25549300889777
0.012,99.26154591126445
0.0121,99.26759881363114
0.0122,99.2797046183645
0.0123,99.28575752073118
0.0124,99.30996913019793
0.0126,99.3160220325646
0.0127,99.32812783729798
0.0128,99.33418073966467
0.0129,99.34628654439804
0.013,99.35233944676473
0.0131,99.3583923491314
0.0133,99.3644452514981
0.0135,99.37049815386479
0.0136,99.37655105623146
0.0137,99.38260395859815
0.0138,99.38865686096483
0.014,99.39470976333152
0.0142,99.40076266569821
0.0144,99.40681556806489
0.0145,99.41892137279825
0.0148,99.42497427516494
0.0149,99.43102717753163
0.015,99.443132982265
0.0157,99.44918588463169
0.0161,99.45523878699836
0.0162,99.46129168936505
0.0166,99.51576781066521
0.0173,99.5218207130319
0.0174,99.53997942013196
0.0183,99.54603232249863
0.02,99.55813812723201
0.0206,99.56419102959869
0.0212,99.57024393196538
0.0213,99.57629683433207
0.0217,99.58234973669875
0.0223,99.58840263906544
0.0233,99.59445554143211
0.0242,99.6005084437988
0.0333,99.6791961745657
0.0349,99.7639368076993
0.0353,99.79420131953272
0.0366,99.81841292899945
0.0466,99.82446583136614
0.0499,99.83051873373282
0.0666,99.8365716360995
0.1399,99.8426245384662
0.15,99.85473034319956
0.1506,99.86683614793293
0.1666,99.87288905029962
0.2333,99.8789419526663
0.35,100.0
