0.0056,0.01672296732332185
0.0057,0.13043914512191043
0.0058,0.30770259874912204
0.0059,0.6354727582862303
0.006,1.481654904846316
0.0061,2.658951804408174
0.0062,4.364694471387003
0.0063,6.317937054750995
0.0064,9.227733369008998
0.0065,13.167664470383626
0.0066,17.28820361885013
0.0067,22.525836984514534
0.0068,26.308572193049933
0.0069,30.469246463092407
0.007,34.93762333188401
0.0071,38.82738553128867
0.0072,42.576674805177426
0.0073,46.87782200073581
0.0074,50.774273387069805
0.0075,54.25265059032075
0.0076,57.4400481621459
0.0077,60.42677012609118
0.0078,63.4469380246831
0.0079,65.93197096892872
0.008,67.88521355229273
0.0081,70.01237499581926
0.0082,71.81176627980868
0.0083,73.36365764741296
0.0084,74.76838690257199
0.0085,76.12629184922572
0.0086,77.52098732399077
0.0087,78.56784507843072
0.0088,79.59797986554734
0.0089,80.577945750694
0.009,81.38733736914277
0.0091,82.17666142680358
0.0092,82.90912739556508
0.0093,83.47101909762868
0.0094,84.04294458008629
0.0095,84.45432957624
0.0096,84.8489916050704
0.0097,85.3373022509114
0.0098,85.70855212548915
0.0099,86.06976821967291
0.01,86.56142345897855
0.0101,87.01628817017291
0.0102,87.42432857286197
0.0103,87.91932840563229
0.0104,88.46115254690793
0.0105,88.80230108030369
0.0106,89.04980099668886
0.0107,89.4578413993779
0.0108,89.805679119703
0.0109,90.0866249707348
0.011,90.42777350413057
0.0111,90.73213150941503
0.0112,91.0532124820228
0.0113,91.34084751998395
0.0114,91.59503662329844
0.0115,91.87263788086558
0.0116,92.17365129268538
0.0117,92.40108364828255
0.0118,92.68537409277903
0.0119,92.81581323790094
0.012,92.99976587845748
0.0121,93.14358339743805
0.0122,93.27402254255995
0.0123,93.42787384193451
0.0124,93.5783805478444
0.0125,93.72554266028963
0.0126,93.81584668383557
0.0127,93.93959664202816
0.0128,94.04662363289742
0.0129,94.13692765644336
0.013,94.21385330613063
0.0131,94.33425867085856
0.0132,94.41787350747516
0.0133,94.47807618983913
0.0134,94.58844777417305
0.0135,94.65533964346633
0.0136,94.77574500819426
0.0137,94.86270443827553
0.0138,94.95969764875079
0.0139,95.09348138733736
0.014,95.15033947623667
0.0141,95.19047459781264
0.0142,95.27408943442924
0.0143,95.34098130372253
0.0144,95.42459614033915
0.0145,95.4747650423091
0.0146,95.4948326030971
0.0147,95.56506906585504
0.0148,95.60520418743101
0.0149,95.63865012207766
0.015,95.67209605672431
0.0151,95.74233251948226
0.0152,95.79584601491689
0.0153,95.82929194956353
0.0154,95.87277166460417
0.0155,95.89952841232147
0.0156,95.92628516003879
0.0157,95.9731094685441
0.0158,95.99986621626141
0.0159,96.02327837051406
0.016,96.08348105287803
0.0161,96.12027158098934
0.0162,96.16709588949463
0.0163,96.18381885681795
0.0164,96.23398775878792
0.0165,96.26743369343457
0.0166,96.28415666075789
0.0167,96.32429178233386
0.0168,96.38449446469781
0.0169,96.40121743202114
0.017,96.41794039934446
0.0171,96.44804174052643
0.0172,96.47145389477909
0.0173,96.68216328305294
0.0174,96.71895381116425
0.0175,96.73233218502291
0.0176,96.7523997458109
0.0177,96.76577811966955
0.0178,96.86611592360948
0.0179,96.9029064517208
0.018,96.91628482557945
0.0181,96.9764875079434
0.0182,96.99321047526674
0.0183,97.04337937723669
0.0184,97.06010234456002
0.0185,97.08685909227734
0.0186,97.09354827920666
0.0187,97.11696043345931
0.0188,97.14037258771197
0.0189,97.15709555503528
0.019,97.22398742432857
0.0191,97.24405498511656
0.0192,97.25074417204588
0.0193,97.2875347001572
0.0194,97.30425766748053
0.0195,97.31094685440983
0.0196,97.36111575637982
0.0197,97.39121709756179
0.0198,97.43135221913776
0.0199,97.44138599953176
0.02,97.46145356031974
0.0201,97.50493327536039
0.0202,97.52834542961303
0.0203,97.53503461654236
0.0204,97.57516973811833
0.0205,97.61196026622963
0.0206,97.6253386400883
0.0207,97.65878457473494
0.0208,97.67550754205826
0.0209,97.72233185056356
0.021,97.72902103749288
0.0211,97.74239941135156
0.0212,97.75243319174555
0.0213,97.7658115656042
0.0214,97.78587912639219
0.0215,97.80929128064484
0.0216,97.83939262182682
0.0217,97.87618314993813
0.0218,97.88621693033211
0.0219,97.90962908458476
0.022,97.93638583230208
0.0221,97.94976420616074
0.0222,97.97986554734273
0.0223,97.98655473427205
0.0224,98.01331148198936
0.0225,98.03337904277734
0.0226,98.04341282317134
0.0227,98.05010201010067
0.0228,98.05344660356535
0.0229,98.10696009899996
0.023,98.12033847285862
0.0231,98.14375062711127
0.0232,98.14709522057595
0.0233,98.15712900096993
0.0234,98.17050737482859
0.0235,98.17719656175792
0.0236,98.19057493561658
0.0237,98.20060871601058
0.0238,98.21064249640456
0.0239,98.23405465065721
0.024,98.23739924412187
0.0241,98.24074383758654
0.0242,98.24743302451587
0.0243,98.25746680490987
0.0244,98.28087895916251
0.0245,98.30429111341516
0.0247,98.35780460884979
0.0248,98.36114920231445
0.0249,98.36783838924379
0.025,98.37118298270845
0.0251,98.39125054349644
0.0252,98.3945951369611
0.0253,98.4146626977491
0.0254,98.42469647814308
0.0255,98.43138566507241
0.0256,98.43473025853707
0.0257,98.44476403893107
0.0258,98.45145322586039
0.0259,98.46148700625439
0.026,98.48489916050704
0.0261,98.4982775343657
0.0262,98.51500050168902
0.0264,98.51834509515368
0.0265,98.54844643633567
0.0268,98.5718585905883
0.0271,98.60530452523496
0.0273,98.62871667948761
0.0274,98.63206127295227
0.0275,98.65212883374026
0.0276,98.65547342720492
0.0277,98.6655072075989
0.0279,98.67888558145758
0.028,98.68891936185157
0.0281,98.6956085487809
0.0283,98.71233151610421
0.0284,98.72236529649821
0.0285,98.72570988996287
0.0286,98.72905448342753
0.0287,98.73908826382153
0.0288,98.7424328572862
0.0289,98.74912204421553
0.0291,98.75246663768019
0.0293,98.76250041807418
0.0295,98.7792233853975
0.0296,98.78256797886216
0.0297,98.78591257232682
0.0299,98.79260175925616
0.0302,98.79594635272083
0.0305,98.7992909461855
0.0306,98.81266932004415
0.0308,98.82939228736747
0.0309,98.83942606776147
0.0311,98.84277066122613
0.0312,98.8728720024081
0.0314,98.89628415666077
0.0316,98.90966253051941
0.0318,98.9297300913074
0.032,98.93641927823673
0.0321,98.94645305863072
0.0322,98.95314224556006
0.0324,98.95648683902472
0.0325,98.95983143248938
0.0326,99.07689220375264
0.0327,99.0802367972173
0.0334,99.08358139068196
0.0335,99.09027057761129
0.0337,99.09361517107595
0.0338,99.10030435800529
0.0347,99.22405431619786
0.0364,99.23743269005652
0.0382,99.2675340312385
0.0383,99.34111508746112
0.0403,99.50500016722967
0.0434,99.63209471888692
0.0766,99.63878390581625
0.0958,99.66888524699823
0.1086,99.70567577510954
0.115,99.72239874243286
0.1533,99.73912170975619
0.1613,99.75250008361483
0.1917,99.78594601826148
0.2173,99.91972975684806
0.3478,99.92641894377738
0.4034,100.0
