0.0067,0.18112605145207836
0.0068,0.5802173512617425
0.0069,1.7222324553324737
0.007,3.226499662307362
0.0071,5.172837232148339
0.0072,8.064714189230674
0.0073,10.818444157917357
0.0074,14.585252041505495
0.0075,18.263031865905326
0.0076,21.40971326825075
0.0077,24.335359489163135
0.0078,26.92024313869958
0.0079,29.732301835819978
0.008,32.151409099281636
0.0081,34.74243261496899
0.0082,37.42248418984466
0.0083,40.259102351568735
0.0084,42.99748265487812
0.0085,45.68674402898017
0.0086,48.20408915085651
0.0087,50.98544851722232
0.0088,52.76293976791307
0.0089,54.82900472769694
0.009,56.75385276600971
0.0091,58.635721741266046
0.0092,60.778535027936385
0.0093,62.126235648062874
0.0094,63.78092957573524
0.0095,65.44790323570946
0.0096,67.11487689568368
0.0097,68.41345858660281
0.0098,69.63222201756003
0.0099,70.83256585006447
0.01,72.13421747405907
0.0101,73.45121876343096
0.0102,74.32000982378584
0.0103,75.28703874255541
0.0104,76.38914471664518
0.0105,77.0154110640388
0.0106,77.7337754036962
0.0107,78.50739853871185
0.0108,79.2073432799165
0.0109,79.88272855651746
0.011,80.48136550623197
0.0111,81.08000245594647
0.0112,81.66328974028366
0.0113,82.21280776079082
0.0114,82.69785718671334
0.0115,83.17369681340946
0.0116,83.61576717627555
0.0117,83.993368944557
0.0118,84.44157917357401
0.0119,84.73629274881807
0.012,85.21520230858968
0.0121,85.5344753484374
0.0122,85.79848959292687
0.0123,86.12390249892552
0.0124,86.48001473567876
0.0125,86.75630871247006
0.0126,87.06944188616687
0.0127,87.33652606373181
0.0128,87.585190642844
0.0129,87.85534475348437
0.013,88.1377785964266
0.0131,88.48775096702892
0.0132,88.81009393995211
0.0133,89.08331798366795
0.0134,89.33812242893104
0.0135,89.67888500030699
0.0136,89.92447964634371
0.0137,90.21919322158777
0.0138,90.46478786762448
0.0139,90.66740345060478
0.014,90.9344876281697
0.0141,91.06649475041444
0.0142,91.29673973107386
0.0143,91.46251611714865
0.0144,91.73881009393995
0.0145,91.96291520844846
0.0146,92.1317615275987
0.0147,92.28525818137165
0.0148,92.44796463437098
0.0149,92.62295081967213
0.015,92.7672376742187
0.0151,92.93301406029349
0.0152,93.09265058021735
0.0153,93.20009823785841
0.0154,93.39043408853686
0.0155,93.51016147847977
0.0156,93.69128752993184
0.0157,93.78645545527108
0.0158,93.90311291213852
0.0159,94.05660956591146
0.016,94.1732670227789
0.0161,94.28071468041996
0.0162,94.40044207036287
0.0163,94.50174986185301
0.0164,94.6368269171732
0.0165,94.72892490943697
0.0166,94.8240928347762
0.0167,94.90391109473813
0.0168,94.97758948854916
0.0169,95.09731687849204
0.017,95.17406520537853
0.0171,95.22625406766132
0.0172,95.33984159145331
0.0173,95.41351998526432
0.0174,95.50561797752809
0.0175,95.57622643826365
0.0176,95.6314852336219
0.0177,95.71130349358384
0.0178,95.73893289126298
0.0179,95.82796095045128
0.018,95.8709400135077
0.0181,95.9169890096396
0.0182,95.9845275372997
0.0183,96.02136673420519
0.0184,96.06741573033707
0.0185,96.11039479339351
0.0186,96.13495425799718
0.0187,96.21170258488365
0.0188,96.25468164794007
0.0189,96.31915024252471
0.019,96.3651992386566
0.0191,96.41124823478849
0.0192,96.46650703014674
0.0193,96.48799656167496
0.0194,96.5371154908823
0.0195,96.5739546877878
0.0196,96.61693375084424
0.0197,96.65991281390066
0.0198,96.709031743108
0.0199,96.74280100693805
0.02,97.17259163750231
0.0201,97.20636090133236
0.0202,97.2401301651624
0.0203,97.28003929514337
0.0204,97.31994842512434
0.0205,97.35064775587892
0.0206,97.36292748818076
0.0207,97.41818628353901
0.0208,97.43967581506723
0.0209,97.45809541351998
0.021,97.5010744765764
0.0211,97.5471234727083
0.0212,97.58703260268926
0.0213,97.63615153189662
0.0214,97.6729907288021
0.0215,97.70062012648124
0.0216,97.74052925646221
0.0217,97.77736845336771
0.0218,97.81113771719777
0.0219,97.82955731565052
0.022,97.86639651255604
0.0221,97.87253637870694
0.0222,97.8909559771597
0.0223,97.92472524098976
0.0224,97.94621477251796
0.0225,97.9584945048198
0.0226,97.97691410327255
0.0227,98.00147356787622
0.0228,98.02603303247989
0.0229,98.04138269785719
0.023,98.05673236323447
0.0231,98.08436176091361
0.0232,98.11813102474366
0.0233,98.13962055627188
0.0234,98.15804015472463
0.0235,98.17645975317738
0.0236,98.19794928470559
0.0237,98.2194388162338
0.0238,98.25013814698839
0.0239,98.26241787929023
0.024,98.29311721004483
0.0241,98.31153680849758
0.0242,98.31460674157303
0.0243,98.32381654079941
0.0244,98.35758580462945
0.0245,98.3698655369313
0.0246,98.37600540308222
0.0247,98.39749493461044
0.0248,98.4067047338368
0.0249,98.40977466691227
0.025,98.41284459998772
0.0251,98.4220543992141
0.0252,98.44354393074231
0.0253,98.46196352919506
0.0254,98.46810339534599
0.0255,98.47731319457236
0.0256,98.49880272610058
0.0257,98.50494259225148
0.0258,98.51722232455332
0.0259,98.53871185608153
0.026,98.541781789157
0.0261,98.55406152145883
0.0262,98.5786209860625
0.0263,98.58169091913797
0.0264,98.60318045066617
0.0265,98.61546018296801
0.0266,98.63080984834531
0.0267,98.64001964757169
0.0268,98.65536931294898
0.0269,98.6615091790999
0.027,98.67378891140173
0.0271,98.6768588444772
0.0272,98.69220850985448
0.0273,98.70448824215632
0.0274,98.71676797445815
0.0275,98.72290784060908
0.0276,98.72904770676
0.0277,98.73211763983545
0.0279,98.74439737213729
0.028,98.76895683674095
0.0281,98.78123656904279
0.0282,98.78430650211826
0.0283,98.7873764351937
0.0285,98.79351630134462
0.0286,98.79658623442009
0.0287,98.80272610057101
0.0288,98.80579603364646
0.0289,98.82114569902376
0.029,98.82421563209923
0.0291,98.8334254313256
0.0292,98.84570516362743
0.0293,98.8487750967029
0.0296,98.85184502977835
0.0297,98.86105482900473
0.0298,98.86412476208018
0.0299,98.8856142936084
0.03,99.05753054583411
0.0301,99.06367041198502
0.0302,99.06674034506048
0.0303,99.06981027813593
0.0304,99.0728802112114
0.0308,99.07902007736232
0.0309,99.10357954196598
0.0311,99.10664947504144
0.0312,99.11278934119237
0.0313,99.12199914041874
0.0317,99.1250690734942
0.0318,99.12813900656965
0.0321,99.13734880579604
0.0326,99.14348867194695
0.0327,99.1465586050224
0.0328,99.14962853809787
0.0329,99.15269847117332
0.033,99.17111806962609
0.0336,99.17725793577699
0.0337,99.18953766807883
0.0339,99.1926076011543
0.0342,99.19567753422976
0.0343,99.20181740038068
0.0345,99.2079572665316
0.0346,99.21716706575798
0.0348,99.22023699883343
0.0352,99.22330693190888
0.0354,99.22944679805981
0.0356,99.23251673113526
0.0359,99.23558666421071
0.0362,99.23865659728618
0.0363,99.24172653036165
0.0369,99.2447964634371
0.037,99.24786639651255
0.0371,99.25400626266348
0.0376,99.25707619573893
0.0384,99.2601461288144
0.04,99.30926505802174
0.0401,99.3123349910972
0.0404,99.3184748572481
0.0417,99.33996438877632
0.0419,99.34303432185179
0.0429,99.34610425492724
0.044,99.36759378645546
0.0442,99.37373365260638
0.046,99.4689015779456
0.0464,99.60090870019033
0.05,99.625468164794
0.0578,99.6776570270768
0.06,99.68379689322772
0.08,99.74212562166144
0.0839,99.80045435009517
0.11,99.80352428317063
0.132,99.82501381469883
0.176,99.8434334131516
0.2,99.86185301160435
0.418,99.91404187388714
0.464,100.0
