0.0028,0.14169658038919328
0.0029,1.228037030039675
0.003,3.967504250897411
0.0031,19.38409219724164
0.0032,28.046476478367655
0.0033,43.680332514641975
0.0034,56.95257887776308
0.0035,68.94010957868883
0.0036,78.00869072359721
0.0037,83.91271490648026
0.0038,86.84111090119025
0.0039,88.90988097487246
0.004,89.61836387681844
0.0041,89.8072926506707
0.0042,89.93954279236728
0.0043,90.06234649537124
0.0044,90.13791800491214
0.0045,90.27016814660873
0.0046,90.35518609484224
0.0047,90.5441148686945
0.0048,90.80861515208767
0.0049,91.22425845456263
0.005,92.0838843755904
0.0051,92.32004534290571
0.0052,92.60343850368412
0.0053,93.26468921216701
0.0054,93.38749291517098
0.0055,93.58586812771586
0.0056,93.75590402418288
0.0057,94.04874362365389
0.0058,94.12431513319478
0.0059,94.52106555828452
0.006,94.74778008690724
0.0061,94.91781598337427
0.0062,95.12563763461175
0.0063,95.32401284715662
0.0064,95.48460230493104
0.0065,95.69242395616853
0.0066,95.92858492348385
0.0067,96.10806725864349
0.0068,96.22142452295485
0.0069,96.26865671641791
0.007,96.40090685811448
0.0071,96.50481768373324
0.0072,96.59928207065937
0.0073,96.73153221235594
0.0074,96.83544303797468
0.0075,96.9299074249008
0.0076,97.01492537313433
0.0077,97.16606839221613
0.0078,97.27942565652748
0.0079,97.30776497260533
0.008,97.36444360476101
0.0081,97.46835443037975
0.0082,97.56281881730587
0.0083,97.59115813338371
0.0084,97.66672964292462
0.0085,97.67617608161723
0.0086,97.80842622331382
0.0087,97.88399773285471
0.0088,97.92178348762516
0.0089,97.96901568108824
0.009,98.00680143585868
0.0091,98.0162478745513
0.0092,98.07292650670696
0.0093,98.12015870017004
0.0094,98.17683733232572
0.0095,98.22406952578878
0.0096,98.25240884186661
0.0097,98.29019459663706
0.0098,98.29964103532967
0.0099,98.31853391271491
0.01,98.35631966748537
0.0101,98.37521254487058
0.0103,98.40355186094843
0.0105,98.44133761571887
0.0106,98.46023049310409
0.0107,98.46967693179671
0.0108,98.47912337048933
0.0109,98.50746268656717
0.011,98.51690912525977
0.0111,98.535802002645
0.0112,98.54524844133762
0.0113,98.57358775741545
0.0115,98.60192707349329
0.0116,98.6113735121859
0.0117,98.63026638957113
0.012,98.63971282826375
0.0122,98.65860570564897
0.0124,98.6774985830342
0.0128,98.69639146041942
0.0129,98.70583789911204
0.013,98.72473077649727
0.0131,98.73417721518987
0.0132,98.74362365388248
0.0136,98.77196296996033
0.0137,98.79085584734555
0.0139,98.80974872473077
0.014,98.82864160211601
0.0141,98.83808804080861
0.0142,98.84753447950123
0.0143,98.85698091819384
0.0144,98.86642735688646
0.0145,98.87587379557907
0.0146,98.88532023427167
0.0148,98.8947666729643
0.0149,98.9042131116569
0.015,98.96089174381258
0.0151,98.97033818250519
0.0152,98.98923105989043
0.0153,98.99867749858304
0.0154,99.02701681466087
0.0157,99.03646325335349
0.0159,99.0459096920461
0.016,99.05535613073872
0.0161,99.08369544681655
0.0164,99.09314188550916
0.0165,99.121481201587
0.0166,99.13092764027961
0.0167,99.14037407897223
0.0168,99.14982051766485
0.017,99.17815983374267
0.0171,99.18760627243529
0.0173,99.19705271112791
0.0174,99.21594558851314
0.0175,99.22539202720574
0.0176,99.23483846589835
0.0177,99.24428490459097
0.0186,99.25373134328358
0.02,99.46155299452106
0.0203,99.50878518798413
0.0206,99.51823162667675
0.0209,99.53712450406196
0.0223,99.71660683922161
0.0226,99.89608917438126
0.0233,99.90553561307387
0.0266,99.91498205176649
0.0446,99.93387492915171
0.0499,99.95276780653694
0.2333,100.0
