0.0053,0.03920031360250882
0.0054,0.16986802561087155
0.0055,0.3005357376192343
0.0056,0.4050699072259245
0.0057,0.5618711616359597
0.0058,0.9800078400627206
0.0059,2.3650855873513654
0.006,3.606428851430812
0.0061,5.579511302757089
0.0062,6.3112504900039195
0.0063,7.565660525284203
0.0064,8.571801907748595
0.0065,9.734744544623023
0.0066,10.649418528681563
0.0067,11.720893767150137
0.0068,13.210505684045474
0.0069,14.935319482555862
0.007,16.71240036586959
0.0071,18.384947079576637
0.0072,20.201228276492877
0.0073,21.39030445576898
0.0074,22.78844897425846
0.0075,24.225793806350453
0.0076,25.45407029922906
0.0077,27.06128315693192
0.0078,28.603162158630603
0.0079,30.145041160329285
0.008,31.895988501241344
0.0081,32.91519665490657
0.0082,34.01280543577682
0.0083,35.28028224225794
0.0084,36.06428851430811
0.0085,36.756827387952434
0.0086,37.240297922383384
0.0087,38.01123742323272
0.0088,38.52084150006533
0.0089,39.161113288906314
0.009,39.52698288252973
0.0091,40.03658695936234
0.0092,40.36325623938325
0.0093,40.89899385861754
0.0094,41.44779824905266
0.0095,42.15340389389782
0.0096,43.05501110675552
0.0097,43.74754998039984
0.0098,44.270220828433295
0.0099,44.8843590748726
0.01,45.48543055011107
0.0101,46.02116816934536
0.0102,46.63530641578466
0.0103,47.21024434862146
0.0104,47.99425062067163
0.0105,48.92199137593101
0.0106,49.73213119038286
0.0107,50.63373840324056
0.0108,51.33934404808572
0.0109,52.64602116816934
0.011,53.58682869462956
0.0111,54.18790016986803
0.0112,55.06337384032406
0.0113,55.76897948516921
0.0114,57.10179014765452
0.0115,57.79432902129884
0.0116,58.89193780216908
0.0117,59.36234156539919
0.0118,60.01568012544101
0.0119,60.5514177446753
0.012,61.04795505030707
0.0121,61.518358813537176
0.0122,62.041029661570626
0.0123,62.74663530641579
0.0124,63.63517574807265
0.0125,63.90957794329021
0.0126,64.34078139291782
0.0127,64.52371618972951
0.0128,64.85038546975042
0.0129,65.11172089376716
0.013,65.41225663138638
0.0131,65.60825819939893
0.0132,65.94799425062067
0.0133,66.13092904743237
0.0134,66.50986541225663
0.0135,67.69894159153273
0.0136,67.90800993074612
0.0137,68.02561087155364
0.0138,68.156278583562
0.0139,68.3392133803737
0.014,68.53521494838625
0.0141,68.80961714360382
0.0142,69.00561871161635
0.0143,69.16241996602639
0.0144,69.31922122043643
0.0145,69.43682216124397
0.0146,69.47602247484646
0.0147,69.61975695805566
0.0148,69.71122435646151
0.0149,69.80269175486737
0.015,70.01176009408076
0.0151,70.14242780608912
0.0152,70.16856134849078
0.0153,70.35149614530249
0.0154,70.40376323010584
0.0155,70.52136417091337
0.0156,70.73043251012675
0.0157,70.79576636613093
0.0158,70.83496667973344
0.0159,71.04403501894681
0.016,71.17470273095519
0.0161,71.26617012936104
0.0162,71.42297138377107
0.0163,71.57977263818111
0.0164,71.72350712139031
0.0165,71.82804129099699
0.0166,72.1155102574154
0.0167,72.33764536782961
0.0168,72.40297922383378
0.0169,72.80804913105972
0.017,72.93871684306808
0.0171,73.21311903828564
0.0172,73.38298706389651
0.0173,73.61818894551156
0.0174,73.70965634391742
0.0175,73.85339082712662
0.0176,73.99712531033582
0.0177,74.45446230236509
0.0178,74.61126355677511
0.0179,74.6765974127793
0.018,75.08166732000522
0.0181,75.12086763360773
0.0182,75.39526982882529
0.0183,75.46060368482948
0.0184,75.73500588004704
0.0185,75.81340650725205
0.0186,75.89180713445708
0.0187,76.07474193126879
0.0188,76.16620932967464
0.0189,76.42754475369136
0.019,76.49287860969555
0.0191,76.53207892329806
0.0192,76.61047955050307
0.0193,76.71501372010977
0.0194,76.78034757611394
0.0195,76.88488174572063
0.0196,76.92408205932314
0.0197,77.06781654253234
0.0198,77.1592839409382
0.0199,77.26381811054488
0.02,77.42061936495492
0.0201,77.52515353456161
0.0202,77.73422187377498
0.0203,77.91715667058669
0.0204,77.98249052659088
0.0205,78.11315823859924
0.0206,78.33529334901345
0.0207,78.47902783222266
0.0208,78.72729648503855
0.0209,78.85796419704691
0.021,78.98863190905527
0.0211,79.00169868025611
0.0212,79.04089899385862
0.0213,79.48516921468705
0.0214,79.52436952828957
0.0215,79.69423755390042
0.0216,79.74650463870377
0.0217,79.79877172350712
0.0218,79.89023912191297
0.0219,79.98170652031882
0.022,80.24304194433556
0.0221,80.46517705474977
0.0222,80.53051091075395
0.0223,80.56971122435647
0.0224,80.6219783091598
0.0225,80.70037893636483
0.0226,80.765712792369
0.0227,80.96171436038155
0.0228,81.23611655559911
0.0229,81.28838364040246
0.023,81.37985103880831
0.0231,81.43211812361166
0.0232,81.484385208415
0.0233,81.53665229321835
0.0234,81.56278583562002
0.0235,81.8502548020384
0.0236,81.88945511564093
0.0237,82.02012282764929
0.0238,82.03318959885011
0.0239,82.04625637005097
0.024,82.203057624461
0.0241,82.25532470926434
0.0242,82.28145825166602
0.0243,82.46439304847772
0.0244,82.55586044688357
0.0245,82.59506076048608
0.0246,82.64732784528942
0.0248,82.75186201489612
0.0249,82.83026264210113
0.025,82.85639618450281
0.0252,82.94786358290867
0.0253,83.00013066771201
0.0254,83.15693192212204
0.0255,83.31373317653208
0.0256,83.41826734613876
0.0257,83.4313341173396
0.0258,83.60120214295048
0.026,83.69266954135634
0.0261,83.78413693976219
0.0262,83.90173788056971
0.0263,83.91480465177055
0.0264,84.08467267738142
0.0265,84.16307330458643
0.0266,84.25454070299229
0.0267,84.28067424539395
0.0268,84.30680778779563
0.0269,84.35907487259898
0.027,84.37214164379981
0.0271,84.51587612700902
0.0272,84.59427675421404
0.0273,84.67267738141905
0.0274,84.77721155102574
0.0275,84.84254540702992
0.0276,84.8686789494316
0.0277,84.92094603423494
0.0278,84.94707957663661
0.0279,85.20841500065333
0.0281,85.22148177185417
0.0283,85.26068208545668
0.0284,85.28681562785836
0.0286,85.35214948386253
0.0287,85.4828171958709
0.0288,85.58735136547759
0.0289,85.61348490787927
0.029,85.65268522148178
0.0292,85.67881876388344
0.0293,85.73108584868679
0.0294,85.74415261988763
0.0295,85.83562001829348
0.0296,85.87482033189599
0.0297,85.92708741669934
0.0298,85.94015418790018
0.0299,85.99242127270351
0.03,86.03162158630603
0.0301,86.0969554423102
0.0302,86.12308898471188
0.0305,86.13615575591271
0.0306,86.16228929831439
0.0307,86.25375669672025
0.0308,86.26682346792107
0.0309,86.37135763752777
0.031,86.47589180713446
0.0312,86.5281588919378
0.0313,86.55429243433947
0.0314,86.5673592055403
0.0315,86.6326930615445
0.0316,86.67189337514701
0.0319,86.71109368874951
0.0321,86.75029400235202
0.0322,86.76336077355286
0.0323,86.80256108715537
0.0324,86.81562785835621
0.0325,86.82869462955703
0.0326,86.86789494315954
0.0327,86.88096171436038
0.0328,86.89402848556121
0.0329,86.94629557036457
0.033,87.02469619756958
0.0331,87.12923036717626
0.0332,87.15536390957794
0.0333,87.18149745197962
0.0334,87.19456422318045
0.0335,87.33829870638965
0.0336,87.41669933359468
0.0337,87.4297661047955
0.0339,87.44283287599634
0.0342,87.45589964719717
0.0343,87.5343002744022
0.0344,87.54736704560302
0.0345,87.56043381680388
0.0346,87.58656735920553
0.0347,87.61270090160721
0.0348,87.62576767280805
0.0349,87.66496798641056
0.035,87.69110152881223
0.0351,87.74336861361559
0.0352,87.75643538481641
0.0354,87.91323663922644
0.0356,87.96550372402979
0.0357,87.99163726643147
0.0358,88.07003789363648
0.0359,88.23990591924735
0.036,88.2921730040507
0.0361,88.35750686005488
0.0366,88.37057363125572
0.0368,88.4751078008624
0.0369,88.50124134326408
0.037,88.54044165686659
0.0371,88.56657519926826
0.0372,88.5796419704691
0.0373,88.63190905527244
0.0374,88.68417614007579
0.0375,88.71030968247746
0.0376,88.73644322487914
0.0377,88.77564353848165
0.0378,88.89324447928917
0.0379,88.90631125049
0.0381,88.91937802169085
0.0382,88.99777864889586
0.0383,89.0500457336992
0.0384,89.07617927610087
0.0385,89.10231281850255
0.0386,89.11537958970338
0.0387,89.12844636090422
0.0388,89.14151313210506
0.0389,89.18071344570757
0.039,89.23298053051091
0.0391,89.29831438651509
0.0392,89.42898209852346
0.0393,89.61191689533517
0.0394,89.74258460734352
0.0395,89.78178492094604
0.04,89.88631909055272
0.0401,89.89938586175356
0.0402,89.92551940415522
0.0403,89.96471971775775
0.0404,90.08232065856528
0.0405,90.10845420096693
0.0406,90.17378805697113
0.0407,90.22605514177447
0.0408,90.34365608258199
0.0411,90.35672285378283
0.0414,90.36978962498367
0.0416,90.73565921860708
0.0417,90.76179276100875
0.0427,90.77485953220959
0.0428,90.78792630341043
0.0429,90.80099307461126
0.0431,90.84019338821378
0.0434,91.03619495622631
0.0435,91.12766235463216
0.0436,91.17992943943551
0.0437,91.25833006664054
0.0438,91.36286423624722
0.0439,91.41513132105057
0.044,91.57193257546061
0.0441,91.85940154187901
0.0442,92.27753822030577
0.0443,92.4343394747158
0.0444,92.46047301711748
0.0445,92.49967333071997
0.0446,92.578073957925
0.0447,92.81327583954005
0.0448,93.30981314517183
0.0449,93.6626159675944
0.045,93.98928524761531
0.0451,94.21142035802953
0.0452,94.23755390043121
0.0453,94.25062067163203
0.0454,94.26368744283288
0.0457,94.27675421403372
0.0498,99.58186332157324
0.052,99.68639749117993
0.0525,99.83013197438912
0.0572,99.93466614399583
0.0625,99.9607996863975
0.0833,99.97386645759832
0.525,100.0
