0.0064,0.0028982986986638842
0.0065,0.08694896095991653
0.0066,0.25215198678375794
0.0067,0.6666087006926934
0.0068,1.1332347911775789
0.0069,1.3969799727559922
0.007,1.5216068167985393
0.0071,1.6694200504303973
0.0072,1.733182621801003
0.0073,1.8114366866649276
0.0074,1.9099788424195
0.0075,2.202707010984552
0.0076,2.75338376373069
0.0077,3.5098397240819637
0.0078,5.028548242181839
0.0079,5.8777497608903575
0.008,6.88635770802539
0.0081,7.845694577283135
0.0082,8.897777004898124
0.0083,10.17882502970756
0.0084,11.204822769034577
0.0085,12.613395936585226
0.0086,14.381358142770193
0.0087,15.708778946758253
0.0088,16.873895023621134
0.0089,18.010028113497377
0.009,19.24470335912819
0.0091,20.51415818914297
0.0092,21.783613019157755
0.0093,22.853085238964727
0.0094,23.870388082195753
0.0095,25.000724574674667
0.0096,26.583195664145148
0.0097,28.171463351012953
0.0098,29.977103440280555
0.0099,31.443642581804482
0.01,33.098571138741555
0.0101,34.55351708547083
0.0102,36.25192012288787
0.0103,38.01408573167551
0.0104,39.55018404196737
0.0105,40.76167289800887
0.0106,42.10358519549025
0.0107,43.63388690838478
0.0108,44.73234211517839
0.0109,46.059762919166445
0.011,47.33211604787989
0.0111,48.691418137553256
0.0112,50.11738109729589
0.0113,51.36364953772136
0.0114,52.59252818595485
0.0115,53.85038982117497
0.0116,55.212590209546995
0.0117,56.62116337709764
0.0118,58.04712633684027
0.0119,59.18325942671652
0.012,60.53966321769122
0.0121,61.93084659304988
0.0122,62.95974263107556
0.0123,64.13355360403443
0.0124,65.0841955771962
0.0125,66.03193925165928
0.0126,66.93620844564241
0.0127,68.052053444628
0.0128,68.81720430107528
0.0129,69.62872793670115
0.013,70.42576007883372
0.0131,71.12425006521173
0.0132,71.95316349302959
0.0133,72.79077181694346
0.0134,73.66605802393995
0.0135,74.35875141292063
0.0136,75.10361417847723
0.0137,75.7731211778686
0.0138,76.39335709938267
0.0139,77.05416920267803
0.014,77.82511665652262
0.0141,78.41347129235139
0.0142,79.13224936962003
0.0143,79.84233255079268
0.0144,80.46836506970408
0.0145,81.16685505608207
0.0146,81.70883691273222
0.0147,82.22183578239573
0.0148,82.73193635336058
0.0149,83.13479987247486
0.015,83.49418891110918
0.0151,83.85937454714083
0.0152,84.17239080659652
0.0153,84.45932237776425
0.0154,84.70277946845202
0.0155,84.92594846824913
0.0156,85.19549024722488
0.0157,85.4737269222966
0.0158,85.66211633770976
0.0159,85.88238703880822
0.016,86.1490305190853
0.0161,86.3808944149784
0.0162,86.67652088224213
0.0163,86.90258818073791
0.0164,87.1199605831377
0.0165,87.36631597252413
0.0166,87.69092542677448
0.0167,87.90539953047562
0.0168,88.1227719328754
0.0169,88.31116134828856
0.017,88.51983885459236
0.0171,88.65316059473089
0.0172,88.82416021795207
0.0173,89.00965133466656
0.0174,89.20383734747703
0.0175,89.38643016549285
0.0176,89.54003999652204
0.0177,89.70814132104454
0.0178,89.84725965858041
0.0179,90.00376778830827
0.018,90.16317421673477
0.0181,90.27620786598267
0.0182,90.39213981392923
0.0183,90.51966495667043
0.0184,90.64429180071298
0.0185,90.81529142393416
0.0186,90.93701996927803
0.0187,91.1254093846912
0.0188,91.25003622873373
0.0189,91.40074776106427
0.019,91.55145929339477
0.0191,91.65000144914936
0.0192,91.79491638408254
0.0193,91.90215343593312
0.0194,92.0470683708663
0.0195,92.14850882531954
0.0196,92.2557458771701
0.0197,92.39196591600731
0.0198,92.47601657826856
0.0199,92.59774512361244
0.02,92.71657537025766
0.0201,92.84699881169753
0.0202,92.97162565574007
0.0203,93.06726951279599
0.0204,93.18320146074255
0.0205,93.27884531779846
0.0206,93.37738747355301
0.0207,93.47013303191028
0.0208,93.56867518766484
0.0209,93.62953946033679
0.021,93.75996290177666
0.0211,93.81503057705127
0.0212,93.92226762890184
0.0213,94.01791148595774
0.0214,94.10486044691766
0.0215,94.18601281048025
0.0216,94.22369069356287
0.0217,94.32223284931746
0.0218,94.36280903109875
0.0219,94.45265629075733
0.022,94.52221545952526
0.0221,94.56858823870388
0.0222,94.70190997884242
0.0223,94.76277425151436
0.0224,94.80624873199433
0.0225,94.85841810857026
0.0226,94.9279772773382
0.0227,94.9772483552155
0.0228,95.04680752398342
0.0229,95.08738370576472
0.023,95.19462075761528
0.0231,95.2322986406979
0.0232,95.31055270556183
0.0233,95.35692548474046
0.0234,95.40909486131642
0.0235,95.44677274439903
0.0236,95.49604382227632
0.0237,95.55690809494827
0.0238,95.60907747152422
0.0239,95.65834854940151
0.024,95.6989247311828
0.0241,95.76558560125207
0.0242,95.82065327652668
0.0243,95.89890734139061
0.0244,95.92499202967858
0.0245,95.97716140625452
0.0246,96.02933078283048
0.0247,96.06700866591311
0.0248,96.13077123728372
0.0249,96.16265252296901
0.025,96.23510999043562
0.0251,96.26988957481957
0.0252,96.31916065269687
0.0253,96.3568385357795
0.0254,96.38002492536882
0.0255,96.42639770454743
0.0256,96.4611772889314
0.0257,96.50755006811002
0.0258,96.54522795119264
0.0259,96.58580413297393
0.026,96.65826160044054
0.0261,96.69593948352318
0.0262,96.70463437961916
0.0263,96.7741935483871
0.0264,96.81187143146973
0.0265,96.84085441845637
0.0266,96.90751528852563
0.0267,96.95968466510159
0.0268,96.98576935338956
0.0269,97.01185404167754
0.027,97.06112511955483
0.0271,97.09300640524012
0.0272,97.12778598962409
0.0273,97.17705706750137
0.0274,97.18575196359737
0.0275,97.214734950584
0.0276,97.24951453496797
0.0277,97.29009071674926
0.0278,97.30458221024259
0.0279,97.3277685998319
0.028,97.35385328811988
0.0281,97.37703967770919
0.0282,97.41181926209315
0.0283,97.41761585949048
0.0284,97.46688693736778
0.0285,97.50746311914907
0.0286,97.55963249572501
0.0287,97.57412398921834
0.0288,97.58861548271165
0.0289,97.64658145668493
0.029,97.71034402805553
0.0291,97.73932701504216
0.0292,97.75381850853549
0.0293,97.7770048981248
0.0294,97.84946236559139
0.0295,97.92771643045532
0.0296,97.96539431353796
0.0297,97.97119091093528
0.0298,98.00886879401791
0.0299,98.05524157319654
0.03,98.11610584586847
0.0301,98.13059733936178
0.0302,98.15378372895111
0.0303,98.16537692374577
0.0304,98.20885140422571
0.0305,98.23203779381502
0.0306,98.27261397559633
0.0307,98.28130887169232
0.0308,98.30449526128163
0.0309,98.33057994956961
0.031,98.35666463785758
0.0311,98.40013911833753
0.0312,98.44941019621483
0.0313,98.45520679361215
0.0314,98.45810509231082
0.0315,98.47549488450281
0.0316,98.48418978059878
0.0317,98.51896936498275
0.0318,98.55664724806539
0.032,98.57693533895603
0.0321,98.58852853375069
0.0322,98.60591832594268
0.0323,98.63490131292932
0.0324,98.68707068950526
0.0325,98.70446048169724
0.0326,98.71895197519056
0.0329,98.75662985827319
0.033,98.79430774135582
0.0331,98.80590093615048
0.0332,98.83198562443846
0.0333,99.00588354635829
0.0335,99.01168014375563
0.0336,99.0203750398516
0.0337,99.03196823464626
0.0338,99.04935802683823
0.0339,99.05805292293424
0.034,99.06674781903023
0.0341,99.08703590992087
0.0342,99.08993420861954
0.0343,99.09573080601687
0.0344,99.09862910471553
0.0345,99.1015274034142
0.0346,99.11601889690752
0.0347,99.12761209170216
0.0349,99.13051039040084
0.035,99.13630698779816
0.0352,99.13920528649682
0.0353,99.1421035851955
0.0355,99.15659507868881
0.0356,99.19427296177143
0.0357,99.20876445526477
0.0358,99.21745935136074
0.0359,99.23195084485407
0.036,99.23484914355274
0.0363,99.2377474422514
0.0365,99.24354403964873
0.0366,99.25223893574471
0.0367,99.26962872793669
0.0368,99.2783236240327
0.0369,99.28412022143002
0.037,99.28991681882735
0.0371,99.301510013622
0.0372,99.30730661101933
0.0373,99.31889980581398
0.0375,99.32179810451265
0.0376,99.3246964032113
0.0378,99.32759470190999
0.0379,99.35078109149929
0.038,99.35947598759527
0.0381,99.3739674810886
0.0382,99.39135727328059
0.0383,99.39425557197924
0.0385,99.40295046807523
0.0386,99.40584876677391
0.039,99.41454366286989
0.0392,99.42613685766455
0.0393,99.43483175376055
0.0394,99.4377300524592
0.0395,99.44352664985654
0.0396,99.45222154595253
0.0399,99.46091644204851
0.04,99.4783062342405
0.0402,99.48120453293916
0.0407,99.4870011303365
0.041,99.50728922122714
0.0412,99.5188824160218
0.0413,99.53047561081645
0.0414,99.53917050691244
0.0415,99.54496710430976
0.0417,99.5507637017071
0.0422,99.56235689650175
0.0424,99.56815349389908
0.0428,99.57684838999508
0.043,99.57974668869373
0.0431,99.59713648088572
0.0432,99.60583137698171
0.0433,99.61162797437903
0.0434,99.61742457177637
0.0444,99.68698374054429
0.0445,99.69278033794163
0.045,99.70727183143495
0.0452,99.71017013013362
0.0453,99.71596672753094
0.0455,99.73045822102425
0.0457,99.74494971451759
0.046,99.75074631191491
0.0462,99.75654290931223
0.0478,99.7594412080109
0.0479,99.77103440280555
0.048,99.77393270150422
0.0486,99.78552589629888
0.0487,99.78842419499753
0.049,99.81161058458684
0.0491,99.81450888328551
0.0492,99.82320377938152
0.0494,99.84059357157349
0.0495,99.84639016897081
0.0496,99.86088166246412
0.0497,99.8637799611628
0.0498,99.86667825986146
0.0532,100.0
