0.0022,0.16290527654164016
0.0023,0.5205022250476796
0.0024,1.4343610934520026
0.0025,2.817069294342022
0.0026,4.7004132231404965
0.0027,8.669739351557533
0.0028,13.354259376986649
0.0029,18.694373808010173
0.003,23.156389065479974
0.0031,27.0979020979021
0.0032,30.856643356643353
0.0033,34.94516846789574
0.0034,38.433725365543545
0.0035,41.46932612841704
0.0036,44.69564526382708
0.0037,48.120629370629366
0.0038,50.421169739351555
0.0039,52.765416401780044
0.004,55.28448823903369
0.0041,58.3041958041958
0.0042,60.77956134774316
0.0043,63.12380801017164
0.0044,65.53560076287349
0.0045,68.01891290527654
0.0046,69.77908455181182
0.0047,71.4319771137953
0.0048,73.23982835346472
0.0049,75.0079465988557
0.005,77.04227590591228
0.0051,78.9574062301335
0.0052,80.80101716465353
0.0053,82.37047043865225
0.0054,83.52670057215512
0.0055,84.57962492053402
0.0056,85.81134774316592
0.0057,86.68944691671965
0.0058,87.66687857596949
0.0059,88.64431023521932
0.006,89.83232676414494
0.0061,90.63493324856961
0.0062,91.46137952956136
0.0063,92.20835982199618
0.0064,92.78448823903369
0.0065,93.32883026064845
0.0066,93.72616020343293
0.0067,94.17514303877941
0.0068,94.59233947870311
0.0069,94.94596312778131
0.007,95.29561347743166
0.0071,95.68499682136046
0.0072,96.02272727272727
0.0073,96.33264462809917
0.0074,96.63858868404323
0.0075,97.0955181182454
0.0076,97.30610298792118
0.0077,97.52066115702479
0.0078,97.74713922441195
0.0079,97.98553719008265
0.008,98.16433566433567
0.0081,98.3272409408773
0.0082,98.5576923076923
0.0083,98.78019707565161
0.0084,99.14574062301334
0.0085,99.19342021614749
0.0086,99.26891290527654
0.0087,99.30864589955499
0.0088,99.34043229497776
0.0089,99.39208518753973
0.009,99.41989828353465
0.0091,99.45565797838525
0.0092,99.47155117609663
0.0093,99.5033375715194
0.0094,99.59472345835982
0.0095,99.6185632549269
0.0096,99.62253655435474
0.0097,99.64240305149396
0.0098,99.64637635092181
0.0099,99.65829624920534
0.01,99.68213604577241
0.0101,99.69802924348379
0.0104,99.70200254291164
0.0105,99.70994914176732
0.0106,99.717895740623
0.0107,99.72186904005086
0.0108,99.72981563890654
0.0111,99.74173553719008
0.0112,99.76160203432931
0.0113,99.77749523204069
0.0117,99.78941513032422
0.0118,99.79736172917991
0.0119,99.80928162746345
0.0123,99.82517482517483
0.0124,99.82914812460267
0.0125,99.83709472345836
0.0129,99.8410680228862
0.0133,99.8490146217419
0.0134,99.86093452002542
0.0135,99.86490781945328
0.0137,99.86888111888112
0.0138,99.88080101716466
0.0139,99.8847743165925
0.0141,99.89272091544818
0.0148,99.90861411315957
0.0149,99.91656071201525
0.0163,99.92053401144311
0.0164,99.94437380801017
0.0169,99.94834710743802
0.018,99.95232040686585
0.0188,100.0
