0.003,0.0970912261234842
0.0031,0.6538796861377506
0.0032,1.3473884441626376
0.0033,2.244986922406277
0.0034,4.198700166442102
0.0035,7.202583815487042
0.0036,10.785051914084171
0.0037,14.668700959023539
0.0038,19.281524926686217
0.0039,23.47428073234525
0.004,27.433225013870178
0.0041,31.2316715542522
0.0042,34.8339541887929
0.0043,38.87017516049774
0.0044,42.93413648252358
0.0045,46.52453039549814
0.0046,49.95442656732979
0.0047,53.19212174050884
0.0048,55.892842989617186
0.0049,58.74415471189665
0.005,61.49044939367519
0.0051,64.03067290164064
0.0052,66.43615756518983
0.0053,68.35816755171594
0.0054,70.01268130300389
0.0055,71.7424902908774
0.0056,73.27415391931521
0.0057,74.71268922881826
0.0058,75.9728937148292
0.0059,77.18752476816992
0.006,78.47745105809622
0.0061,79.46817785527462
0.0062,80.60949512562415
0.0063,81.72901640643576
0.0064,82.57707854482048
0.0065,83.43306649758263
0.0066,84.27320282158992
0.0067,85.14702385670128
0.0068,85.68597923436633
0.0069,86.2328604264088
0.007,86.85701830863121
0.0071,87.38804787191884
0.0072,87.86954109534754
0.0073,88.39066339066339
0.0074,88.86819370690338
0.0075,89.32789094079416
0.0076,90.01743679163035
0.0077,90.44939367520013
0.0078,90.8179440437505
0.0079,91.1528097011968
0.008,91.58476658476658
0.0081,91.95926131410003
0.0082,92.33375604343347
0.0083,92.66069588650234
0.0084,92.9836728223825
0.0085,93.37005627328207
0.0086,93.69105175556788
0.0087,94.00412142347626
0.0088,94.2597289371483
0.0089,94.50344772925419
0.009,94.77094396449235
0.0091,95.0760878180233
0.0092,95.3515098676389
0.0093,95.57937703098993
0.0094,95.78346675120869
0.0095,95.99944519299358
0.0096,96.17183165570262
0.0097,96.35610683997781
0.0098,96.5443449314417
0.0099,96.72267575493382
0.01,96.91289529999207
0.0101,97.05952286597449
0.0102,97.20615043195689
0.0103,97.38448125544899
0.0104,97.47562812078941
0.0105,97.60442260442261
0.0106,97.69755092335738
0.0107,97.81643813901879
0.0108,97.8937148291987
0.0109,97.95712134421812
0.011,98.02647222002061
0.0111,98.10969327098358
0.0112,98.20282158991837
0.0113,98.28009828009829
0.0114,98.3851153205992
0.0115,98.48418800031703
0.0116,98.52381707220417
0.0117,98.55750178330823
0.0118,98.59713085519537
0.0119,98.64072283427122
0.012,98.69422208131886
0.0121,98.73186969961164
0.0122,98.77546167868748
0.0123,98.8111278433859
0.0124,98.85273836886739
0.0125,98.89038598716017
0.0126,98.93001505904732
0.0127,98.96568122374573
0.0128,99.00729174922724
0.0129,99.03899500673694
0.013,99.06673535705794
0.0131,99.10240152175635
0.0132,99.13212332567171
0.0133,99.15788222239836
0.0134,99.19751129428549
0.0135,99.20741856225727
0.0136,99.22128873741777
0.0137,99.2430847269557
0.0138,99.25695490211619
0.0139,99.2708250772767
0.014,99.28271379884283
0.0141,99.29658397400333
0.0142,99.31243560275819
0.0143,99.31837996354126
0.0144,99.32828723151303
0.0145,99.34413886026789
0.0146,99.35404612823969
0.0147,99.36593484980581
0.0148,99.37187921058889
0.0149,99.38574938574939
0.015,99.40160101450424
0.0151,99.40556392169296
0.0152,99.4174526432591
0.0153,99.43132281841959
0.0154,99.43726717920266
0.0155,99.4451929935801
0.0156,99.45510026155188
0.0157,99.46500752952366
0.0158,99.47293334390108
0.0159,99.47491479749544
0.016,99.48284061187287
0.0161,99.48878497265594
0.0162,99.49472933343901
0.0163,99.49869224062773
0.0164,99.5085995085995
0.0165,99.51850677657129
0.0166,99.52643259094872
0.0167,99.53435840532615
0.0168,99.54426567329793
0.0169,99.59974637393992
0.017,99.60370928112864
0.0171,99.6096536419117
0.0172,99.61361654910043
0.0174,99.61559800269477
0.0175,99.62154236347784
0.0176,99.62946817785527
0.0177,99.63144963144963
0.0179,99.633431085044
0.018,99.63541253863835
0.0184,99.64531980661013
0.0185,99.64928271379885
0.0186,99.65324562098755
0.0187,99.65918998177062
0.0189,99.66117143536498
0.019,99.6651343425537
0.0191,99.67306015693113
0.0192,99.68693033209163
0.0193,99.69485614646905
0.0194,99.70080050725213
0.0196,99.70278196084648
0.0198,99.70674486803519
0.0199,99.71268922881826
0.02,99.71467068241262
0.0201,99.71665213600699
0.0206,99.71863358960134
0.0207,99.7245779503844
0.0208,99.73052231116746
0.0209,99.73448521835618
0.021,99.74241103273361
0.0214,99.74439248632797
0.0217,99.74637393992232
0.0219,99.74835539351669
0.022,99.7523183007054
0.0221,99.75826266148847
0.0222,99.76024411508283
0.0224,99.76618847586589
0.023,99.80383609415867
0.0238,99.80978045494174
0.0239,99.8117619085361
0.024,99.81968772291353
0.0242,99.82761353729096
0.0255,99.96235238170722
0.0269,99.98414837124514
0.0306,99.98811127843385
0.0307,99.99207418562257
0.0319,99.99405563921692
0.0384,99.99801854640565
0.0461,100.0
