0.0079,0.004196303057006777
0.008,0.05035563668408132
0.0081,0.10280942489666604
0.0082,0.23289481966387612
0.0083,0.4259247602861878
0.0084,0.6462306707790436
0.0085,0.9987201275676129
0.0086,1.2190260380604687
0.0087,1.3847800088122364
0.0088,1.5274543127504667
0.0089,1.6260674345901263
0.009,1.7939195568703972
0.0091,1.9030234363525733
0.0092,2.0813663162753615
0.0093,2.2450221354986257
0.0094,2.343635257338285
0.0095,2.4821132582195085
0.0096,2.733891441639915
0.0097,2.874467594049642
0.0098,3.036025261744403
0.0099,3.229055202366715
0.01,3.6193113866683455
0.0101,3.9948805102704514
0.0102,4.30330878496045
0.0103,4.7753928788737126
0.0104,5.262164033486498
0.0105,5.8328612492394205
0.0106,6.844170285978053
0.0107,7.561738108726212
0.0108,8.998971905751034
0.0109,10.589370764356602
0.011,12.251106774931285
0.0111,14.219172908667463
0.0112,15.731940160718407
0.0113,17.43144289880615
0.0114,19.462453578397433
0.0115,21.49766056104572
0.0116,23.451039634082374
0.0117,25.872306497975284
0.0118,27.89912087450956
0.0119,29.81473322003315
0.012,32.114307295272866
0.0121,34.869180252197815
0.0122,37.26946560080569
0.0123,39.5060951301903
0.0124,41.629424477035734
0.0125,43.910115188518915
0.0126,45.706132896917815
0.0127,47.35527999832148
0.0128,49.086255009336774
0.0129,50.65567235265731
0.013,52.149556240951725
0.0131,53.565808522691505
0.0132,55.04080904722939
0.0133,56.55987075386585
0.0134,58.10411027884433
0.0135,59.52455886364113
0.0136,60.53376974885126
0.0137,61.55766769476092
0.0138,62.407419063804795
0.0139,63.28864270577621
0.014,64.36289628836994
0.0141,65.47701475000525
0.0142,66.49042193827238
0.0143,67.40521600469987
0.0144,68.2318877069302
0.0145,69.04806865151801
0.0146,69.88103480833385
0.0147,70.63427120706658
0.0148,71.4504521516544
0.0149,72.132351398418
0.015,72.94433603994881
0.0151,73.47097207360316
0.0152,74.1193008959107
0.0153,74.8032982942028
0.0154,75.50408090472294
0.0155,76.16919493925852
0.0156,76.82591636768007
0.0157,77.32947273452089
0.0158,77.91485701097334
0.0159,78.45198380227019
0.016,78.98701244203856
0.0161,79.5661022639055
0.0162,80.13470132812992
0.0163,80.58370575522964
0.0164,81.00543421245882
0.0165,81.40408300287447
0.0166,81.82581146010365
0.0167,82.28530664484589
0.0168,82.79515746627222
0.0169,83.21059146891588
0.017,83.73932565409874
0.0171,84.1547596567424
0.0172,84.65202156899771
0.0173,85.04017960177083
0.0174,85.74096221229097
0.0175,86.06197939615198
0.0176,86.3767021254275
0.0177,86.69981746081702
0.0178,87.00824573550702
0.0179,87.29149619185497
0.018,87.52229285999034
0.0181,87.71532280061265
0.0182,87.97549359014708
0.0183,88.1769161368834
0.0184,88.38882944126225
0.0185,88.6007427456411
0.0186,88.82734311071945
0.0187,89.06863053649735
0.0188,89.32250687144627
0.0189,89.54910723652462
0.019,89.72954826797591
0.0191,89.90998929942721
0.0192,90.08413587629298
0.0193,90.2771658169153
0.0194,90.41774196932502
0.0195,90.54363106103523
0.0196,90.69679612261598
0.0197,90.8352741234972
0.0198,90.98424288202094
0.0199,91.17097836805775
0.02,91.44793436982019
0.0201,91.61788464362897
0.0202,91.73328297769665
0.0203,91.90952770609093
0.0204,92.03541679780113
0.0205,92.18018925326787
0.0206,92.30607834497808
0.0207,92.42777113363128
0.0208,92.57883804368352
0.0209,92.7592790751348
0.021,92.92293489435806
0.0211,93.07400180441032
0.0212,93.22926501751957
0.0213,93.38452823062882
0.0214,93.52510438303854
0.0215,93.65728792933426
0.0216,93.76639180881642
0.0217,93.86080862759908
0.0218,94.0517404166929
0.0219,94.19861102368813
0.022,94.3643649944399
0.0221,94.49864669226412
0.0222,94.64341914773084
0.0223,94.74203226957052
0.0224,94.85323430058119
0.0225,94.98961414993391
0.0226,95.1071106355301
0.0227,95.23929418182581
0.0228,95.36518327353602
0.0229,95.48897421371771
0.023,95.56450766874384
0.0231,95.65682633599799
0.0232,95.77851912465118
0.0233,95.87503409496234
0.0234,95.97574536833051
0.0235,96.0953400054552
0.0236,96.19814943035186
0.0237,96.30515515830554
0.0238,96.4121608862592
0.0239,96.48979249281383
0.024,96.57371855395397
0.0241,96.64505570592308
0.0242,96.75415958540525
0.0243,96.86955791947295
0.0244,96.95138582908459
0.0245,97.06888231468078
0.0246,97.19477140639097
0.0247,97.29548267975913
0.0248,97.40248840771281
0.0249,97.49061077190994
0.025,97.67314995488974
0.0251,97.73189819768784
0.0252,97.78854828895743
0.0253,97.83051131952749
0.0254,97.88296510774008
0.0255,97.93751704748117
0.0256,97.97528377499422
0.0257,98.0172468055643
0.0258,98.06970059377689
0.0259,98.15362665491702
0.026,98.19349153395859
0.0261,98.23965086758565
0.0262,98.27112314051321
0.0263,98.3235769287258
0.0264,98.35085289859634
0.0265,98.38652147458089
0.0266,98.42219005056545
0.0267,98.462054929607
0.0268,98.48933089947755
0.0269,98.51870502087661
0.027,98.55227544533265
0.0271,98.57115880908918
0.0272,98.61521999118776
0.0273,98.64879041564382
0.0274,98.67396823398586
0.0275,98.70124420385639
0.0276,98.74110908289796
0.0277,98.76209059818301
0.0278,98.78517026499654
0.0279,98.81034808333858
0.028,98.83762405320913
0.0281,98.86699817460817
0.0282,98.89847044753573
0.0283,98.91315750823524
0.0284,98.92994272046327
0.0285,98.94253162963429
0.0286,98.95931684186232
0.0287,98.97610205409035
0.0288,98.98869096326138
0.0289,99.00127987243239
0.029,99.03485029688845
0.0291,99.04743920605947
0.0292,99.05792996370198
0.0293,99.066322569816
0.0294,99.07891147898701
0.0295,99.10199114580055
0.0296,99.11667820650007
0.0297,99.1313652671996
0.0298,99.14815047942763
0.0299,99.16913199471266
0.03,99.1922116615262
0.0301,99.20899687375422
0.0302,99.21948763139675
0.0303,99.23207654056776
0.0304,99.24886175279579
0.0305,99.2593525104383
0.0306,99.27194141960932
0.0307,99.27823587419483
0.0308,99.28243217725185
0.0309,99.29502108642286
0.031,99.30551184406538
0.0311,99.3160026017079
0.0312,99.32229705629341
0.0313,99.32859151087892
0.0314,99.34118042004994
0.0315,99.34747487463544
0.0316,99.35586748074947
0.0317,99.36006378380647
0.0318,99.36426008686348
0.0319,99.36635823839197
0.032,99.37055454144898
0.0321,99.3768489960345
0.0322,99.3810452990915
0.0323,99.38943790520551
0.0324,99.39573235979103
0.0325,99.39783051131953
0.0326,99.39992866284804
0.0327,99.40622311743354
0.0328,99.40832126896204
0.0329,99.41041942049054
0.033,99.41461572354756
0.0331,99.41671387507606
0.0332,99.42510648119007
0.0333,99.42720463271858
0.0334,99.42930278424707
0.0335,99.43349908730409
0.0336,99.43769539036109
0.0337,99.4439898449466
0.0338,99.4481861480036
0.0339,99.45657875411761
0.0341,99.46497136023163
0.0343,99.46916766328864
0.0344,99.47336396634566
0.0345,99.47965842093116
0.0346,99.48805102704517
0.0347,99.49224733010217
0.0348,99.49644363315919
0.0349,99.5069343908017
0.035,99.51322884538722
0.0351,99.51742514844422
0.0352,99.51952329997272
0.0353,99.52371960302972
0.0354,99.53421036067225
0.0356,99.53630851220076
0.0357,99.54050481525776
0.0358,99.54260296678626
0.0359,99.54470111831476
0.036,99.54889742137178
0.0361,99.55519187595728
0.0362,99.55938817901429
0.0363,99.56358448207129
0.0364,99.5740752397138
0.0365,99.57617339124232
0.0366,99.58246784582782
0.0367,99.58876230041334
0.0368,99.59505675499885
0.0369,99.59925305805585
0.037,99.61184196722688
0.0371,99.61394011875538
0.0372,99.61813642181238
0.0373,99.6244308763979
0.0375,99.6286271794549
0.0376,99.63072533098341
0.0378,99.63282348251191
0.0379,99.63911793709742
0.0382,99.64331424015442
0.0383,99.64751054321142
0.0384,99.64960869473994
0.0385,99.65170684626844
0.0386,99.65590314932544
0.0387,99.66429575543945
0.0388,99.66639390696797
0.0389,99.66849205849645
0.039,99.67478651308197
0.0392,99.68108096766748
0.0393,99.69157172531
0.0394,99.69366987683851
0.0395,99.69996433142401
0.0396,99.70416063448101
0.0398,99.70625878600953
0.0399,99.71255324059504
0.04,99.72304399823754
0.0403,99.72933845282306
0.0406,99.73353475588007
0.0408,99.73773105893707
0.041,99.74192736199409
0.0413,99.74612366505109
0.0415,99.7482218165796
0.0416,99.75031996810809
0.0417,99.7524181196366
0.042,99.75661442269362
0.0425,99.76290887727912
0.0426,99.77339963492163
0.043,99.78389039256416
0.0439,99.78598854409265
0.044,99.8216571200772
0.0444,99.82375527160572
0.0445,99.82795157466272
0.045,99.83004972619123
0.0451,99.83214787771972
0.0453,99.83424602924823
0.0458,99.83634418077673
0.0472,99.84263863536225
0.0475,99.84473678689075
0.0479,99.84683493841925
0.0482,99.84893308994775
0.0488,99.85522754453326
0.0491,99.86781645370428
0.0498,99.8699146052328
0.05,99.88669981746082
0.0504,99.89089612051782
0.0505,99.89299427204634
0.0509,99.89509242357482
0.0511,99.89928872663184
0.0519,99.90138687816034
0.052,99.90977948427435
0.0525,99.92866284803088
0.0533,99.93076099955938
0.0538,99.9370554541449
0.055,99.98321478777197
0.0573,99.98531293930047
0.063,100.0
