0.0027,0.08766263726123466
0.0028,0.5352034695949064
0.0029,3.0358955430469687
0.003,6.0579496170526905
0.0031,10.91630525053059
0.0032,14.911875980437388
0.0033,19.442650179939097
0.0034,22.773830395866014
0.0035,27.12927932084525
0.0036,31.03718741349082
0.0037,34.60828642613269
0.0038,38.59001568699825
0.0039,42.22570822183261
0.004,45.83371781858448
0.0041,49.164898034511396
0.0042,52.43148472824583
0.0043,55.40740057211405
0.0044,58.54941404447725
0.0045,61.1239272861493
0.0046,63.57848112946387
0.0047,66.35138876072713
0.0048,68.04004798375935
0.0049,69.92248777336901
0.005,71.91565931530867
0.0051,72.99529390052597
0.0052,74.13952200793578
0.0053,75.22838423918058
0.0054,76.0358032665867
0.0055,77.03238903755651
0.0056,77.85364953400388
0.0057,78.8779182430562
0.0058,79.52846728799483
0.0059,80.43277659868967
0.006,81.06487035157332
0.0061,82.17218787487312
0.0062,82.80428162775677
0.0063,83.44098920365414
0.0064,83.96696502722155
0.0065,84.48371320476147
0.0066,85.0696687275076
0.0067,85.54027867491003
0.0068,86.01550244532619
0.0069,86.39844975546738
0.007,86.95672234013104
0.0071,87.4504014026022
0.0072,87.87487311986712
0.0073,88.2855033680908
0.0074,88.58540186398449
0.0075,88.88991418289194
0.0076,89.09753621851065
0.0077,89.39743471440435
0.0078,89.72501614838055
0.0079,89.93263818399926
0.008,90.2186952108517
0.0081,90.48168312263542
0.0082,90.79542308757036
0.0083,92.0088585401864
0.0084,92.15188705361263
0.0085,92.2903017440251
0.0086,92.40564731936884
0.0087,92.50715142567131
0.0088,92.61326935498754
0.0089,92.72861493033128
0.009,92.85780197471625
0.0091,92.98237519608747
0.0092,93.05619636430747
0.0093,93.13924517855496
0.0094,93.26381839992618
0.0095,93.38377779828366
0.0096,93.47144043554489
0.0097,93.56371689581988
0.0098,93.63753806403986
0.0099,93.71135923225985
0.01,93.78518040047985
0.0101,93.91898126787856
0.0102,93.99280243609856
0.0103,94.0527821352773
0.0104,94.11737565746978
0.0105,94.19119682568977
0.0106,94.30192857801974
0.0107,94.38036356925348
0.0108,94.45879856048722
0.0109,94.54646119774846
0.011,94.62951001199595
0.0111,94.69871735720218
0.0112,94.75869705638091
0.0113,94.81867675555966
0.0114,94.8971117467934
0.0115,94.96631909199962
0.0116,95.06320937528837
0.0117,95.12780289748085
0.0118,95.16932730460461
0.0119,95.23853464981083
0.012,95.33542493309956
0.0121,95.3954046322783
0.0122,95.4507705084433
0.0123,95.50152256159453
0.0124,95.57072990680078
0.0125,95.61686813693827
0.0126,95.64455107502077
0.0127,95.750669004337
0.0128,95.78296576543323
0.0129,95.82449017255698
0.013,95.85678693365323
0.0131,95.89369751776321
0.0132,95.93522192488696
0.0133,96.0044292700932
0.0134,96.05979514625818
0.0135,96.12900249146443
0.0136,96.17514072160192
0.0137,96.2489618898219
0.0138,96.2766448279044
0.0139,96.32278305804189
0.014,96.36430746516564
0.0141,96.41967334133062
0.0142,96.47503921749562
0.0143,96.50733597859185
0.0144,96.5396327396881
0.0145,96.56731567777061
0.0146,96.59961243886684
0.0147,96.62268155393559
0.0148,96.64575066900434
0.0149,96.68727507612807
0.015,96.72418566023808
0.0151,96.75186859832057
0.0152,96.77955153640306
0.0153,96.82568976654056
0.0154,96.85337270462306
0.0155,96.88105564270555
0.0156,96.89951093476054
0.0157,96.92258004982929
0.0159,96.97794592599428
0.016,97.00101504106303
0.0161,97.02408415613178
0.0162,97.06099474024177
0.0163,97.06560856325551
0.0164,97.093291501338
0.0165,97.11636061640675
0.0166,97.64233643997416
0.0167,97.65617790901541
0.0168,97.67001937805667
0.0169,97.67924702408416
0.0171,97.68847467011166
0.0172,97.7207714312079
0.0173,97.72999907723539
0.0174,97.7576820153179
0.0175,97.77613730737289
0.0176,97.78075113038663
0.0177,97.78536495340039
0.0178,97.78997877641413
0.0179,97.79920642244163
0.018,97.83150318353788
0.0181,97.85918612162038
0.0183,97.87764141367538
0.0184,97.94684875888161
0.0186,97.9929869890191
0.0189,98.0022146350466
0.0191,98.02528375011535
0.0192,98.05296668819784
0.0194,98.0668081572391
0.0195,98.08987727230783
0.0196,98.09449109532157
0.0197,98.10371874134908
0.0199,98.11756021039034
0.02,98.18215373258282
0.0203,98.18676755559656
0.0206,98.21906431669282
0.0207,98.22829196272032
0.0208,98.27904401587155
0.0211,98.29749930792656
0.0214,98.30672695395405
0.0215,98.32518224600905
0.0217,98.32979606902279
0.0218,98.33902371505029
0.022,98.34825136107779
0.0221,98.35286518409154
0.0223,98.38516194518778
0.0225,98.41745870628402
0.0226,98.44514164436652
0.0227,98.45436929039401
0.0228,98.46821075943527
0.0229,98.47743840546276
0.023,98.48205222847652
0.0233,98.48666605149027
0.0235,98.49127987450402
0.0237,98.51434898957277
0.0238,98.51896281258651
0.0239,98.52357663560026
0.0241,98.53280428162776
0.0242,98.546645750669
0.0243,98.56048721971024
0.0244,98.565101042724
0.0247,98.57894251176525
0.0248,98.5927839808065
0.0249,98.59739780382024
0.0291,98.97573129094768
0.0306,98.98034511396143
0.0333,99.04955245916767
0.0349,99.07262157423641
0.0416,99.0818492202639
0.0583,99.79699178739504
0.1666,99.84774384054627
0.2916,100.0
