0.0065,1
0.0069,5
0.007,32
0.0071,40
0.0072,51
0.0073,34
0.0074,84
0.0075,124
0.0076,104
0.0077,150
0.0078,159
0.0079,152
0.008,200
0.0081,270
0.0082,240
0.0083,286
0.0084,303
0.0085,271
0.0086,305
0.0087,294
0.0088,299
0.0089,390
0.009,373
0.0091,406
0.0092,363
0.0093,326
0.0094,422
0.0095,359
0.0096,394
0.0097,314
0.0098,342
0.0099,329
0.01,406
0.0101,415
0.0102,331
0.0103,387
0.0104,431
0.0105,366
0.0106,379
0.0107,366
0.0108,394
0.0109,347
0.011,341
0.0111,384
0.0112,344
0.0113,328
0.0114,342
0.0115,321
0.0116,352
0.0117,337
0.0118,333
0.0119,327
0.012,385
0.0121,315
0.0122,311
0.0123,290
0.0124,278
0.0125,283
0.0126,286
0.0127,272
0.0128,273
0.0129,272
0.013,258
0.0131,231
0.0132,185
0.0133,177
0.0134,202
0.0135,234
0.0136,162
0.0137,168
0.0138,166
0.0139,179
0.014,190
0.0141,186
0.0142,187
0.0143,141
0.0144,194
0.0145,201
0.0146,157
0.0147,201
0.0148,171
0.0149,195
0.015,166
0.0151,150
0.0152,175
0.0153,173
0.0154,148
0.0155,129
0.0156,137
0.0157,136
0.0158,149
0.0159,162
0.016,171
0.0161,149
0.0162,154
0.0163,139
0.0164,142
0.0165,118
0.0166,112
0.0167,113
0.0168,135
0.0169,117
0.017,132
0.0171,112
0.0172,116
0.0173,88
0.0174,98
0.0175,82
0.0176,100
0.0177,97
0.0178,77
0.0179,98
0.018,84
0.0181,99
0.0182,95
0.0183,117
0.0184,78
0.0185,77
0.0186,100
0.0187,83
0.0188,92
0.0189,69
0.019,101
0.0191,73
0.0192,67
0.0193,82
0.0194,61
0.0195,91
0.0196,57
0.0197,66
0.0198,79
0.0199,90
0.02,181
0.0201,51
0.0202,44
0.0203,38
0.0204,61
0.0205,42
0.0206,44
0.0207,57
0.0208,34
0.0209,54
0.021,38
0.0211,47
0.0212,36
0.0213,38
0.0214,40
0.0215,43
0.0216,30
0.0217,43
0.0218,28
0.0219,49
0.022,22
0.0221,34
0.0222,39
0.0223,27
0.0224,44
0.0225,42
0.0226,39
0.0227,37
0.0228,29
0.0229,20
0.023,41
0.0231,25
0.0232,36
0.0233,39
0.0234,35
0.0235,27
0.0236,35
0.0237,33
0.0238,29
0.0239,34
0.024,35
0.0241,29
0.0242,21
0.0243,38
0.0244,39
0.0245,15
0.0246,21
0.0247,54
0.0248,32
0.0249,20
0.025,69
0.0251,26
0.0252,20
0.0253,22
0.0254,25
0.0255,37
0.0256,20
0.0257,23
0.0258,21
0.0259,28
0.026,22
0.0261,19
0.0262,18
0.0263,16
0.0264,20
0.0265,24
0.0266,11
0.0267,20
0.0268,34
0.0269,16
0.027,14
0.0271,19
0.0272,17
0.0273,12
0.0274,14
0.0275,35
0.0276,14
0.0277,13
0.0278,13
0.0279,12
0.028,15
0.0281,13
0.0282,5
0.0283,15
0.0284,15
0.0285,12
0.0286,23
0.0287,10
0.0288,16
0.0289,9
0.029,12
0.0291,12
0.0292,11
0.0293,18
0.0294,11
0.0295,7
0.0296,8
0.0297,9
0.0298,13
0.0299,12
0.03,14
0.0301,15
0.0302,14
0.0303,5
0.0304,2
0.0305,12
0.0306,5
0.0307,12
0.0308,7
0.0309,16
0.031,7
0.0311,13
0.0312,12
0.0313,10
0.0314,9
0.0315,16
0.0316,10
0.0317,5
0.0318,12
0.0319,3
0.032,10
0.0321,13
0.0322,5
0.0323,7
0.0324,8
0.0325,11
0.0327,4
0.0328,15
0.0329,15
0.033,12
0.0331,12
0.0332,28
0.0333,7
0.0334,6
0.0335,2
0.0336,9
0.0337,4
0.0338,20
0.0339,12
0.034,19
0.0341,3
0.0342,2
0.0343,8
0.0344,5
0.0345,14
0.0346,7
0.0347,8
0.0348,11
0.0349,10
0.035,8
0.0351,7
0.0352,5
0.0353,8
0.0354,10
0.0355,1
0.0356,5
0.0357,5
0.0358,11
0.0359,12
0.036,8
0.0361,14
0.0362,2
0.0363,6
0.0364,2
0.0365,8
0.0366,3
0.0367,14
0.0368,8
0.0369,6
0.037,5
0.0371,5
0.0372,4
0.0373,12
0.0374,4
0.0375,10
0.0376,6
0.0377,8
0.0378,4
0.0379,6
0.038,4
0.0381,22
0.0382,2
0.0383,1
0.0384,4
0.0385,71
0.0386,2
0.0387,5
0.0388,4
0.0389,10
0.039,2
0.0392,11
0.0393,3
0.0394,6
0.0395,8
0.0396,3
0.0397,6
0.0398,6
0.0399,6
0.04,5
0.0401,5
0.0402,2
0.0404,6
0.0405,3
0.0406,4
0.0407,1
0.0408,10
0.0409,7
0.041,2
0.0411,4
0.0412,2
0.0414,6
0.0415,1
0.0416,4
0.0417,2
0.0418,5
0.0419,21
0.042,2
0.0421,2
0.0423,2
0.0424,4
0.0425,17
0.0427,3
0.0428,2
0.0429,5
0.043,2
0.0431,3
0.0432,4
0.0433,2
0.0434,5
0.0435,6
0.0436,1
0.0437,5
0.0438,6
0.0439,5
0.044,3
0.0442,3
0.0443,2
0.0444,1
0.0446,2
0.0447,3
0.0448,3
0.0449,5
0.045,2
0.0451,2
0.0452,3
0.0453,15
0.0455,2
0.0456,1
0.0457,2
0.0459,1
0.046,1
0.0462,3
0.0463,1
0.0465,1
0.0466,4
0.0467,2
0.0468,2
0.0469,1
0.047,4
0.0472,1
0.0473,10
0.0474,1
0.0475,3
0.0477,2
0.0479,5
0.0481,1
0.0482,4
0.0483,1
0.0484,1
0.0485,6
0.0486,2
0.0487,9
0.0488,1
0.0489,2
0.049,12
0.0491,1
0.0492,3
0.0493,3
0.0494,2
0.0497,1
0.0498,2
0.0499,3
0.05,18
0.0501,3
0.0502,3
0.0503,3
0.0504,1
0.0506,1
0.0507,1
0.0508,3
0.0512,2
0.0514,1
0.0515,3
0.0516,3
0.0518,2
0.0519,3
0.052,2
0.0521,2
0.0522,5
0.0523,1
0.0524,1
0.0526,2
0.0527,2
0.0528,3
0.0529,2
0.053,4
0.0531,1
0.0532,69
0.0533,2
0.0534,4
0.0535,1
0.0538,1
0.0539,1
0.054,1
0.0543,2
0.0544,4
0.0549,1
0.055,2
0.0552,2
0.0554,2
0.0557,1
0.056,2
0.0561,2
0.0563,4
0.0564,5
0.0565,3
0.0566,2
0.0567,1
0.0568,3
0.0569,2
0.0571,1
0.0572,1
0.0573,2
0.0575,1
0.0577,2
0.0584,1
0.0585,2
0.0586,1
0.0587,1
0.0589,2
0.059,1
0.0591,1
0.0592,2
0.0593,2
0.0594,3
0.0595,2
0.0596,1
0.0597,2
0.0598,1
0.06,1
0.0601,3
0.0603,1
0.0605,1
0.0607,2
0.0608,1
0.061,1
0.0611,2
0.0612,1
0.0613,10
0.0614,5
0.0615,2
0.0617,3
0.0625,7
0.0665,69
0.0675,1
0.0699,139
0.0711,1
0.0735,80
0.0747,1
0.075,1
0.0753,60
0.078,9
0.0798,4
0.1,2
0.126,1
0.15,14
0.26,25
0.2799,18
0.315,3
0.3301,2
0.7,63
